t_rel_s,t_unix,cycle,phase,setpoint_n,force_net_n,q1,q2,q3,q4,q5,q6,tcp_x,tcp_y,tcp_z,taxel_0,taxel_1,taxel_2,taxel_3,taxel_4,taxel_5,taxel_6,taxel_7,taxel_8,taxel_9,taxel_10,taxel_11,taxel_12,taxel_13,taxel_14,taxel_15,taxel_16,taxel_17,taxel_18,taxel_19,taxel_20,taxel_21,taxel_22,taxel_23,taxel_24,n_RA,n_SA,cn_mm,cn_ra,cn_sa
0.0055,1783969851.7723,1,0,0.5000,-0.0000,1.42244,0.00067,-2.63054,1.05916,1.57081,0.11674,-0.12763,-0.48153,0.03738,,,,,,,,,,,,,,,,,,,,,,,,,,0,0,0,0,0
0.0172,1783969851.7840,1,0,0.5000,-0.0000,1.42244,0.00067,-2.63054,1.05916,1.57081,0.11674,-0.12763,-0.48153,0.03738,,,,,,,,,,,,,,,,,,,,,,,,,,0,0,0,0,0
0.0276,1783969851.7944,1,0,0.5000,-0.0000,1.42244,0.00068,-2.63054,1.05915,1.57081,0.11675,-0.12763,-0.48153,0.03738,,,,,,,,,,,,,,,,,,,,,,,,,,0,0,0,0,0
0.0348,1783969851.8016,1,0,0.5000,-0.0000,1.42244,0.00068,-2.63054,1.05914,1.57081,0.11675,-0.12763,-0.48153,0.03738,,,,,,,,,,,,,,,,,,,,,,,,,,0,0,0,0,0
0.0424,1783969851.8092,1,0,0.5000,-0.0000,1.42244,0.00069,-2.63054,1.05912,1.57080,0.11675,-0.12763,-0.48153,0.03738,,,,,,,,,,,,,,,,,,,,,,,,,,0,0,0,0,0
0.0542,1783969851.8210,1,0,0.5000,-0.0000,1.42244,0.00070,-2.63053,1.05909,1.57080,0.11675,-0.12763,-0.48152,0.03738,,,,,,,,,,,,,,,,,,,,,,,,,,0,0,0,0,0
0.0678,1783969851.8345,1,0,0.5000,-0.0000,1.42244,0.00071,-2.63053,1.05907,1.57080,0.11675,-0.12764,-0.48152,0.03738,,,,,,,,,,,,,,,,,,,,,,,,,,0,0,0,0,0
0.0734,1783969851.8401,1,0,0.5000,-0.0000,1.42244,0.00071,-2.63053,1.05907,1.57080,0.11675,-0.12764,-0.48152,0.03738,,,,,,,,,,,,,,,,,,,,,,,,,,0,0,0,0,0
0.0836,1783969851.8504,1,0,0.5000,-0.0000,1.42244,0.00071,-2.63053,1.05907,1.57080,0.11675,-0.12764,-0.48152,0.03738,,,,,,,,,,,,,,,,,,,,,,,,,,0,0,0,0,0
0.0944,1783969851.8612,1,0,0.5000,-0.0000,1.42244,0.00071,-2.63053,1.05907,1.57080,0.11675,-0.12764,-0.48152,0.03738,,,,,,,,,,,,,,,,,,,,,,,,,,0,0,0,0,0
0.1083,1783969851.8751,1,0,0.5000,-0.0000,1.42244,0.00071,-2.63053,1.05907,1.57080,0.11675,-0.12764,-0.48152,0.03738,,,,,,,,,,,,,,,,,,,,,,,,,,0,0,0,0,0
0.1139,1783969851.8807,1,0,0.5000,-0.0000,1.42244,0.00071,-2.63053,1.05907,1.57080,0.11675,-0.12764,-0.48152,0.03738,,,,,,,,,,,,,,,,,,,,,,,,,,0,0,0,0,0
0.1142,1783969851.8810,1,0,0.5000,-0.0000,1.42244,0.00071,-2.63053,1.05907,1.57080,0.11675,-0.12764,-0.48152,0.03738,,,,,,,,,,,,,,,,,,,,,,,,,,0,0,0,0,0
0.1236,1783969851.8904,1,0,0.5000,-0.0000,1.42244,0.00071,-2.63053,1.05907,1.57080,0.11675,-0.12764,-0.48152,0.03738,,,,,,,,,,,,,,,,,,,,,,,,,,0,0,0,0,0
0.1350,1783969851.9017,1,0,0.5000,-0.0000,1.42244,0.00071,-2.63053,1.05907,1.57080,0.11675,-0.12764,-0.48152,0.03738,,,,,,,,,,,,,,,,,,,,,,,,,,0,0,0,0,0
0.1471,1783969851.9138,1,0,0.5000,-0.0000,1.42244,0.00071,-2.63053,1.05907,1.57080,0.11675,-0.12764,-0.48152,0.03738,,,,,,,,,,,,,,,,,,,,,,,,,,0,0,0,0,0
0.1554,1783969851.9222,1,0,0.5000,-0.0000,1.42244,0.00071,-2.63053,1.05907,1.57080,0.11675,-0.12764,-0.48152,0.03738,,,,,,,,,,,,,,,,,,,,,,,,,,0,0,0,0,0
0.1644,1783969851.9312,1,0,0.5000,-0.0000,1.42244,0.00071,-2.63053,1.05907,1.57080,0.11675,-0.12764,-0.48152,0.03738,,,,,,,,,,,,,,,,,,,,,,,,,,0,0,0,0,0
0.1744,1783969851.9412,1,0,0.5000,-0.0000,1.42244,0.00071,-2.63053,1.05907,1.57080,0.11675,-0.12764,-0.48152,0.03738,,,,,,,,,,,,,,,,,,,,,,,,,,0,0,0,0,0
0.1749,1783969851.9417,1,0,0.5000,-0.0000,1.42244,0.00071,-2.63053,1.05907,1.57080,0.11675,-0.12764,-0.48152,0.03738,,,,,,,,,,,,,,,,,,,,,,,,,,0,0,0,0,0
0.1875,1783969851.9543,1,0,0.5000,-0.0000,1.42244,0.00071,-2.63053,1.05907,1.57080,0.11675,-0.12764,-0.48152,0.03738,,,,,,,,,,,,,,,,,,,,,,,,,,0,0,0,0,0
0.2250,1783969851.9917,1,0,0.5000,-0.0000,1.42244,0.00071,-2.63053,1.05907,1.57080,0.11675,-0.12764,-0.48152,0.03738,,,,,,,,,,,,,,,,,,,,,,,,,,0,0,0,0,0
0.2262,1783969851.9929,1,0,0.5000,-0.0000,1.42244,0.00071,-2.63053,1.05907,1.57080,0.11675,-0.12764,-0.48152,0.03738,,,,,,,,,,,,,,,,,,,,,,,,,,0,0,0,0,0
0.2276,1783969851.9944,1,0,0.5000,-0.0000,1.42244,0.00071,-2.63053,1.05907,1.57080,0.11675,-0.12764,-0.48152,0.03738,,,,,,,,,,,,,,,,,,,,,,,,,,0,0,0,0,0
0.2279,1783969851.9947,1,0,0.5000,-0.0000,1.42244,0.00071,-2.63053,1.05907,1.57080,0.11675,-0.12764,-0.48152,0.03738,,,,,,,,,,,,,,,,,,,,,,,,,,0,0,0,0,0
0.2288,1783969851.9955,1,0,0.5000,-0.0000,1.42244,0.00071,-2.63053,1.05907,1.57080,0.11675,-0.12764,-0.48152,0.03738,,,,,,,,,,,,,,,,,,,,,,,,,,0,0,0,0,0
0.2291,1783969851.9959,1,0,0.5000,-0.0000,1.42244,0.00071,-2.63053,1.05907,1.57080,0.11675,-0.12764,-0.48152,0.03738,,,,,,,,,,,,,,,,,,,,,,,,,,0,0,0,0,0
0.2380,1783969852.0048,1,0,0.5000,-0.0000,1.42244,0.00071,-2.63053,1.05907,1.57080,0.11675,-0.12764,-0.48152,0.03738,,,,,,,,,,,,,,,,,,,,,,,,,,0,0,0,0,0
0.2494,1783969852.0162,1,0,0.5000,-0.0000,1.42244,0.00071,-2.63053,1.05907,1.57080,0.11675,-0.12764,-0.48152,0.03738,,,,,,,,,,,,,,,,,,,,,,,,,,0,0,0,0,0
0.2542,1783969852.0209,1,0,0.5000,-0.0000,1.42244,0.00071,-2.63053,1.05907,1.57080,0.11675,-0.12764,-0.48152,0.03738,,,,,,,,,,,,,,,,,,,,,,,,,,0,0,0,0,0
0.2545,1783969852.0213,1,0,0.5000,-0.0000,1.42244,0.00071,-2.63053,1.05907,1.57080,0.11675,-0.12764,-0.48152,0.03738,,,,,,,,,,,,,,,,,,,,,,,,,,0,0,0,0,0
0.2668,1783969852.0336,1,0,0.5000,-0.0000,1.42244,0.00071,-2.63053,1.05907,1.57080,0.11675,-0.12764,-0.48152,0.03738,,,,,,,,,,,,,,,,,,,,,,,,,,0,0,0,0,0
0.2732,1783969852.0399,1,0,0.5000,-0.0000,1.42244,0.00071,-2.63053,1.05907,1.57080,0.11675,-0.12764,-0.48152,0.03738,,,,,,,,,,,,,,,,,,,,,,,,,,0,0,0,0,0
0.2848,1783969852.0516,1,0,0.5000,-0.0000,1.42244,0.00071,-2.63053,1.05907,1.57080,0.11675,-0.12764,-0.48152,0.03738,,,,,,,,,,,,,,,,,,,,,,,,,,0,0,0,0,0
0.2950,1783969852.0618,1,0,0.5000,-0.0000,1.42244,0.00071,-2.63053,1.05907,1.57080,0.11675,-0.12764,-0.48152,0.03738,,,,,,,,,,,,,,,,,,,,,,,,,,0,0,0,0,0
0.3039,1783969852.0707,1,0,0.5000,-0.0000,1.42244,0.00071,-2.63053,1.05907,1.57080,0.11675,-0.12764,-0.48152,0.03738,,,,,,,,,,,,,,,,,,,,,,,,,,0,0,0,0,0
0.3043,1783969852.0711,1,0,0.5000,-0.0000,1.42244,0.00071,-2.63053,1.05907,1.57080,0.11675,-0.12764,-0.48152,0.03738,,,,,,,,,,,,,,,,,,,,,,,,,,0,0,0,0,0
0.3155,1783969852.0823,1,0,0.5000,-0.0000,1.42244,0.00071,-2.63053,1.05907,1.57080,0.11675,-0.12764,-0.48152,0.03738,,,,,,,,,,,,,,,,,,,,,,,,,,0,0,0,0,0
0.3320,1783969852.0988,1,0,0.5000,-0.0000,1.42244,0.00071,-2.63053,1.05907,1.57080,0.11675,-0.12764,-0.48152,0.03738,,,,,,,,,,,,,,,,,,,,,,,,,,0,0,0,0,0
0.3355,1783969852.1023,1,0,0.5000,-0.0000,1.42244,0.00071,-2.63053,1.05907,1.57080,0.11675,-0.12764,-0.48152,0.03738,,,,,,,,,,,,,,,,,,,,,,,,,,0,0,0,0,0
0.3449,1783969852.1117,1,0,0.5000,-0.0000,1.42244,0.00071,-2.63053,1.05907,1.57080,0.11675,-0.12764,-0.48152,0.03738,,,,,,,,,,,,,,,,,,,,,,,,,,0,0,0,0,0
0.3532,1783969852.1200,1,0,0.5000,-0.0000,1.42244,0.00071,-2.63053,1.05907,1.57080,0.11675,-0.12764,-0.48152,0.03738,,,,,,,,,,,,,,,,,,,,,,,,,,0,0,0,0,0
0.3537,1783969852.1204,1,0,0.5000,-0.0000,1.42244,0.00071,-2.63053,1.05907,1.57080,0.11675,-0.12764,-0.48152,0.03738,,,,,,,,,,,,,,,,,,,,,,,,,,0,0,0,0,0
0.3637,1783969852.1305,1,0,0.5000,-0.0000,1.42244,0.00071,-2.63053,1.05907,1.57080,0.11675,-0.12764,-0.48152,0.03738,,,,,,,,,,,,,,,,,,,,,,,,,,0,0,0,0,0
0.3751,1783969852.1418,1,0,0.5000,-0.0000,1.42244,0.00071,-2.63053,1.05907,1.57080,0.11675,-0.12764,-0.48152,0.03738,,,,,,,,,,,,,,,,,,,,,,,,,,0,0,0,0,0
0.3867,1783969852.1535,1,0,0.5000,-0.0000,1.42244,0.00071,-2.63053,1.05907,1.57080,0.11675,-0.12764,-0.48152,0.03738,,,,,,,,,,,,,,,,,,,,,,,,,,0,0,0,0,0
0.3951,1783969852.1619,1,0,0.5000,-0.0000,1.42244,0.00071,-2.63053,1.05907,1.57080,0.11675,-0.12764,-0.48152,0.03738,,,,,,,,,,,,,,,,,,,,,,,,,,0,0,0,0,0
0.4069,1783969852.1737,1,0,0.5000,-0.0000,1.42244,0.00071,-2.63053,1.05907,1.57080,0.11675,-0.12764,-0.48152,0.03738,,,,,,,,,,,,,,,,,,,,,,,,,,0,0,0,0,0
0.4178,1783969852.1846,1,0,0.5000,-0.0000,1.42244,0.00071,-2.63053,1.05907,1.57080,0.11675,-0.12764,-0.48152,0.03738,,,,,,,,,,,,,,,,,,,,,,,,,,0,0,0,0,0
0.4281,1783969852.1949,1,0,0.5000,-0.0000,1.42244,0.00071,-2.63053,1.05907,1.57080,0.11675,-0.12764,-0.48152,0.03738,,,,,,,,,,,,,,,,,,,,,,,,,,0,0,0,0,0
0.4380,1783969852.2048,1,0,0.5000,-0.0000,1.42244,0.00071,-2.63053,1.05907,1.57080,0.11675,-0.12764,-0.48152,0.03738,,,,,,,,,,,,,,,,,,,,,,,,,,0,0,0,0,0
0.4451,1783969852.2119,1,0,0.5000,-0.0000,1.42244,0.00071,-2.63053,1.05907,1.57080,0.11675,-0.12764,-0.48152,0.03738,,,,,,,,,,,,,,,,,,,,,,,,,,0,0,0,0,0
0.4459,1783969852.2127,1,0,0.5000,-0.0000,1.42244,0.00071,-2.63053,1.05907,1.57080,0.11675,-0.12764,-0.48152,0.03738,,,,,,,,,,,,,,,,,,,,,,,,,,0,0,0,0,0
0.4569,1783969852.2237,1,0,0.5000,-0.0000,1.42244,0.00071,-2.63053,1.05907,1.57080,0.11675,-0.12764,-0.48152,0.03738,,,,,,,,,,,,,,,,,,,,,,,,,,0,0,0,0,0
0.4807,1783969852.2475,1,0,0.5000,-0.0000,1.42244,0.00071,-2.63053,1.05907,1.57080,0.11675,-0.12764,-0.48152,0.03738,,,,,,,,,,,,,,,,,,,,,,,,,,0,0,0,0,0
0.4828,1783969852.2496,1,0,0.5000,-0.0000,1.42244,0.00071,-2.63053,1.05907,1.57080,0.11675,-0.12764,-0.48152,0.03738,,,,,,,,,,,,,,,,,,,,,,,,,,0,0,0,0,0
0.4833,1783969852.2501,1,0,0.5000,-0.0000,1.42244,0.00071,-2.63053,1.05907,1.57080,0.11675,-0.12764,-0.48152,0.03738,,,,,,,,,,,,,,,,,,,,,,,,,,0,0,0,0,0
0.4979,1783969852.2647,1,0,0.5000,-0.0000,1.42244,0.00071,-2.63053,1.05907,1.57080,0.11675,-0.12764,-0.48152,0.03738,,,,,,,,,,,,,,,,,,,,,,,,,,0,0,0,0,0
0.4982,1783969852.2649,1,0,0.5000,-0.0000,1.42244,0.00071,-2.63053,1.05907,1.57080,0.11675,-0.12764,-0.48152,0.03738,,,,,,,,,,,,,,,,,,,,,,,,,,0,0,0,0,0
0.5228,1783969852.2895,1,0,0.5000,-0.0000,1.42244,0.00071,-2.63053,1.05907,1.57080,0.11675,-0.12764,-0.48152,0.03738,,,,,,,,,,,,,,,,,,,,,,,,,,0,0,0,0,0
0.5278,1783969852.2946,1,0,0.5000,-0.0000,1.42244,0.00071,-2.63053,1.05907,1.57080,0.11675,-0.12764,-0.48152,0.03738,,,,,,,,,,,,,,,,,,,,,,,,,,0,0,0,0,0
0.5292,1783969852.2959,1,0,0.5000,-0.0000,1.42244,0.00071,-2.63053,1.05907,1.57080,0.11675,-0.12764,-0.48152,0.03738,,,,,,,,,,,,,,,,,,,,,,,,,,0,0,0,0,0
0.5298,1783969852.2965,1,0,0.5000,-0.0000,1.42244,0.00071,-2.63053,1.05907,1.57080,0.11675,-0.12764,-0.48152,0.03738,,,,,,,,,,,,,,,,,,,,,,,,,,0,0,0,0,0
0.5299,1783969852.2967,1,0,0.5000,-0.0000,1.42244,0.00071,-2.63053,1.05907,1.57080,0.11675,-0.12764,-0.48152,0.03738,,,,,,,,,,,,,,,,,,,,,,,,,,0,0,0,0,0
0.5465,1783969852.3133,1,0,0.5000,-0.0000,1.42244,0.00071,-2.63053,1.05907,1.57080,0.11675,-0.12764,-0.48152,0.03738,,,,,,,,,,,,,,,,,,,,,,,,,,0,0,0,0,0
0.5594,1783969852.3262,1,0,0.5000,-0.0000,1.42244,0.00071,-2.63053,1.05907,1.57080,0.11675,-0.12764,-0.48152,0.03738,,,,,,,,,,,,,,,,,,,,,,,,,,0,0,0,0,0
0.5608,1783969852.3276,1,0,0.5000,-0.0000,1.42244,0.00071,-2.63053,1.05907,1.57080,0.11675,-0.12764,-0.48152,0.03738,,,,,,,,,,,,,,,,,,,,,,,,,,0,0,0,0,0
0.5611,1783969852.3279,1,0,0.5000,-0.0000,1.42244,0.00071,-2.63053,1.05907,1.57080,0.11675,-0.12764,-0.48152,0.03738,,,,,,,,,,,,,,,,,,,,,,,,,,0,0,0,0,0
0.5673,1783969852.3341,1,0,0.5000,-0.0000,1.42244,0.00071,-2.63053,1.05907,1.57080,0.11675,-0.12764,-0.48152,0.03738,,,,,,,,,,,,,,,,,,,,,,,,,,0,0,0,0,0
0.5809,1783969852.3476,1,0,0.5000,-0.0000,1.42244,0.00071,-2.63053,1.05907,1.57080,0.11675,-0.12764,-0.48152,0.03738,,,,,,,,,,,,,,,,,,,,,,,,,,0,0,0,0,0
0.5865,1783969852.3533,1,0,0.5000,-0.0000,1.42244,0.00071,-2.63053,1.05907,1.57080,0.11675,-0.12764,-0.48152,0.03738,,,,,,,,,,,,,,,,,,,,,,,,,,0,0,0,0,0
0.5869,1783969852.3537,1,0,0.5000,-0.0000,1.42244,0.00071,-2.63053,1.05907,1.57080,0.11675,-0.12764,-0.48152,0.03738,,,,,,,,,,,,,,,,,,,,,,,,,,0,0,0,0,0
0.5991,1783969852.3659,1,0,0.5000,-0.0000,1.42244,0.00071,-2.63053,1.05907,1.57080,0.11675,-0.12764,-0.48152,0.03738,,,,,,,,,,,,,,,,,,,,,,,,,,0,0,0,0,0
0.5994,1783969852.3662,1,0,0.5000,-0.0000,1.42244,0.00071,-2.63053,1.05907,1.57080,0.11675,-0.12764,-0.48152,0.03738,,,,,,,,,,,,,,,,,,,,,,,,,,0,0,0,0,0
0.6074,1783969852.3742,1,0,0.5000,-0.0000,1.42244,0.00071,-2.63053,1.05907,1.57080,0.11675,-0.12764,-0.48152,0.03738,,,,,,,,,,,,,,,,,,,,,,,,,,0,0,0,0,0
0.6190,1783969852.3857,1,0,0.5000,-0.0000,1.42244,0.00071,-2.63053,1.05907,1.57080,0.11675,-0.12764,-0.48152,0.03738,,,,,,,,,,,,,,,,,,,,,,,,,,0,0,0,0,0
0.6194,1783969852.3862,1,0,0.5000,-0.0000,1.42244,0.00071,-2.63053,1.05907,1.57080,0.11675,-0.12764,-0.48152,0.03738,,,,,,,,,,,,,,,,,,,,,,,,,,0,0,0,0,0
0.6303,1783969852.3971,1,0,0.5000,-0.0000,1.42244,0.00071,-2.63053,1.05907,1.57080,0.11675,-0.12764,-0.48152,0.03738,,,,,,,,,,,,,,,,,,,,,,,,,,0,0,0,0,0
0.6305,1783969852.3973,1,0,0.5000,-0.0000,1.42244,0.00071,-2.63053,1.05907,1.57080,0.11675,-0.12764,-0.48152,0.03738,,,,,,,,,,,,,,,,,,,,,,,,,,0,0,0,0,0
0.6379,1783969852.4047,1,0,0.5000,-0.0000,1.42244,0.00071,-2.63053,1.05907,1.57080,0.11675,-0.12764,-0.48152,0.03738,,,,,,,,,,,,,,,,,,,,,,,,,,0,0,0,0,0
0.6472,1783969852.4139,1,0,0.5000,-0.0000,1.42244,0.00071,-2.63053,1.05907,1.57080,0.11675,-0.12764,-0.48152,0.03738,,,,,,,,,,,,,,,,,,,,,,,,,,0,0,0,0,0
0.6474,1783969852.4142,1,0,0.5000,-0.0000,1.42244,0.00071,-2.63053,1.05907,1.57080,0.11675,-0.12764,-0.48152,0.03738,,,,,,,,,,,,,,,,,,,,,,,,,,0,0,0,0,0
0.6585,1783969852.4253,1,0,0.5000,-0.0000,1.42244,0.00071,-2.63053,1.05907,1.57080,0.11675,-0.12764,-0.48152,0.03738,,,,,,,,,,,,,,,,,,,,,,,,,,0,0,0,0,0
0.6665,1783969852.4333,1,0,0.5000,-0.0000,1.42244,0.00071,-2.63053,1.05907,1.57080,0.11675,-0.12764,-0.48152,0.03738,,,,,,,,,,,,,,,,,,,,,,,,,,0,0,0,0,0
0.6669,1783969852.4337,1,0,0.5000,-0.0000,1.42244,0.00071,-2.63053,1.05907,1.57080,0.11675,-0.12764,-0.48152,0.03738,,,,,,,,,,,,,,,,,,,,,,,,,,0,0,0,0,0
0.6802,1783969852.4470,1,0,0.5000,-0.0000,1.42244,0.00071,-2.63053,1.05907,1.57080,0.11675,-0.12764,-0.48152,0.03738,,,,,,,,,,,,,,,,,,,,,,,,,,0,0,0,0,0
0.6930,1783969852.4598,1,0,0.5000,-0.0000,1.42244,0.00071,-2.63053,1.05907,1.57080,0.11675,-0.12764,-0.48152,0.03738,,,,,,,,,,,,,,,,,,,,,,,,,,0,0,0,0,0
0.6998,1783969852.4666,1,0,0.5000,-0.0000,1.42244,0.00071,-2.63053,1.05907,1.57080,0.11675,-0.12764,-0.48152,0.03738,,,,,,,,,,,,,,,,,,,,,,,,,,0,0,0,0,0
0.7002,1783969852.4670,1,0,0.5000,-0.0000,1.42244,0.00071,-2.63053,1.05907,1.57080,0.11675,-0.12764,-0.48152,0.03738,,,,,,,,,,,,,,,,,,,,,,,,,,0,0,0,0,0
0.7056,1783969852.4724,1,0,0.5000,-0.0000,1.42244,0.00071,-2.63053,1.05907,1.57080,0.11675,-0.12764,-0.48152,0.03738,,,,,,,,,,,,,,,,,,,,,,,,,,0,0,0,0,0
0.7232,1783969852.4900,1,0,0.5000,-0.0000,1.42244,0.00071,-2.63053,1.05907,1.57080,0.11675,-0.12764,-0.48152,0.03738,,,,,,,,,,,,,,,,,,,,,,,,,,0,0,0,0,0
0.7339,1783969852.5007,1,1,0.5000,-0.0000,1.42244,0.00071,-2.63053,1.05907,1.57080,0.11675,-0.12764,-0.48152,0.03738,,,,,,,,,,,,,,,,,,,,,,,,,,0,0,0,0,0
0.7373,1783969852.5041,1,1,0.5000,-0.0000,1.42244,0.00071,-2.63053,1.05907,1.57080,0.11675,-0.12764,-0.48152,0.03738,,,,,,,,,,,,,,,,,,,,,,,,,,0,0,0,0,0
0.7381,1783969852.5048,1,1,0.5000,-0.0000,1.42244,0.00071,-2.63053,1.05907,1.57080,0.11675,-0.12764,-0.48152,0.03738,,,,,,,,,,,,,,,,,,,,,,,,,,0,0,0,0,0
0.7491,1783969852.5159,1,1,0.5000,-0.0000,1.42244,0.00071,-2.63053,1.05907,1.57080,0.11675,-0.12764,-0.48152,0.03738,,,,,,,,,,,,,,,,,,,,,,,,,,0,0,0,0,0
0.7615,1783969852.5283,1,1,0.5000,-0.0000,1.42244,0.00071,-2.63053,1.05907,1.57080,0.11675,-0.12764,-0.48152,0.03738,,,,,,,,,,,,,,,,,,,,,,,,,,0,0,0,0,0
0.7672,1783969852.5339,1,1,0.5000,-0.0000,1.42244,0.00071,-2.63053,1.05907,1.57080,0.11675,-0.12764,-0.48152,0.03738,,,,,,,,,,,,,,,,,,,,,,,,,,0,0,0,0,0
0.7674,1783969852.5342,1,1,0.5000,-0.0000,1.42244,0.00071,-2.63053,1.05907,1.57080,0.11675,-0.12764,-0.48152,0.03738,,,,,,,,,,,,,,,,,,,,,,,,,,0,0,0,0,0
0.7795,1783969852.5463,1,1,0.5000,-0.0000,1.42244,0.00071,-2.63053,1.05907,1.57080,0.11675,-0.12764,-0.48152,0.03738,,,,,,,,,,,,,,,,,,,,,,,,,,0,0,0,0,0
0.7875,1783969852.5543,1,1,0.5000,-0.0000,1.42244,0.00071,-2.63053,1.05907,1.57080,0.11675,-0.12764,-0.48152,0.03738,,,,,,,,,,,,,,,,,,,,,,,,,,0,0,0,0,0
0.7881,1783969852.5548,1,1,0.5000,-0.0000,1.42244,0.00071,-2.63053,1.05907,1.57080,0.11675,-0.12764,-0.48152,0.03738,,,,,,,,,,,,,,,,,,,,,,,,,,0,0,0,0,0
0.7968,1783969852.5636,1,1,0.5000,-0.0000,1.42244,0.00071,-2.63053,1.05907,1.57080,0.11675,-0.12764,-0.48152,0.03738,,,,,,,,,,,,,,,,,,,,,,,,,,0,0,0,0,0
0.8062,1783969852.5730,1,1,0.5000,-0.0000,1.42244,0.00071,-2.63053,1.05907,1.57080,0.11675,-0.12764,-0.48152,0.03738,,,,,,,,,,,,,,,,,,,,,,,,,,0,0,0,0,0
0.8288,1783969852.5955,1,1,0.5000,-0.0000,1.42244,0.00071,-2.63053,1.05907,1.57080,0.11675,-0.12764,-0.48152,0.03738,,,,,,,,,,,,,,,,,,,,,,,,,,0,0,0,0,0
0.8386,1783969852.6054,1,1,0.5000,-0.0000,1.42244,0.00071,-2.63053,1.05907,1.57080,0.11675,-0.12764,-0.48152,0.03738,,,,,,,,,,,,,,,,,,,,,,,,,,0,0,0,0,0
0.8389,1783969852.6056,1,1,0.5000,-0.0000,1.42244,0.00071,-2.63053,1.05907,1.57080,0.11675,-0.12764,-0.48152,0.03738,,,,,,,,,,,,,,,,,,,,,,,,,,0,0,0,0,0
0.8520,1783969852.6187,1,1,0.5000,-0.0000,1.42244,0.00071,-2.63053,1.05907,1.57080,0.11675,-0.12764,-0.48152,0.03738,,,,,,,,,,,,,,,,,,,,,,,,,,0,0,0,0,0
0.8534,1783969852.6202,1,1,0.5000,-0.0000,1.42244,0.00071,-2.63053,1.05907,1.57080,0.11675,-0.12764,-0.48152,0.03738,,,,,,,,,,,,,,,,,,,,,,,,,,0,0,0,0,0
0.8630,1783969852.6298,1,1,0.5000,-0.0000,1.42244,0.00071,-2.63053,1.05907,1.57080,0.11675,-0.12764,-0.48152,0.03738,,,,,,,,,,,,,,,,,,,,,,,,,,0,0,0,0,0
0.8651,1783969852.6319,1,1,0.5000,-0.0000,1.42244,0.00071,-2.63053,1.05907,1.57080,0.11675,-0.12764,-0.48152,0.03738,,,,,,,,,,,,,,,,,,,,,,,,,,0,0,0,0,0
0.8656,1783969852.6324,1,1,0.5000,-0.0000,1.42244,0.00071,-2.63053,1.05907,1.57080,0.11675,-0.12764,-0.48152,0.03738,,,,,,,,,,,,,,,,,,,,,,,,,,0,0,0,0,0
0.8815,1783969852.6483,1,1,0.5000,-0.0000,1.42244,0.00071,-2.63053,1.05907,1.57080,0.11675,-0.12764,-0.48152,0.03738,,,,,,,,,,,,,,,,,,,,,,,,,,0,0,0,0,0
0.8856,1783969852.6524,1,1,0.5000,-0.0000,1.42244,0.00071,-2.63053,1.05907,1.57080,0.11675,-0.12764,-0.48152,0.03738,,,,,,,,,,,,,,,,,,,,,,,,,,0,0,0,0,0
0.9092,1783969852.6760,1,1,0.5000,-0.0000,1.42244,0.00071,-2.63053,1.05907,1.57080,0.11675,-0.12764,-0.48152,0.03738,,,,,,,,,,,,,,,,,,,,,,,,,,0,0,0,0,0
0.9096,1783969852.6764,1,1,0.5000,-0.0000,1.42244,0.00071,-2.63053,1.05907,1.57080,0.11675,-0.12764,-0.48152,0.03738,,,,,,,,,,,,,,,,,,,,,,,,,,0,0,0,0,0
0.9189,1783969852.6857,1,1,0.5000,-0.0000,1.42244,0.00071,-2.63053,1.05907,1.57080,0.11675,-0.12764,-0.48152,0.03738,,,,,,,,,,,,,,,,,,,,,,,,,,0,0,0,0,0
0.9279,1783969852.6946,1,1,0.5000,-0.0000,1.42244,0.00071,-2.63053,1.05907,1.57080,0.11675,-0.12764,-0.48152,0.03738,,,,,,,,,,,,,,,,,,,,,,,,,,0,0,0,0,0
0.9430,1783969852.7098,1,1,0.5000,-0.0000,1.42244,0.00071,-2.63053,1.05907,1.57080,0.11675,-0.12764,-0.48152,0.03738,,,,,,,,,,,,,,,,,,,,,,,,,,0,0,0,0,0
0.9477,1783969852.7145,1,1,0.5000,-0.0000,1.42244,0.00071,-2.63053,1.05907,1.57080,0.11675,-0.12764,-0.48152,0.03738,,,,,,,,,,,,,,,,,,,,,,,,,,0,0,0,0,0
0.9561,1783969852.7229,1,1,0.5000,-0.0000,1.42244,0.00071,-2.63053,1.05907,1.57080,0.11675,-0.12764,-0.48152,0.03738,,,,,,,,,,,,,,,,,,,,,,,,,,0,0,0,0,0
0.9678,1783969852.7346,1,1,0.5000,-0.0000,1.42244,0.00071,-2.63053,1.05907,1.57080,0.11675,-0.12764,-0.48152,0.03738,,,,,,,,,,,,,,,,,,,,,,,,,,0,0,0,0,0
0.9879,1783969852.7547,1,1,0.5000,-0.0000,1.42244,0.00071,-2.63053,1.05907,1.57080,0.11675,-0.12764,-0.48152,0.03738,,,,,,,,,,,,,,,,,,,,,,,,,,0,0,0,0,0
0.9910,1783969852.7578,1,1,0.5000,-0.0000,1.42244,0.00071,-2.63053,1.05907,1.57080,0.11675,-0.12764,-0.48152,0.03738,,,,,,,,,,,,,,,,,,,,,,,,,,0,0,0,0,0
0.9994,1783969852.7662,1,1,0.5000,-0.0000,1.42244,0.00071,-2.63053,1.05907,1.57080,0.11675,-0.12764,-0.48152,0.03738,,,,,,,,,,,,,,,,,,,,,,,,,,0,0,0,0,0
1.0105,1783969852.7773,1,1,0.5000,-0.0000,1.42244,0.00071,-2.63053,1.05907,1.57080,0.11675,-0.12764,-0.48152,0.03738,,,,,,,,,,,,,,,,,,,,,,,,,,0,0,0,0,0
1.0178,1783969852.7845,1,1,0.5000,-0.0000,1.42244,0.00071,-2.63053,1.05907,1.57080,0.11675,-0.12764,-0.48152,0.03738,,,,,,,,,,,,,,,,,,,,,,,,,,0,0,0,0,0
1.0301,1783969852.7969,1,1,0.5000,-0.0000,1.42244,0.00071,-2.63054,1.05907,1.57080,0.11675,-0.12764,-0.48152,0.03738,,,,,,,,,,,,,,,,,,,,,,,,,,0,0,0,0,0
1.0461,1783969852.8129,1,1,0.5000,-0.0000,1.42244,0.00070,-2.63055,1.05908,1.57080,0.11675,-0.12764,-0.48151,0.03737,,,,,,,,,,,,,,,,,,,,,,,,,,0,0,0,0,0
1.0505,1783969852.8173,1,1,0.5000,-0.0000,1.42244,0.00068,-2.63057,1.05909,1.57080,0.11675,-0.12764,-0.48150,0.03736,,,,,,,,,,,,,,,,,,,,,,,,,,0,0,0,0,0
1.0508,1783969852.8176,1,1,0.5000,-0.0000,1.42244,0.00068,-2.63057,1.05909,1.57080,0.11675,-0.12764,-0.48150,0.03736,,,,,,,,,,,,,,,,,,,,,,,,,,0,0,0,0,0
1.1591,1783969852.9259,1,1,0.5000,-0.0000,1.42244,0.00020,-2.63073,1.05963,1.57080,0.11675,-0.12765,-0.48145,0.03716,,,,,,,,,,,,,,,,,,,,,,,,,,0,0,0,0,0
1.1594,1783969852.9262,1,1,0.5000,-0.0000,1.42244,0.00020,-2.63073,1.05963,1.57080,0.11675,-0.12765,-0.48145,0.03716,,,,,,,,,,,,,,,,,,,,,,,,,,0,0,0,0,0
1.1818,1783969852.9485,1,1,0.5000,-0.0000,1.42244,0.00003,-2.63076,1.05982,1.57080,0.11675,-0.12765,-0.48145,0.03710,,,,,,,,,,,,,,,,,,,,,,,,,,0,0,0,0,0
1.1880,1783969852.9548,1,1,0.5000,-0.0000,1.42244,-0.00007,-2.63077,1.05994,1.57080,0.11675,-0.12764,-0.48145,0.03707,,,,,,,,,,,,,,,,,,,,,,,,,,0,0,0,0,0
1.1978,1783969852.9646,1,1,0.5000,-0.0000,1.42244,-0.00007,-2.63077,1.05995,1.57080,0.11675,-0.12764,-0.48145,0.03707,,,,,,,,,,,,,,,,,,,,,,,,,,0,0,0,0,0
1.1996,1783969852.9664,1,1,0.5000,-0.0000,1.42244,-0.00008,-2.63078,1.05996,1.57080,0.11675,-0.12764,-0.48146,0.03707,,,,,,,,,,,,,,,,,,,,,,,,,,0,0,0,0,0
1.2000,1783969852.9667,1,1,0.5000,-0.0000,1.42244,-0.00008,-2.63078,1.05996,1.57080,0.11675,-0.12764,-0.48146,0.03707,,,,,,,,,,,,,,,,,,,,,,,,,,0,0,0,0,0
1.2017,1783969852.9684,1,1,0.5000,-0.0000,1.42244,-0.00008,-2.63078,1.05996,1.57080,0.11675,-0.12764,-0.48146,0.03707,,,,,,,,,,,,,,,,,,,,,,,,,,0,0,0,0,0
1.2039,1783969852.9707,1,1,0.5000,-0.0000,1.42244,-0.00010,-2.63078,1.05999,1.57080,0.11675,-0.12764,-0.48146,0.03706,,,,,,,,,,,,,,,,,,,,,,,,,,0,0,0,0,0
1.2042,1783969852.9710,1,1,0.5000,-0.0000,1.42244,-0.00010,-2.63078,1.05999,1.57080,0.11675,-0.12764,-0.48146,0.03706,,,,,,,,,,,,,,,,,,,,,,,,,,0,0,0,0,0
1.2173,1783969852.9841,1,1,0.5000,-0.0000,1.42244,-0.00019,-2.63078,1.06010,1.57080,0.11675,-0.12764,-0.48147,0.03704,,,,,,,,,,,,,,,,,,,,,,,,,,0,0,0,0,0
1.2199,1783969852.9867,1,1,0.5000,-0.0000,1.42244,-0.00022,-2.63078,1.06014,1.57080,0.11675,-0.12764,-0.48147,0.03703,,,,,,,,,,,,,,,,,,,,,,,,,,0,0,0,0,0
1.2203,1783969852.9871,1,1,0.5000,-0.0000,1.42244,-0.00022,-2.63078,1.06014,1.57080,0.11675,-0.12764,-0.48147,0.03703,,,,,,,,,,,,,,,,,,,,,,,,,,0,0,0,0,0
1.2220,1783969852.9888,1,1,0.5000,-0.0000,1.42244,-0.00022,-2.63078,1.06014,1.57080,0.11675,-0.12764,-0.48147,0.03703,,,,,,,,,,,,,,,,,,,,,,,,,,0,0,0,0,0
1.2223,1783969852.9891,1,1,0.5000,-0.0000,1.42244,-0.00022,-2.63078,1.06014,1.57080,0.11675,-0.12764,-0.48147,0.03703,,,,,,,,,,,,,,,,,,,,,,,,,,0,0,0,0,0
1.2341,1783969853.0009,1,1,0.5000,-0.0000,1.42244,-0.00033,-2.63078,1.06028,1.57080,0.11675,-0.12764,-0.48149,0.03701,,,,,,,,,,,,,,,,,,,,,,,,,,0,0,0,0,0
1.2483,1783969853.0151,1,1,0.5000,-0.0000,1.42244,-0.00045,-2.63077,1.06044,1.57080,0.11675,-0.12763,-0.48153,0.03699,,,,,,,,,,,,,,,,,,,,,,,,,,0,0,0,0,0
1.2512,1783969853.0180,1,1,0.5000,-0.0000,1.42244,-0.00047,-2.63076,1.06046,1.57080,0.11675,-0.12763,-0.48154,0.03699,,,,,,,,,,,,,,,,,,,,,,,,,,0,0,0,0,0
1.2642,1783969853.0309,1,1,0.5000,-0.0000,1.42244,-0.00047,-2.63076,1.06046,1.57080,0.11675,-0.12763,-0.48154,0.03699,,,,,,,,,,,,,,,,,,,,,,,,,,0,0,0,0,0
1.2737,1783969853.0404,1,1,0.5000,-0.0000,1.42244,-0.00047,-2.63076,1.06046,1.57080,0.11675,-0.12763,-0.48154,0.03699,,,,,,,,,,,,,,,,,,,,,,,,,,0,0,0,0,0
1.2802,1783969853.0470,1,1,0.5000,-0.0000,1.42244,-0.00047,-2.63076,1.06046,1.57080,0.11675,-0.12763,-0.48154,0.03699,,,,,,,,,,,,,,,,,,,,,,,,,,0,0,0,0,0
1.2933,1783969853.0601,1,1,0.5000,-0.0000,1.42244,-0.00047,-2.63076,1.06046,1.57080,0.11675,-0.12763,-0.48154,0.03699,,,,,,,,,,,,,,,,,,,,,,,,,,0,0,0,0,0
1.3069,1783969853.0737,1,1,0.5000,-0.0000,1.42244,-0.00047,-2.63076,1.06046,1.57080,0.11675,-0.12763,-0.48154,0.03699,,,,,,,,,,,,,,,,,,,,,,,,,,0,0,0,0,0
1.3082,1783969853.0750,1,1,0.5000,-0.0000,1.42244,-0.00047,-2.63076,1.06046,1.57080,0.11675,-0.12763,-0.48154,0.03699,,,,,,,,,,,,,,,,,,,,,,,,,,0,0,0,0,0
1.3085,1783969853.0753,1,1,0.5000,-0.0000,1.42244,-0.00047,-2.63076,1.06046,1.57080,0.11675,-0.12763,-0.48154,0.03699,,,,,,,,,,,,,,,,,,,,,,,,,,0,0,0,0,0
1.3133,1783969853.0800,1,1,0.5000,-0.0000,1.42244,-0.00047,-2.63076,1.06046,1.57080,0.11675,-0.12763,-0.48154,0.03699,,,,,,,,,,,,,,,,,,,,,,,,,,0,0,0,0,0
1.3137,1783969853.0805,1,1,0.5000,-0.0000,1.42244,-0.00047,-2.63076,1.06046,1.57080,0.11675,-0.12763,-0.48154,0.03699,,,,,,,,,,,,,,,,,,,,,,,,,,0,0,0,0,0
1.3151,1783969853.0818,1,1,0.5000,-0.0000,1.42244,-0.00047,-2.63076,1.06046,1.57080,0.11675,-0.12763,-0.48154,0.03699,,,,,,,,,,,,,,,,,,,,,,,,,,0,0,0,0,0
1.3155,1783969853.0822,1,1,0.5000,-0.0000,1.42244,-0.00047,-2.63076,1.06046,1.57080,0.11675,-0.12763,-0.48154,0.03699,,,,,,,,,,,,,,,,,,,,,,,,,,0,0,0,0,0
1.3168,1783969853.0836,1,1,0.5000,-0.0000,1.42244,-0.00047,-2.63076,1.06046,1.57080,0.11675,-0.12763,-0.48154,0.03699,,,,,,,,,,,,,,,,,,,,,,,,,,0,0,0,0,0
1.3171,1783969853.0839,1,1,0.5000,-0.0000,1.42244,-0.00047,-2.63076,1.06046,1.57080,0.11675,-0.12763,-0.48154,0.03699,,,,,,,,,,,,,,,,,,,,,,,,,,0,0,0,0,0
1.3231,1783969853.0899,1,1,0.5000,-0.0000,1.42244,-0.00047,-2.63076,1.06046,1.57080,0.11675,-0.12763,-0.48154,0.03699,,,,,,,,,,,,,,,,,,,,,,,,,,0,0,0,0,0
1.3234,1783969853.0902,1,1,0.5000,-0.0000,1.42244,-0.00047,-2.63076,1.06046,1.57080,0.11675,-0.12763,-0.48154,0.03699,,,,,,,,,,,,,,,,,,,,,,,,,,0,0,0,0,0
1.3439,1783969853.1107,1,1,0.5000,-0.0000,1.42244,-0.00047,-2.63076,1.06046,1.57080,0.11675,-0.12763,-0.48154,0.03699,,,,,,,,,,,,,,,,,,,,,,,,,,0,0,0,0,0
1.3484,1783969853.1152,1,1,0.5000,-0.0000,1.42244,-0.00047,-2.63076,1.06046,1.57080,0.11675,-0.12763,-0.48154,0.03699,,,,,,,,,,,,,,,,,,,,,,,,,,0,0,0,0,0
1.3502,1783969853.1169,1,1,0.5000,-0.0000,1.42244,-0.00047,-2.63076,1.06046,1.57080,0.11675,-0.12763,-0.48154,0.03699,,,,,,,,,,,,,,,,,,,,,,,,,,0,0,0,0,0
1.3507,1783969853.1175,1,1,0.5000,-0.0000,1.42244,-0.00047,-2.63076,1.06046,1.57080,0.11675,-0.12763,-0.48154,0.03699,,,,,,,,,,,,,,,,,,,,,,,,,,0,0,0,0,0
1.3532,1783969853.1200,1,1,0.5000,-0.0000,1.42244,-0.00047,-2.63076,1.06046,1.57080,0.11675,-0.12763,-0.48154,0.03699,,,,,,,,,,,,,,,,,,,,,,,,,,0,0,0,0,0
1.3771,1783969853.1439,1,1,0.5000,-0.0000,1.42244,-0.00047,-2.63076,1.06046,1.57080,0.11675,-0.12763,-0.48154,0.03699,,,,,,,,,,,,,,,,,,,,,,,,,,0,0,0,0,0
1.3832,1783969853.1500,1,1,0.5000,-0.0000,1.42244,-0.00047,-2.63076,1.06046,1.57080,0.11675,-0.12763,-0.48154,0.03699,,,,,,,,,,,,,,,,,,,,,,,,,,0,0,0,0,0
1.3965,1783969853.1633,1,1,0.5000,-0.0000,1.42244,-0.00047,-2.63076,1.06046,1.57080,0.11675,-0.12763,-0.48154,0.03699,,,,,,,,,,,,,,,,,,,,,,,,,,0,0,0,0,0
1.3989,1783969853.1657,1,1,0.5000,-0.0000,1.42244,-0.00047,-2.63076,1.06046,1.57080,0.11675,-0.12763,-0.48154,0.03699,,,,,,,,,,,,,,,,,,,,,,,,,,0,0,0,0,0
1.3994,1783969853.1662,1,1,0.5000,-0.0000,1.42244,-0.00047,-2.63076,1.06046,1.57080,0.11675,-0.12763,-0.48154,0.03699,,,,,,,,,,,,,,,,,,,,,,,,,,0,0,0,0,0
1.4037,1783969853.1704,1,1,0.5000,-0.0000,1.42244,-0.00047,-2.63076,1.06046,1.57080,0.11675,-0.12763,-0.48154,0.03699,,,,,,,,,,,,,,,,,,,,,,,,,,0,0,0,0,0
1.4086,1783969853.1754,1,1,0.5000,-0.0000,1.42244,-0.00047,-2.63076,1.06046,1.57080,0.11675,-0.12763,-0.48154,0.03699,,,,,,,,,,,,,,,,,,,,,,,,,,0,0,0,0,0
1.4089,1783969853.1756,1,1,0.5000,-0.0000,1.42244,-0.00047,-2.63076,1.06046,1.57080,0.11675,-0.12763,-0.48154,0.03699,,,,,,,,,,,,,,,,,,,,,,,,,,0,0,0,0,0
1.4222,1783969853.1890,1,1,0.5000,-0.0000,1.42244,-0.00047,-2.63076,1.06046,1.57080,0.11675,-0.12763,-0.48154,0.03699,,,,,,,,,,,,,,,,,,,,,,,,,,0,0,0,0,0
1.4234,1783969853.1902,1,1,0.5000,-0.0000,1.42244,-0.00047,-2.63076,1.06046,1.57080,0.11675,-0.12763,-0.48154,0.03699,,,,,,,,,,,,,,,,,,,,,,,,,,0,0,0,0,0
1.4412,1783969853.2080,1,1,0.5000,-0.0000,1.42244,-0.00047,-2.63076,1.06047,1.57080,0.11675,-0.12763,-0.48154,0.03699,,,,,,,,,,,,,,,,,,,,,,,,,,0,0,0,0,0
1.4538,1783969853.2205,1,1,0.5000,-0.0000,1.42244,-0.00048,-2.63077,1.06049,1.57080,0.11675,-0.12763,-0.48153,0.03698,,,,,,,,,,,,,,,,,,,,,,,,,,0,0,0,0,0
1.4555,1783969853.2223,1,1,0.5000,-0.0000,1.42244,-0.00048,-2.63078,1.06049,1.57080,0.11675,-0.12763,-0.48153,0.03698,,,,,,,,,,,,,,,,,,,,,,,,,,0,0,0,0,0
1.4558,1783969853.2226,1,1,0.5000,-0.0000,1.42244,-0.00048,-2.63078,1.06049,1.57080,0.11675,-0.12763,-0.48153,0.03698,,,,,,,,,,,,,,,,,,,,,,,,,,0,0,0,0,0
1.4591,1783969853.2259,1,1,0.5000,-0.0000,1.42244,-0.00048,-2.63078,1.06050,1.57080,0.11675,-0.12763,-0.48153,0.03698,,,,,,,,,,,,,,,,,,,,,,,,,,0,0,0,0,0
1.4669,1783969853.2337,1,1,0.5000,-0.0000,1.42244,-0.00050,-2.63081,1.06053,1.57080,0.11675,-0.12763,-0.48151,0.03696,,,,,,,,,,,,,,,,,,,,,,,,,,0,0,0,0,0
1.4672,1783969853.2339,1,1,0.5000,-0.0000,1.42244,-0.00050,-2.63081,1.06053,1.57080,0.11675,-0.12763,-0.48151,0.03696,,,,,,,,,,,,,,,,,,,,,,,,,,0,0,0,0,0
1.4783,1783969853.2450,1,1,0.5000,-0.0000,1.42244,-0.00053,-2.63084,1.06057,1.57080,0.11675,-0.12764,-0.48150,0.03694,,,,,,,,,,,,,,,,,,,,,,,,,,0,0,0,0,0
1.4872,1783969853.2540,1,1,0.5000,-0.0000,1.42244,-0.00056,-2.63086,1.06060,1.57080,0.11675,-0.12764,-0.48148,0.03692,,,,,,,,,,,,,,,,,,,,,,,,,,0,0,0,0,0
1.4877,1783969853.2544,1,1,0.5000,-0.0000,1.42244,-0.00056,-2.63086,1.06060,1.57080,0.11675,-0.12764,-0.48148,0.03692,,,,,,,,,,,,,,,,,,,,,,,,,,0,0,0,0,0
1.5000,1783969853.2668,1,1,0.5000,-0.0000,1.42244,-0.00060,-2.63089,1.06065,1.57080,0.11675,-0.12764,-0.48147,0.03690,,,,,,,,,,,,,,,,,,,,,,,,,,0,0,0,0,0
1.5077,1783969853.2745,1,1,0.5000,-0.0000,1.42244,-0.00064,-2.63092,1.06070,1.57080,0.11675,-0.12764,-0.48146,0.03688,,,,,,,,,,,,,,,,,,,,,,,,,,0,0,0,0,0
1.5183,1783969853.2851,1,1,0.5000,-0.0000,1.42244,-0.00067,-2.63093,1.06074,1.57080,0.11675,-0.12764,-0.48145,0.03686,,,,,,,,,,,,,,,,,,,,,,,,,,0,0,0,0,0
1.5189,1783969853.2856,1,1,0.5000,-0.0000,1.42244,-0.00068,-2.63093,1.06074,1.57080,0.11675,-0.12764,-0.48145,0.03686,,,,,,,,,,,,,,,,,,,,,,,,,,0,0,0,0,0
1.5298,1783969853.2966,1,1,0.5000,-0.0000,1.42244,-0.00071,-2.63094,1.06079,1.57080,0.11675,-0.12764,-0.48145,0.03685,,,,,,,,,,,,,,,,,,,,,,,,,,0,0,0,0,0
1.5394,1783969853.3062,1,1,0.5000,-0.0000,1.42244,-0.00081,-2.63097,1.06091,1.57080,0.11675,-0.12764,-0.48145,0.03682,,,,,,,,,,,,,,,,,,,,,,,,,,0,0,0,0,0
1.5511,1783969853.3179,1,1,0.5000,-0.0000,1.42244,-0.00090,-2.63099,1.06103,1.57080,0.11675,-0.12764,-0.48145,0.03678,,,,,,,,,,,,,,,,,,,,,,,,,,0,0,0,0,0
1.5577,1783969853.3245,1,1,0.5000,-0.0000,1.42244,-0.00091,-2.63099,1.06103,1.57080,0.11675,-0.12764,-0.48145,0.03678,,,,,,,,,,,,,,,,,,,,,,,,,,0,0,0,0,0
1.5694,1783969853.3362,1,1,0.5000,-0.0000,1.42244,-0.00098,-2.63100,1.06112,1.57080,0.11675,-0.12764,-0.48145,0.03676,,,,,,,,,,,,,,,,,,,,,,,,,,0,0,0,0,0
1.5809,1783969853.3477,1,1,0.5000,-0.0000,1.42244,-0.00103,-2.63101,1.06118,1.57080,0.11675,-0.12764,-0.48145,0.03675,,,,,,,,,,,,,,,,,,,,,,,,,,0,0,0,0,0
1.5918,1783969853.3586,1,1,0.5000,-0.0000,1.42244,-0.00111,-2.63103,1.06127,1.57080,0.11675,-0.12764,-0.48145,0.03672,,,,,,,,,,,,,,,,,,,,,,,,,,0,0,0,0,0
1.5978,1783969853.3646,1,1,0.5000,-0.0000,1.42244,-0.00115,-2.63103,1.06132,1.57080,0.11675,-0.12764,-0.48146,0.03671,,,,,,,,,,,,,,,,,,,,,,,,,,0,0,0,0,0
1.5983,1783969853.3651,1,1,0.5000,-0.0000,1.42244,-0.00115,-2.63103,1.06132,1.57080,0.11675,-0.12764,-0.48146,0.03671,,,,,,,,,,,,,,,,,,,,,,,,,,0,0,0,0,0
1.6211,1783969853.3879,1,1,0.5000,-0.0000,1.42244,-0.00145,-2.63108,1.06169,1.57080,0.11675,-0.12764,-0.48147,0.03661,,,,,,,,,,,,,,,,,,,,,,,,,,0,0,0,0,0
1.6812,1783969853.4479,1,1,0.5000,-0.0000,1.42244,-0.00158,-2.63110,1.06186,1.57080,0.11675,-0.12764,-0.48148,0.03658,,,,,,,,,,,,,,,,,,,,,,,,,,0,0,0,0,0
1.6878,1783969853.4546,1,1,0.5000,-0.0000,1.42244,-0.00158,-2.63110,1.06186,1.57080,0.11675,-0.12764,-0.48148,0.03658,,,,,,,,,,,,,,,,,,,,,,,,,,0,0,0,0,0
1.6893,1783969853.4561,1,1,0.5000,-0.0000,1.42244,-0.00158,-2.63110,1.06186,1.57080,0.11675,-0.12764,-0.48148,0.03658,,,,,,,,,,,,,,,,,,,,,,,,,,0,0,0,0,0
1.6930,1783969853.4598,1,1,0.5000,-0.0000,1.42244,-0.00158,-2.63110,1.06186,1.57080,0.11675,-0.12764,-0.48148,0.03658,,,,,,,,,,,,,,,,,,,,,,,,,,0,0,0,0,0
1.6934,1783969853.4601,1,1,0.5000,-0.0000,1.42244,-0.00158,-2.63110,1.06186,1.57080,0.11675,-0.12764,-0.48148,0.03658,,,,,,,,,,,,,,,,,,,,,,,,,,0,0,0,0,0
1.6997,1783969853.4665,1,1,0.5000,-0.0000,1.42244,-0.00158,-2.63110,1.06186,1.57080,0.11675,-0.12764,-0.48148,0.03658,,,,,,,,,,,,,,,,,,,,,,,,,,0,0,0,0,0
1.7001,1783969853.4668,1,1,0.5000,-0.0000,1.42244,-0.00158,-2.63110,1.06186,1.57080,0.11675,-0.12764,-0.48148,0.03658,,,,,,,,,,,,,,,,,,,,,,,,,,0,0,0,0,0
1.7036,1783969853.4704,1,1,0.5000,-0.0000,1.42244,-0.00158,-2.63110,1.06186,1.57080,0.11675,-0.12764,-0.48148,0.03658,,,,,,,,,,,,,,,,,,,,,,,,,,0,0,0,0,0
1.7093,1783969853.4761,1,1,0.5000,-0.0000,1.42244,-0.00158,-2.63110,1.06186,1.57080,0.11675,-0.12764,-0.48148,0.03658,,,,,,,,,,,,,,,,,,,,,,,,,,0,0,0,0,0
1.7229,1783969853.4897,1,1,0.5000,-0.0000,1.42244,-0.00158,-2.63110,1.06186,1.57080,0.11675,-0.12764,-0.48148,0.03658,,,,,,,,,,,,,,,,,,,,,,,,,,0,0,0,0,0
1.7438,1783969853.5106,1,1,0.5000,-0.0000,1.42244,-0.00158,-2.63110,1.06186,1.57080,0.11675,-0.12764,-0.48148,0.03658,,,,,,,,,,,,,,,,,,,,,,,,,,0,0,0,0,0
1.7514,1783969853.5182,1,1,0.5000,-0.0000,1.42244,-0.00158,-2.63110,1.06186,1.57080,0.11675,-0.12764,-0.48148,0.03658,,,,,,,,,,,,,,,,,,,,,,,,,,0,0,0,0,0
1.7518,1783969853.5186,1,1,0.5000,-0.0000,1.42244,-0.00158,-2.63110,1.06186,1.57080,0.11675,-0.12764,-0.48148,0.03658,,,,,,,,,,,,,,,,,,,,,,,,,,0,0,0,0,0
1.7580,1783969853.5248,1,1,0.5000,-0.0000,1.42244,-0.00158,-2.63110,1.06186,1.57080,0.11675,-0.12764,-0.48148,0.03658,,,,,,,,,,,,,,,,,,,,,,,,,,0,0,0,0,0
1.7588,1783969853.5256,1,1,0.5000,-0.0000,1.42244,-0.00158,-2.63110,1.06186,1.57080,0.11675,-0.12764,-0.48148,0.03658,,,,,,,,,,,,,,,,,,,,,,,,,,0,0,0,0,0
1.7610,1783969853.5278,1,1,0.5000,-0.0000,1.42244,-0.00158,-2.63110,1.06186,1.57080,0.11675,-0.12764,-0.48148,0.03658,,,,,,,,,,,,,,,,,,,,,,,,,,0,0,0,0,0
1.7613,1783969853.5281,1,1,0.5000,-0.0000,1.42244,-0.00158,-2.63110,1.06186,1.57080,0.11675,-0.12764,-0.48148,0.03658,,,,,,,,,,,,,,,,,,,,,,,,,,0,0,0,0,0
1.7699,1783969853.5367,1,1,0.5000,-0.0000,1.42244,-0.00158,-2.63110,1.06186,1.57080,0.11675,-0.12764,-0.48148,0.03658,,,,,,,,,,,,,,,,,,,,,,,,,,0,0,0,0,0
1.7762,1783969853.5429,1,1,0.5000,-0.0000,1.42244,-0.00158,-2.63110,1.06186,1.57080,0.11675,-0.12764,-0.48148,0.03658,,,,,,,,,,,,,,,,,,,,,,,,,,0,0,0,0,0
1.7780,1783969853.5448,1,1,0.5000,-0.0000,1.42244,-0.00158,-2.63110,1.06186,1.57080,0.11675,-0.12764,-0.48148,0.03658,,,,,,,,,,,,,,,,,,,,,,,,,,0,0,0,0,0
1.8041,1783969853.5709,1,1,0.5000,-0.0000,1.42244,-0.00158,-2.63110,1.06186,1.57080,0.11675,-0.12764,-0.48148,0.03658,,,,,,,,,,,,,,,,,,,,,,,,,,0,0,0,0,0
1.8079,1783969853.5747,1,1,0.5000,-0.0000,1.42244,-0.00158,-2.63110,1.06186,1.57080,0.11675,-0.12764,-0.48148,0.03658,,,,,,,,,,,,,,,,,,,,,,,,,,0,0,0,0,0
1.8083,1783969853.5751,1,1,0.5000,-0.0000,1.42244,-0.00158,-2.63110,1.06186,1.57080,0.11675,-0.12764,-0.48148,0.03658,,,,,,,,,,,,,,,,,,,,,,,,,,0,0,0,0,0
1.8092,1783969853.5760,1,1,0.5000,-0.0000,1.42244,-0.00158,-2.63110,1.06186,1.57080,0.11675,-0.12764,-0.48148,0.03658,,,,,,,,,,,,,,,,,,,,,,,,,,0,0,0,0,0
1.8095,1783969853.5762,1,1,0.5000,-0.0000,1.42244,-0.00158,-2.63110,1.06186,1.57080,0.11675,-0.12764,-0.48148,0.03658,,,,,,,,,,,,,,,,,,,,,,,,,,0,0,0,0,0
1.8183,1783969853.5851,1,1,0.5000,-0.0000,1.42244,-0.00158,-2.63110,1.06186,1.57080,0.11675,-0.12764,-0.48148,0.03658,,,,,,,,,,,,,,,,,,,,,,,,,,0,0,0,0,0
1.8270,1783969853.5938,1,1,0.5000,-0.0000,1.42244,-0.00158,-2.63110,1.06186,1.57080,0.11675,-0.12764,-0.48148,0.03658,,,,,,,,,,,,,,,,,,,,,,,,,,0,0,0,0,0
1.8485,1783969853.6152,1,1,0.5000,-0.0000,1.42244,-0.00158,-2.63110,1.06186,1.57080,0.11675,-0.12764,-0.48148,0.03658,,,,,,,,,,,,,,,,,,,,,,,,,,0,0,0,0,0
1.8487,1783969853.6155,1,1,0.5000,-0.0000,1.42244,-0.00158,-2.63110,1.06186,1.57080,0.11675,-0.12764,-0.48148,0.03658,,,,,,,,,,,,,,,,,,,,,,,,,,0,0,0,0,0
1.8675,1783969853.6342,1,1,0.5000,-0.0000,1.42244,-0.00158,-2.63110,1.06186,1.57080,0.11675,-0.12764,-0.48148,0.03658,,,,,,,,,,,,,,,,,,,,,,,,,,0,0,0,0,0
1.8678,1783969853.6345,1,1,0.5000,-0.0000,1.42244,-0.00158,-2.63110,1.06186,1.57080,0.11675,-0.12764,-0.48148,0.03658,,,,,,,,,,,,,,,,,,,,,,,,,,0,0,0,0,0
1.8681,1783969853.6348,1,1,0.5000,-0.0000,1.42244,-0.00158,-2.63110,1.06186,1.57080,0.11675,-0.12764,-0.48148,0.03658,,,,,,,,,,,,,,,,,,,,,,,,,,0,0,0,0,0
1.8684,1783969853.6351,1,1,0.5000,-0.0000,1.42244,-0.00158,-2.63110,1.06186,1.57080,0.11675,-0.12764,-0.48148,0.03658,,,,,,,,,,,,,,,,,,,,,,,,,,0,0,0,0,0
1.8687,1783969853.6354,1,1,0.5000,-0.0000,1.42244,-0.00158,-2.63110,1.06186,1.57080,0.11675,-0.12764,-0.48148,0.03658,,,,,,,,,,,,,,,,,,,,,,,,,,0,0,0,0,0
1.8861,1783969853.6528,1,1,0.5000,-0.0000,1.42244,-0.00159,-2.63110,1.06187,1.57080,0.11675,-0.12764,-0.48148,0.03657,,,,,,,,,,,,,,,,,,,,,,,,,,0,0,0,0,0
1.8873,1783969853.6541,1,1,0.5000,-0.0000,1.42244,-0.00160,-2.63110,1.06188,1.57080,0.11675,-0.12764,-0.48148,0.03657,,,,,,,,,,,,,,,,,,,,,,,,,,0,0,0,0,0
1.8876,1783969853.6544,1,1,0.5000,-0.0000,1.42244,-0.00160,-2.63110,1.06188,1.57080,0.11675,-0.12764,-0.48148,0.03657,,,,,,,,,,,,,,,,,,,,,,,,,,0,0,0,0,0
1.9084,1783969853.6752,1,1,0.5000,-0.0000,1.42244,-0.00167,-2.63114,1.06198,1.57080,0.11675,-0.12764,-0.48147,0.03654,,,,,,,,,,,,,,,,,,,,,,,,,,0,0,0,0,0
1.9088,1783969853.6756,1,1,0.5000,-0.0000,1.42244,-0.00167,-2.63114,1.06198,1.57080,0.11675,-0.12764,-0.48147,0.03654,,,,,,,,,,,,,,,,,,,,,,,,,,0,0,0,0,0
1.9091,1783969853.6759,1,1,0.5000,-0.0000,1.42244,-0.00167,-2.63114,1.06198,1.57080,0.11675,-0.12764,-0.48147,0.03654,,,,,,,,,,,,,,,,,,,,,,,,,,0,0,0,0,0
1.9350,1783969853.7018,1,1,0.5000,-0.0000,1.42243,-0.00178,-2.63119,1.06210,1.57080,0.11675,-0.12764,-0.48145,0.03649,,,,,,,,,,,,,,,,,,,,,,,,,,0,0,0,0,0
1.9430,1783969853.7097,1,1,0.5000,-0.0000,1.42243,-0.00180,-2.63119,1.06213,1.57080,0.11675,-0.12764,-0.48145,0.03648,,,,,,,,,,,,,,,,,,,,,,,,,,0,0,0,0,0
1.9482,1783969853.7150,1,1,0.5000,-0.0000,1.42243,-0.00182,-2.63120,1.06215,1.57080,0.11675,-0.12764,-0.48145,0.03647,,,,,,,,,,,,,,,,,,,,,,,,,,0,0,0,0,0
1.9509,1783969853.7177,1,1,0.5000,-0.0000,1.42243,-0.00184,-2.63121,1.06218,1.57080,0.11675,-0.12764,-0.48145,0.03646,,,,,,,,,,,,,,,,,,,,,,,,,,0,0,0,0,0
1.9514,1783969853.7182,1,1,0.5000,-0.0000,1.42243,-0.00184,-2.63121,1.06218,1.57080,0.11675,-0.12764,-0.48145,0.03646,,,,,,,,,,,,,,,,,,,,,,,,,,0,0,0,0,0
1.9646,1783969853.7314,1,1,0.5000,-0.0000,1.42243,-0.00196,-2.63123,1.06232,1.57080,0.11675,-0.12764,-0.48144,0.03642,,,,,,,,,,,,,,,,,,,,,,,,,,0,0,0,0,0
2.0135,1783969853.7803,1,1,0.5000,-0.0000,1.42243,-0.00223,-2.63128,1.06265,1.57080,0.11675,-0.12764,-0.48145,0.03634,,,,,,,,,,,,,,,,,,,,,,,,,,0,0,0,0,0
2.0722,1783969853.8390,1,1,0.5000,-0.0000,1.42243,-0.00276,-2.63135,1.06331,1.57080,0.11675,-0.12763,-0.48149,0.03618,,,,,,,,,,,,,,,,,,,,,,,,,,0,0,0,0,0
2.0725,1783969853.8393,1,1,0.5000,-0.0000,1.42243,-0.00276,-2.63135,1.06331,1.57080,0.11675,-0.12763,-0.48149,0.03618,,,,,,,,,,,,,,,,,,,,,,,,,,0,0,0,0,0
2.0766,1783969853.8434,1,1,0.5000,-0.0000,1.42243,-0.00276,-2.63135,1.06331,1.57080,0.11675,-0.12763,-0.48149,0.03618,,,,,,,,,,,,,,,,,,,,,,,,,,0,0,0,0,0
2.0770,1783969853.8437,1,1,0.5000,-0.0000,1.42243,-0.00276,-2.63135,1.06331,1.57080,0.11675,-0.12763,-0.48149,0.03618,,,,,,,,,,,,,,,,,,,,,,,,,,0,0,0,0,0
2.0808,1783969853.8475,1,1,0.5000,-0.0000,1.42243,-0.00276,-2.63135,1.06331,1.57080,0.11675,-0.12763,-0.48149,0.03618,,,,,,,,,,,,,,,,,,,,,,,,,,0,0,0,0,0
2.0815,1783969853.8482,1,1,0.5000,-0.0000,1.42243,-0.00276,-2.63135,1.06331,1.57080,0.11675,-0.12763,-0.48149,0.03618,,,,,,,,,,,,,,,,,,,,,,,,,,0,0,0,0,0
2.0932,1783969853.8600,1,1,0.5000,-0.0000,1.42243,-0.00276,-2.63135,1.06331,1.57080,0.11675,-0.12763,-0.48149,0.03618,,,,,,,,,,,,,,,,,,,,,,,,,,0,0,0,0,0
2.0952,1783969853.8620,1,1,0.5000,-0.0000,1.42243,-0.00276,-2.63135,1.06331,1.57080,0.11675,-0.12763,-0.48149,0.03618,,,,,,,,,,,,,,,,,,,,,,,,,,0,0,0,0,0
2.0956,1783969853.8624,1,1,0.5000,-0.0000,1.42243,-0.00276,-2.63135,1.06331,1.57080,0.11675,-0.12763,-0.48149,0.03618,,,,,,,,,,,,,,,,,,,,,,,,,,0,0,0,0,0
2.0961,1783969853.8628,1,1,0.5000,-0.0000,1.42243,-0.00276,-2.63135,1.06331,1.57080,0.11675,-0.12763,-0.48149,0.03618,,,,,,,,,,,,,,,,,,,,,,,,,,0,0,0,0,0
2.0964,1783969853.8632,1,1,0.5000,-0.0000,1.42243,-0.00276,-2.63135,1.06331,1.57080,0.11675,-0.12763,-0.48149,0.03618,,,,,,,,,,,,,,,,,,,,,,,,,,0,0,0,0,0
2.0981,1783969853.8649,1,1,0.5000,-0.0000,1.42243,-0.00276,-2.63135,1.06331,1.57080,0.11675,-0.12763,-0.48149,0.03618,,,,,,,,,,,,,,,,,,,,,,,,,,0,0,0,0,0
2.0988,1783969853.8656,1,1,0.5000,-0.0000,1.42243,-0.00276,-2.63135,1.06331,1.57080,0.11675,-0.12763,-0.48149,0.03618,,,,,,,,,,,,,,,,,,,,,,,,,,0,0,0,0,0
2.1091,1783969853.8758,1,1,0.5000,-0.0000,1.42243,-0.00276,-2.63135,1.06331,1.57080,0.11675,-0.12763,-0.48149,0.03618,,,,,,,,,,,,,,,,,,,,,,,,,,0,0,0,0,0
2.1319,1783969853.8987,1,1,0.5000,-0.0000,1.42243,-0.00276,-2.63135,1.06331,1.57080,0.11675,-0.12763,-0.48149,0.03618,,,,,,,,,,,,,,,,,,,,,,,,,,0,0,0,0,0
2.1323,1783969853.8991,1,1,0.5000,-0.0000,1.42243,-0.00276,-2.63135,1.06331,1.57080,0.11675,-0.12763,-0.48149,0.03618,,,,,,,,,,,,,,,,,,,,,,,,,,0,0,0,0,0
2.1443,1783969853.9111,1,1,0.5000,-0.0000,1.42243,-0.00276,-2.63135,1.06331,1.57080,0.11675,-0.12763,-0.48149,0.03618,,,,,,,,,,,,,,,,,,,,,,,,,,0,0,0,0,0
2.1542,1783969853.9210,1,1,0.5000,-0.0000,1.42243,-0.00276,-2.63135,1.06331,1.57080,0.11675,-0.12763,-0.48149,0.03618,,,,,,,,,,,,,,,,,,,,,,,,,,0,0,0,0,0
2.1594,1783969853.9261,1,1,0.5000,-0.0000,1.42243,-0.00276,-2.63135,1.06331,1.57080,0.11675,-0.12763,-0.48149,0.03618,,,,,,,,,,,,,,,,,,,,,,,,,,0,0,0,0,0
2.1683,1783969853.9351,1,1,0.5000,-0.0000,1.42243,-0.00276,-2.63135,1.06331,1.57080,0.11675,-0.12763,-0.48149,0.03618,,,,,,,,,,,,,,,,,,,,,,,,,,0,0,0,0,0
2.2030,1783969853.9698,1,1,0.5000,-0.0000,1.42243,-0.00276,-2.63135,1.06331,1.57080,0.11675,-0.12763,-0.48149,0.03618,,,,,,,,,,,,,,,,,,,,,,,,,,0,0,0,0,0
2.2043,1783969853.9711,1,1,0.5000,-0.0000,1.42243,-0.00276,-2.63135,1.06331,1.57080,0.11675,-0.12763,-0.48149,0.03618,,,,,,,,,,,,,,,,,,,,,,,,,,0,0,0,0,0
2.2048,1783969853.9716,1,1,0.5000,-0.0000,1.42243,-0.00276,-2.63135,1.06331,1.57080,0.11675,-0.12763,-0.48149,0.03618,,,,,,,,,,,,,,,,,,,,,,,,,,0,0,0,0,0
2.2137,1783969853.9805,1,1,0.5000,-0.0000,1.42243,-0.00276,-2.63135,1.06331,1.57080,0.11675,-0.12763,-0.48149,0.03618,,,,,,,,,,,,,,,,,,,,,,,,,,0,0,0,0,0
2.2214,1783969853.9881,1,1,0.5000,-0.0000,1.42243,-0.00276,-2.63135,1.06331,1.57080,0.11675,-0.12763,-0.48149,0.03618,,,,,,,,,,,,,,,,,,,,,,,,,,0,0,0,0,0
2.2218,1783969853.9886,1,1,0.5000,-0.0000,1.42243,-0.00276,-2.63135,1.06331,1.57080,0.11675,-0.12763,-0.48149,0.03618,,,,,,,,,,,,,,,,,,,,,,,,,,0,0,0,0,0
2.2351,1783969854.0018,1,1,0.5000,-0.0000,1.42243,-0.00276,-2.63135,1.06331,1.57080,0.11675,-0.12763,-0.48149,0.03618,,,,,,,,,,,,,,,,,,,,,,,,,,0,0,0,0,0
2.2412,1783969854.0079,1,1,0.5000,-0.0000,1.42243,-0.00276,-2.63135,1.06331,1.57080,0.11675,-0.12763,-0.48149,0.03618,,,,,,,,,,,,,,,,,,,,,,,,,,0,0,0,0,0
2.2562,1783969854.0230,1,1,0.5000,-0.0000,1.42243,-0.00276,-2.63135,1.06331,1.57080,0.11675,-0.12763,-0.48149,0.03618,,,,,,,,,,,,,,,,,,,,,,,,,,0,0,0,0,0
2.2618,1783969854.0286,1,1,0.5000,-0.0000,1.42243,-0.00276,-2.63135,1.06331,1.57080,0.11675,-0.12763,-0.48149,0.03618,,,,,,,,,,,,,,,,,,,,,,,,,,0,0,0,0,0
2.2685,1783969854.0353,1,1,0.5000,-0.0000,1.42243,-0.00276,-2.63135,1.06331,1.57080,0.11675,-0.12763,-0.48149,0.03618,,,,,,,,,,,,,,,,,,,,,,,,,,0,0,0,0,0
2.2854,1783969854.0522,1,1,0.5000,-0.0000,1.42243,-0.00277,-2.63135,1.06333,1.57080,0.11675,-0.12763,-0.48150,0.03618,,,,,,,,,,,,,,,,,,,,,,,,,,0,0,0,0,0
2.2882,1783969854.0549,1,1,0.5000,-0.0000,1.42243,-0.00278,-2.63134,1.06334,1.57080,0.11675,-0.12763,-0.48150,0.03618,,,,,,,,,,,,,,,,,,,,,,,,,,0,0,0,0,0
2.2885,1783969854.0553,1,1,0.5000,-0.0000,1.42243,-0.00278,-2.63134,1.06334,1.57080,0.11675,-0.12763,-0.48150,0.03618,,,,,,,,,,,,,,,,,,,,,,,,,,0,0,0,0,0
2.2991,1783969854.0658,1,1,0.5000,-0.0000,1.42243,-0.00279,-2.63135,1.06335,1.57080,0.11675,-0.12763,-0.48150,0.03618,,,,,,,,,,,,,,,,,,,,,,,,,,0,0,0,0,0
2.3108,1783969854.0776,1,1,0.5000,-0.0000,1.42243,-0.00283,-2.63137,1.06340,1.57080,0.11675,-0.12763,-0.48149,0.03616,,,,,,,,,,,,,,,,,,,,,,,,,,0,0,0,0,0
2.3230,1783969854.0897,1,1,0.5000,-0.0000,1.42243,-0.00286,-2.63140,1.06345,1.57080,0.11675,-0.12764,-0.48148,0.03614,,,,,,,,,,,,,,,,,,,,,,,,,,0,0,0,0,0
2.3320,1783969854.0988,1,1,0.5000,-0.0000,1.42243,-0.00288,-2.63140,1.06346,1.57080,0.11675,-0.12764,-0.48147,0.03613,,,,,,,,,,,,,,,,,,,,,,,,,,0,0,0,0,0
2.3457,1783969854.1124,1,1,0.5000,-0.0000,1.42243,-0.00293,-2.63143,1.06352,1.57080,0.11675,-0.12764,-0.48146,0.03611,,,,,,,,,,,,,,,,,,,,,,,,,,0,0,0,0,0
2.3492,1783969854.1160,1,1,0.5000,-0.0000,1.42243,-0.00296,-2.63144,1.06355,1.57080,0.11675,-0.12764,-0.48146,0.03609,,,,,,,,,,,,,,,,,,,,,,,,,,0,0,0,0,0
2.3598,1783969854.1266,1,1,0.5000,-0.0000,1.42243,-0.00301,-2.63147,1.06362,1.57080,0.11675,-0.12764,-0.48145,0.03607,,,,,,,,,,,,,,,,,,,,,,,,,,0,0,0,0,0
2.3709,1783969854.1376,1,1,0.5000,-0.0000,1.42243,-0.00305,-2.63148,1.06366,1.57080,0.11675,-0.12764,-0.48145,0.03606,,,,,,,,,,,,,,,,,,,,,,,,,,0,0,0,0,0
2.3989,1783969854.1657,1,1,0.5000,-0.0000,1.42243,-0.00319,-2.63150,1.06383,1.57080,0.11675,-0.12764,-0.48145,0.03601,,,,,,,,,,,,,,,,,,,,,,,,,,0,0,0,0,0
2.4030,1783969854.1697,1,1,0.5000,-0.0000,1.42243,-0.00324,-2.63151,1.06389,1.57080,0.11675,-0.12764,-0.48145,0.03599,,,,,,,,,,,,,,,,,,,,,,,,,,0,0,0,0,0
2.4044,1783969854.1711,1,1,0.5000,-0.0000,1.42243,-0.00324,-2.63151,1.06389,1.57080,0.11675,-0.12764,-0.48145,0.03599,,,,,,,,,,,,,,,,,,,,,,,,,,0,0,0,0,0
2.4047,1783969854.1715,1,1,0.5000,-0.0000,1.42243,-0.00324,-2.63151,1.06389,1.57080,0.11675,-0.12764,-0.48145,0.03599,,,,,,,,,,,,,,,,,,,,,,,,,,0,0,0,0,0
2.4096,1783969854.1764,1,1,0.5000,-0.0000,1.42243,-0.00329,-2.63152,1.06395,1.57080,0.11675,-0.12764,-0.48145,0.03598,,,,,,,,,,,,,,,,,,,,,,,,,,0,0,0,0,0
2.4211,1783969854.1879,1,1,0.5000,-0.0000,1.42243,-0.00335,-2.63153,1.06403,1.57080,0.11675,-0.12764,-0.48145,0.03596,,,,,,,,,,,,,,,,,,,,,,,,,,0,0,0,0,0
2.4284,1783969854.1952,1,1,0.5000,-0.0000,1.42243,-0.00339,-2.63154,1.06408,1.57080,0.11675,-0.12764,-0.48145,0.03594,,,,,,,,,,,,,,,,,,,,,,,,,,0,0,0,0,0
2.4428,1783969854.2096,1,1,0.5000,-0.0000,1.42243,-0.00356,-2.63157,1.06427,1.57080,0.11675,-0.12764,-0.48146,0.03589,,,,,,,,,,,,,,,,,,,,,,,,,,0,0,0,0,0
2.4488,1783969854.2156,1,1,0.5000,-0.0000,1.42243,-0.00356,-2.63157,1.06427,1.57080,0.11675,-0.12764,-0.48146,0.03589,,,,,,,,,,,,,,,,,,,,,,,,,,0,0,0,0,0
2.4750,1783969854.2417,1,1,0.5000,-0.0000,1.42243,-0.00374,-2.63157,1.06449,1.57080,0.11675,-0.12763,-0.48148,0.03585,,,,,,,,,,,,,,,,,,,,,,,,,,0,0,0,0,0
2.5010,1783969854.2678,1,1,0.5000,-0.0000,1.42243,-0.00396,-2.63156,1.06477,1.57080,0.11675,-0.12763,-0.48153,0.03580,,,,,,,,,,,,,,,,,,,,,,,,,,0,0,0,0,0
2.5110,1783969854.2778,1,1,0.5000,-0.0000,1.42243,-0.00401,-2.63155,1.06483,1.57080,0.11675,-0.12762,-0.48155,0.03579,,,,,,,,,,,,,,,,,,,,,,,,,,0,0,0,0,0
2.5115,1783969854.2782,1,1,0.5000,-0.0000,1.42243,-0.00401,-2.63155,1.06483,1.57080,0.11675,-0.12762,-0.48155,0.03579,,,,,,,,,,,,,,,,,,,,,,,,,,0,0,0,0,0
2.5116,1783969854.2784,1,1,0.5000,-0.0000,1.42243,-0.00401,-2.63155,1.06483,1.57080,0.11675,-0.12762,-0.48155,0.03579,,,,,,,,,,,,,,,,,,,,,,,,,,0,0,0,0,0
2.5342,1783969854.3010,1,1,0.5000,-0.0000,1.42243,-0.00401,-2.63155,1.06483,1.57080,0.11675,-0.12762,-0.48155,0.03579,,,,,,,,,,,,,,,,,,,,,,,,,,0,0,0,0,0
2.5454,1783969854.3122,1,1,0.5000,-0.0000,1.42243,-0.00401,-2.63155,1.06483,1.57080,0.11675,-0.12762,-0.48155,0.03579,,,,,,,,,,,,,,,,,,,,,,,,,,0,0,0,0,0
2.5522,1783969854.3190,1,1,0.5000,-0.0000,1.42243,-0.00401,-2.63155,1.06483,1.57080,0.11675,-0.12762,-0.48155,0.03579,,,,,,,,,,,,,,,,,,,,,,,,,,0,0,0,0,0
2.5531,1783969854.3199,1,1,0.5000,-0.0000,1.42243,-0.00401,-2.63155,1.06483,1.57080,0.11675,-0.12762,-0.48155,0.03579,,,,,,,,,,,,,,,,,,,,,,,,,,0,0,0,0,0
2.5741,1783969854.3409,1,1,0.5000,-0.0000,1.42243,-0.00401,-2.63155,1.06483,1.57080,0.11675,-0.12762,-0.48155,0.03579,,,,,,,,,,,,,,,,,,,,,,,,,,0,0,0,0,0
2.5745,1783969854.3413,1,1,0.5000,-0.0000,1.42243,-0.00401,-2.63155,1.06483,1.57080,0.11675,-0.12762,-0.48155,0.03579,,,,,,,,,,,,,,,,,,,,,,,,,,0,0,0,0,0
2.5768,1783969854.3435,1,1,0.5000,-0.0000,1.42243,-0.00401,-2.63155,1.06483,1.57080,0.11675,-0.12762,-0.48155,0.03579,,,,,,,,,,,,,,,,,,,,,,,,,,0,0,0,0,0
2.5770,1783969854.3438,1,1,0.5000,-0.0000,1.42243,-0.00401,-2.63155,1.06483,1.57080,0.11675,-0.12762,-0.48155,0.03579,,,,,,,,,,,,,,,,,,,,,,,,,,0,0,0,0,0
2.6037,1783969854.3705,1,1,0.5000,-0.0000,1.42243,-0.00401,-2.63155,1.06483,1.57080,0.11675,-0.12762,-0.48155,0.03579,,,,,,,,,,,,,,,,,,,,,,,,,,0,0,0,0,0
2.6040,1783969854.3708,1,1,0.5000,-0.0000,1.42243,-0.00401,-2.63155,1.06483,1.57080,0.11675,-0.12762,-0.48155,0.03579,,,,,,,,,,,,,,,,,,,,,,,,,,0,0,0,0,0
2.7928,1783969854.5596,1,1,0.5000,-0.0000,1.42243,-0.00423,-2.63172,1.06510,1.57080,0.11675,-0.12764,-0.48146,0.03567,,,,,,,,,,,,,,,,,,,,,,,,,,0,0,0,0,0
2.8013,1783969854.5681,1,1,0.5000,-0.0000,1.42243,-0.00430,-2.63174,1.06519,1.57080,0.11675,-0.12764,-0.48146,0.03564,,,,,,,,,,,,,,,,,,,,,,,,,,0,0,0,0,0
2.8028,1783969854.5696,1,1,0.5000,-0.0000,1.42243,-0.00430,-2.63174,1.06519,1.57080,0.11675,-0.12764,-0.48146,0.03564,,,,,,,,,,,,,,,,,,,,,,,,,,0,0,0,0,0
2.8144,1783969854.5812,1,1,0.5000,-0.0000,1.42243,-0.00434,-2.63175,1.06524,1.57080,0.11675,-0.12764,-0.48145,0.03562,,,,,,,,,,,,,,,,,,,,,,,,,,0,0,0,0,0
2.8170,1783969854.5838,1,1,0.5000,-0.0000,1.42243,-0.00436,-2.63176,1.06526,1.57080,0.11675,-0.12764,-0.48145,0.03562,,,,,,,,,,,,,,,,,,,,,,,,,,0,0,0,0,0
2.8189,1783969854.5857,1,1,0.5000,-0.0000,1.42243,-0.00436,-2.63176,1.06526,1.57080,0.11675,-0.12764,-0.48145,0.03562,,,,,,,,,,,,,,,,,,,,,,,,,,0,0,0,0,0
2.8192,1783969854.5860,1,1,0.5000,-0.0000,1.42243,-0.00436,-2.63176,1.06526,1.57080,0.11675,-0.12764,-0.48145,0.03562,,,,,,,,,,,,,,,,,,,,,,,,,,0,0,0,0,0
2.8289,1783969854.5957,1,1,0.5000,-0.0000,1.42243,-0.00445,-2.63178,1.06536,1.57080,0.11675,-0.12764,-0.48145,0.03559,,,,,,,,,,,,,,,,,,,,,,,,,,0,0,0,0,0
2.8331,1783969854.5999,1,1,0.5000,-0.0000,1.42243,-0.00449,-2.63178,1.06541,1.57080,0.11675,-0.12764,-0.48145,0.03557,,,,,,,,,,,,,,,,,,,,,,,,,,0,0,0,0,0
2.8346,1783969854.6013,1,1,0.5000,-0.0000,1.42243,-0.00449,-2.63178,1.06541,1.57080,0.11675,-0.12764,-0.48145,0.03557,,,,,,,,,,,,,,,,,,,,,,,,,,0,0,0,0,0
2.8351,1783969854.6019,1,1,0.5000,-0.0000,1.42243,-0.00449,-2.63178,1.06541,1.57080,0.11675,-0.12764,-0.48145,0.03557,,,,,,,,,,,,,,,,,,,,,,,,,,0,0,0,0,0
2.8363,1783969854.6031,1,1,0.5000,-0.0000,1.42242,-0.00453,-2.63179,1.06547,1.57080,0.11675,-0.12764,-0.48145,0.03556,,,,,,,,,,,,,,,,,,,,,,,,,,0,0,0,0,0
2.8366,1783969854.6034,1,1,0.5000,-0.0000,1.42242,-0.00453,-2.63179,1.06547,1.57080,0.11675,-0.12764,-0.48145,0.03556,,,,,,,,,,,,,,,,,,,,,,,,,,0,0,0,0,0
2.8370,1783969854.6038,1,1,0.5000,-0.0000,1.42242,-0.00453,-2.63179,1.06547,1.57080,0.11675,-0.12764,-0.48145,0.03556,,,,,,,,,,,,,,,,,,,,,,,,,,0,0,0,0,0
2.8375,1783969854.6043,1,1,0.5000,-0.0000,1.42242,-0.00453,-2.63179,1.06547,1.57080,0.11675,-0.12764,-0.48145,0.03556,,,,,,,,,,,,,,,,,,,,,,,,,,0,0,0,0,0
2.8452,1783969854.6120,1,1,0.5000,-0.0000,1.42242,-0.00454,-2.63180,1.06548,1.57080,0.11675,-0.12764,-0.48145,0.03555,,,,,,,,,,,,,,,,,,,,,,,,,,0,0,0,0,0
2.8506,1783969854.6173,1,1,0.5000,-0.0000,1.42242,-0.00456,-2.63180,1.06550,1.57080,0.11675,-0.12764,-0.48145,0.03555,,,,,,,,,,,,,,,,,,,,,,,,,,0,0,0,0,0
2.8529,1783969854.6197,1,1,0.5000,-0.0000,1.42242,-0.00458,-2.63180,1.06553,1.57080,0.11675,-0.12764,-0.48146,0.03554,,,,,,,,,,,,,,,,,,,,,,,,,,0,0,0,0,0
2.8534,1783969854.6202,1,1,0.5000,-0.0000,1.42242,-0.00458,-2.63180,1.06553,1.57080,0.11675,-0.12764,-0.48146,0.03554,,,,,,,,,,,,,,,,,,,,,,,,,,0,0,0,0,0
2.8539,1783969854.6207,1,1,0.5000,-0.0000,1.42242,-0.00458,-2.63180,1.06553,1.57080,0.11675,-0.12764,-0.48146,0.03554,,,,,,,,,,,,,,,,,,,,,,,,,,0,0,0,0,0
2.8602,1783969854.6270,1,1,0.5000,-0.0000,1.42242,-0.00466,-2.63181,1.06562,1.57080,0.11675,-0.12764,-0.48146,0.03552,,,,,,,,,,,,,,,,,,,,,,,,,,0,0,0,0,0
2.8607,1783969854.6274,1,1,0.5000,-0.0000,1.42242,-0.00466,-2.63181,1.06562,1.57080,0.11675,-0.12764,-0.48146,0.03552,,,,,,,,,,,,,,,,,,,,,,,,,,0,0,0,0,0
2.8610,1783969854.6278,1,1,0.5000,-0.0000,1.42242,-0.00466,-2.63181,1.06562,1.57080,0.11675,-0.12764,-0.48146,0.03552,,,,,,,,,,,,,,,,,,,,,,,,,,0,0,0,0,0
2.8614,1783969854.6282,1,1,0.5000,-0.0000,1.42242,-0.00466,-2.63181,1.06562,1.57080,0.11675,-0.12764,-0.48146,0.03552,,,,,,,,,,,,,,,,,,,,,,,,,,0,0,0,0,0
2.8727,1783969854.6395,1,1,0.5000,-0.0000,1.42242,-0.00468,-2.63182,1.06564,1.57080,0.11675,-0.12764,-0.48146,0.03551,,,,,,,,,,,,,,,,,,,,,,,,,,0,0,0,0,0
2.8841,1783969854.6509,1,1,0.5000,-0.0000,1.42242,-0.00478,-2.63183,1.06577,1.57080,0.11675,-0.12763,-0.48147,0.03548,,,,,,,,,,,,,,,,,,,,,,,,,,0,0,0,0,0
2.8845,1783969854.6513,1,1,0.5000,-0.0000,1.42242,-0.00478,-2.63183,1.06577,1.57080,0.11675,-0.12763,-0.48147,0.03548,,,,,,,,,,,,,,,,,,,,,,,,,,0,0,0,0,0
2.8945,1783969854.6613,1,1,0.5000,-0.0000,1.42242,-0.00487,-2.63184,1.06588,1.57080,0.11675,-0.12763,-0.48147,0.03545,,,,,,,,,,,,,,,,,,,,,,,,,,0,0,0,0,0
2.9024,1783969854.6692,1,1,0.5000,-0.0000,1.42242,-0.00488,-2.63184,1.06589,1.57080,0.11675,-0.12763,-0.48147,0.03545,,,,,,,,,,,,,,,,,,,,,,,,,,0,0,0,0,0
2.9029,1783969854.6697,1,1,0.5000,-0.0000,1.42242,-0.00488,-2.63184,1.06589,1.57080,0.11675,-0.12763,-0.48147,0.03545,,,,,,,,,,,,,,,,,,,,,,,,,,0,0,0,0,0
2.9143,1783969854.6810,1,1,0.5000,-0.0000,1.42242,-0.00493,-2.63184,1.06595,1.57080,0.11675,-0.12763,-0.48148,0.03544,,,,,,,,,,,,,,,,,,,,,,,,,,0,0,0,0,0
2.9148,1783969854.6815,1,1,0.5000,-0.0000,1.42242,-0.00493,-2.63184,1.06595,1.57080,0.11675,-0.12763,-0.48148,0.03544,,,,,,,,,,,,,,,,,,,,,,,,,,0,0,0,0,0
2.9368,1783969854.7036,1,1,0.5000,-0.0000,1.42242,-0.00510,-2.63182,1.06617,1.57080,0.11675,-0.12762,-0.48153,0.03541,,,,,,,,,,,,,,,,,,,,,,,,,,0,0,0,0,0
2.9375,1783969854.7043,1,1,0.5000,-0.0000,1.42242,-0.00510,-2.63182,1.06617,1.57080,0.11675,-0.12762,-0.48153,0.03541,,,,,,,,,,,,,,,,,,,,,,,,,,0,0,0,0,0
2.9379,1783969854.7047,1,1,0.5000,-0.0000,1.42242,-0.00510,-2.63182,1.06617,1.57080,0.11675,-0.12762,-0.48153,0.03541,,,,,,,,,,,,,,,,,,,,,,,,,,0,0,0,0,0
2.9413,1783969854.7081,1,1,0.5000,-0.0000,1.42242,-0.00513,-2.63181,1.06621,1.57080,0.11675,-0.12762,-0.48154,0.03541,,,,,,,,,,,,,,,,,,,,,,,,,,0,0,0,0,0
2.9416,1783969854.7084,1,1,0.5000,-0.0000,1.42242,-0.00513,-2.63181,1.06621,1.57080,0.11675,-0.12762,-0.48154,0.03541,,,,,,,,,,,,,,,,,,,,,,,,,,0,0,0,0,0
2.9545,1783969854.7212,1,1,0.5000,-0.0000,1.42242,-0.00519,-2.63178,1.06627,1.57080,0.11675,-0.12762,-0.48157,0.03541,,,,,,,,,,,,,,,,,,,,,,,,,,0,0,0,0,0
2.9656,1783969854.7324,1,1,0.5000,-0.0000,1.42242,-0.00519,-2.63177,1.06628,1.57080,0.11675,-0.12762,-0.48158,0.03541,,,,,,,,,,,,,,,,,,,,,,,,,,0,0,0,0,0
2.9735,1783969854.7403,1,1,0.5000,-0.0000,1.42242,-0.00519,-2.63177,1.06628,1.57080,0.11675,-0.12762,-0.48158,0.03541,,,,,,,,,,,,,,,,,,,,,,,,,,0,0,0,0,0
2.9847,1783969854.7514,1,1,0.5000,-0.0000,1.42242,-0.00519,-2.63177,1.06628,1.57080,0.11675,-0.12762,-0.48158,0.03541,,,,,,,,,,,,,,,,,,,,,,,,,,0,0,0,0,0
2.9960,1783969854.7628,1,1,0.5000,-0.0000,1.42242,-0.00519,-2.63177,1.06628,1.57080,0.11675,-0.12762,-0.48158,0.03541,,,,,,,,,,,,,,,,,,,,,,,,,,0,0,0,0,0
2.9964,1783969854.7632,1,1,0.5000,-0.0000,1.42242,-0.00519,-2.63177,1.06628,1.57080,0.11675,-0.12762,-0.48158,0.03541,,,,,,,,,,,,,,,,,,,,,,,,,,0,0,0,0,0
3.0015,1783969854.7683,1,1,0.5000,-0.0000,1.42242,-0.00519,-2.63177,1.06628,1.57080,0.11675,-0.12762,-0.48158,0.03541,,,,,,,,,,,,,,,,,,,,,,,,,,0,0,0,0,0
3.0018,1783969854.7685,1,1,0.5000,-0.0000,1.42242,-0.00519,-2.63177,1.06628,1.57080,0.11675,-0.12762,-0.48158,0.03541,,,,,,,,,,,,,,,,,,,,,,,,,,0,0,0,0,0
3.0165,1783969854.7833,1,1,0.5000,-0.0000,1.42242,-0.00519,-2.63177,1.06628,1.57080,0.11675,-0.12762,-0.48158,0.03541,,,,,,,,,,,,,,,,,,,,,,,,,,0,0,0,0,0
3.0168,1783969854.7836,1,1,0.5000,-0.0000,1.42242,-0.00519,-2.63177,1.06628,1.57080,0.11675,-0.12762,-0.48158,0.03541,,,,,,,,,,,,,,,,,,,,,,,,,,0,0,0,0,0
3.0361,1783969854.8029,1,1,0.5000,-0.0000,1.42242,-0.00519,-2.63177,1.06628,1.57080,0.11675,-0.12762,-0.48158,0.03541,,,,,,,,,,,,,,,,,,,,,,,,,,0,0,0,0,0
3.0366,1783969854.8033,1,1,0.5000,-0.0000,1.42242,-0.00519,-2.63177,1.06628,1.57080,0.11675,-0.12762,-0.48158,0.03541,,,,,,,,,,,,,,,,,,,,,,,,,,0,0,0,0,0
3.0440,1783969854.8108,1,1,0.5000,-0.0000,1.42242,-0.00519,-2.63177,1.06628,1.57080,0.11675,-0.12762,-0.48158,0.03541,,,,,,,,,,,,,,,,,,,,,,,,,,0,0,0,0,0
3.0546,1783969854.8213,1,1,0.5000,-0.0000,1.42242,-0.00519,-2.63177,1.06628,1.57080,0.11675,-0.12762,-0.48158,0.03541,,,,,,,,,,,,,,,,,,,,,,,,,,0,0,0,0,0
3.0651,1783969854.8319,1,1,0.5000,-0.0000,1.42242,-0.00519,-2.63177,1.06628,1.57080,0.11675,-0.12762,-0.48158,0.03541,,,,,,,,,,,,,,,,,,,,,,,,,,0,0,0,0,0
3.0747,1783969854.8415,1,1,0.5000,-0.0000,1.42242,-0.00519,-2.63177,1.06628,1.57080,0.11675,-0.12762,-0.48158,0.03541,,,,,,,,,,,,,,,,,,,,,,,,,,0,0,0,0,0
3.0869,1783969854.8537,1,1,0.5000,-0.0000,1.42242,-0.00519,-2.63177,1.06628,1.57080,0.11675,-0.12762,-0.48158,0.03541,,,,,,,,,,,,,,,,,,,,,,,,,,0,0,0,0,0
3.0931,1783969854.8599,1,1,0.5000,-0.0000,1.42242,-0.00519,-2.63177,1.06628,1.57080,0.11675,-0.12762,-0.48158,0.03541,,,,,,,,,,,,,,,,,,,,,,,,,,0,0,0,0,0
3.1058,1783969854.8726,1,1,0.5000,-0.0000,1.42242,-0.00519,-2.63177,1.06628,1.57080,0.11675,-0.12762,-0.48158,0.03541,,,,,,,,,,,,,,,,,,,,,,,,,,0,0,0,0,0
3.1143,1783969854.8811,1,1,0.5000,-0.0000,1.42242,-0.00519,-2.63177,1.06628,1.57080,0.11675,-0.12762,-0.48158,0.03541,,,,,,,,,,,,,,,,,,,,,,,,,,0,0,0,0,0
3.1228,1783969854.8895,1,1,0.5000,-0.0000,1.42242,-0.00519,-2.63177,1.06628,1.57080,0.11675,-0.12762,-0.48158,0.03541,,,,,,,,,,,,,,,,,,,,,,,,,,0,0,0,0,0
3.1233,1783969854.8901,1,1,0.5000,-0.0000,1.42242,-0.00519,-2.63177,1.06628,1.57080,0.11675,-0.12762,-0.48158,0.03541,,,,,,,,,,,,,,,,,,,,,,,,,,0,0,0,0,0
3.1331,1783969854.8999,1,1,0.5000,-0.0000,1.42242,-0.00519,-2.63177,1.06628,1.57080,0.11675,-0.12762,-0.48158,0.03541,,,,,,,,,,,,,,,,,,,,,,,,,,0,0,0,0,0
3.1449,1783969854.9116,1,1,0.5000,-0.0000,1.42242,-0.00520,-2.63178,1.06629,1.57080,0.11675,-0.12762,-0.48157,0.03540,,,,,,,,,,,,,,,,,,,,,,,,,,0,0,0,0,0
3.1593,1783969854.9261,1,1,0.5000,-0.0000,1.42242,-0.00522,-2.63183,1.06632,1.57080,0.11675,-0.12762,-0.48155,0.03538,,,,,,,,,,,,,,,,,,,,,,,,,,0,0,0,0,0
3.1616,1783969854.9283,1,1,0.5000,-0.0000,1.42242,-0.00523,-2.63185,1.06633,1.57080,0.11675,-0.12762,-0.48153,0.03537,,,,,,,,,,,,,,,,,,,,,,,,,,0,0,0,0,0
3.1785,1783969854.9452,1,1,0.5000,-0.0000,1.42242,-0.00524,-2.63187,1.06635,1.57080,0.11675,-0.12762,-0.48152,0.03536,,,,,,,,,,,,,,,,,,,,,,,,,,0,0,0,0,0
3.1822,1783969854.9490,1,1,0.5000,-0.0000,1.42242,-0.00526,-2.63188,1.06637,1.57080,0.11675,-0.12763,-0.48151,0.03535,,,,,,,,,,,,,,,,,,,,,,,,,,0,0,0,0,0
3.1825,1783969854.9493,1,1,0.5000,-0.0000,1.42242,-0.00526,-2.63188,1.06637,1.57080,0.11675,-0.12763,-0.48151,0.03535,,,,,,,,,,,,,,,,,,,,,,,,,,0,0,0,0,0
3.1949,1783969854.9617,1,1,0.5000,-0.0000,1.42242,-0.00532,-2.63194,1.06644,1.57080,0.11675,-0.12763,-0.48148,0.03531,,,,,,,,,,,,,,,,,,,,,,,,,,0,0,0,0,0
3.2017,1783969854.9685,1,1,0.5000,-0.0000,1.42242,-0.00532,-2.63194,1.06644,1.57080,0.11675,-0.12763,-0.48148,0.03531,,,,,,,,,,,,,,,,,,,,,,,,,,0,0,0,0,0
3.2170,1783969854.9838,1,1,0.5000,-0.0000,1.42242,-0.00539,-2.63197,1.06653,1.57080,0.11675,-0.12763,-0.48146,0.03527,,,,,,,,,,,,,,,,,,,,,,,,,,0,0,0,0,0
3.2239,1783969854.9907,1,1,0.5000,-0.0000,1.42242,-0.00542,-2.63199,1.06657,1.57080,0.11675,-0.12763,-0.48146,0.03526,,,,,,,,,,,,,,,,,,,,,,,,,,0,0,0,0,0
3.2360,1783969855.0028,1,1,0.5000,-0.0000,1.42242,-0.00547,-2.63200,1.06662,1.57080,0.11675,-0.12763,-0.48146,0.03524,,,,,,,,,,,,,,,,,,,,,,,,,,0,0,0,0,0
3.2438,1783969855.0106,1,1,0.5000,-0.0000,1.42242,-0.00554,-2.63202,1.06671,1.57080,0.11675,-0.12763,-0.48146,0.03522,,,,,,,,,,,,,,,,,,,,,,,,,,0,0,0,0,0
3.2591,1783969855.0259,1,1,0.5000,-0.0000,1.42242,-0.00563,-2.63204,1.06682,1.57080,0.11675,-0.12763,-0.48145,0.03518,,,,,,,,,,,,,,,,,,,,,,,,,,0,0,0,0,0
3.2651,1783969855.0319,1,1,0.5000,-0.0000,1.42242,-0.00566,-2.63204,1.06685,1.57080,0.11675,-0.12763,-0.48145,0.03518,,,,,,,,,,,,,,,,,,,,,,,,,,0,0,0,0,0
3.2738,1783969855.0405,1,1,0.5000,-0.0000,1.42242,-0.00572,-2.63206,1.06692,1.57080,0.11675,-0.12763,-0.48146,0.03516,,,,,,,,,,,,,,,,,,,,,,,,,,0,0,0,0,0
3.2742,1783969855.0410,1,1,0.5000,-0.0000,1.42242,-0.00572,-2.63206,1.06692,1.57080,0.11675,-0.12763,-0.48146,0.03516,,,,,,,,,,,,,,,,,,,,,,,,,,0,0,0,0,0
3.2852,1783969855.0519,1,1,0.5000,-0.0000,1.42242,-0.00586,-2.63208,1.06709,1.57080,0.11675,-0.12763,-0.48146,0.03511,,,,,,,,,,,,,,,,,,,,,,,,,,0,0,0,0,0
3.2936,1783969855.0604,1,1,0.5000,-0.0000,1.42242,-0.00586,-2.63208,1.06709,1.57080,0.11675,-0.12763,-0.48146,0.03511,,,,,,,,,,,,,,,,,,,,,,,,,,0,0,0,0,0
3.3021,1783969855.0689,1,1,0.5000,-0.0000,1.42242,-0.00590,-2.63209,1.06714,1.57080,0.11675,-0.12763,-0.48146,0.03510,,,,,,,,,,,,,,,,,,,,,,,,,,0,0,0,0,0
3.3137,1783969855.0805,1,1,0.5000,-0.0000,1.42242,-0.00601,-2.63210,1.06727,1.57080,0.11675,-0.12763,-0.48147,0.03507,,,,,,,,,,,,,,,,,,,,,,,,,,0,0,0,0,0
3.3237,1783969855.0905,1,1,0.5000,-0.0000,1.42242,-0.00614,-2.63212,1.06744,1.57080,0.11675,-0.12763,-0.48148,0.03503,,,,,,,,,,,,,,,,,,,,,,,,,,0,0,0,0,0
3.3387,1783969855.1055,1,1,0.5000,-0.0000,1.42242,-0.00627,-2.63213,1.06760,1.57080,0.11675,-0.12763,-0.48149,0.03499,,,,,,,,,,,,,,,,,,,,,,,,,,0,0,0,0,0
3.3447,1783969855.1115,1,1,0.5000,-0.0000,1.42242,-0.00633,-2.63214,1.06768,1.57080,0.11675,-0.12763,-0.48150,0.03497,,,,,,,,,,,,,,,,,,,,,,,,,,0,0,0,0,0
3.3569,1783969855.1237,1,1,0.5000,-0.0000,1.42242,-0.00636,-2.63214,1.06771,1.57080,0.11675,-0.12763,-0.48150,0.03497,,,,,,,,,,,,,,,,,,,,,,,,,,0,0,0,0,0
3.3640,1783969855.1307,1,1,0.5000,-0.0000,1.42242,-0.00636,-2.63214,1.06771,1.57080,0.11675,-0.12763,-0.48150,0.03497,,,,,,,,,,,,,,,,,,,,,,,,,,0,0,0,0,0
3.3737,1783969855.1405,1,1,0.5000,-0.0000,1.42242,-0.00636,-2.63214,1.06771,1.57080,0.11675,-0.12763,-0.48150,0.03497,,,,,,,,,,,,,,,,,,,,,,,,,,0,0,0,0,0
3.3741,1783969855.1408,1,1,0.5000,-0.0000,1.42242,-0.00636,-2.63214,1.06771,1.57080,0.11675,-0.12763,-0.48150,0.03497,,,,,,,,,,,,,,,,,,,,,,,,,,0,0,0,0,0
3.3843,1783969855.1510,1,1,0.5000,-0.0000,1.42242,-0.00636,-2.63214,1.06771,1.57080,0.11675,-0.12763,-0.48150,0.03497,,,,,,,,,,,,,,,,,,,,,,,,,,0,0,0,0,0
3.3978,1783969855.1646,1,1,0.5000,-0.0000,1.42242,-0.00636,-2.63214,1.06771,1.57080,0.11675,-0.12763,-0.48150,0.03497,,,,,,,,,,,,,,,,,,,,,,,,,,0,0,0,0,0
3.4053,1783969855.1721,1,1,0.5000,-0.0000,1.42242,-0.00636,-2.63214,1.06771,1.57080,0.11675,-0.12763,-0.48150,0.03497,,,,,,,,,,,,,,,,,,,,,,,,,,0,0,0,0,0
3.4119,1783969855.1787,1,1,0.5000,-0.0000,1.42242,-0.00636,-2.63214,1.06771,1.57080,0.11675,-0.12763,-0.48150,0.03497,,,,,,,,,,,,,,,,,,,,,,,,,,0,0,0,0,0
3.4228,1783969855.1895,1,1,0.5000,-0.0000,1.42242,-0.00636,-2.63214,1.06771,1.57080,0.11675,-0.12763,-0.48150,0.03497,,,,,,,,,,,,,,,,,,,,,,,,,,0,0,0,0,0
3.4475,1783969855.2142,1,1,0.5000,-0.0000,1.42242,-0.00636,-2.63214,1.06771,1.57080,0.11675,-0.12763,-0.48150,0.03497,,,,,,,,,,,,,,,,,,,,,,,,,,0,0,0,0,0
3.4482,1783969855.2150,1,1,0.5000,-0.0000,1.42242,-0.00636,-2.63214,1.06771,1.57080,0.11675,-0.12763,-0.48150,0.03497,,,,,,,,,,,,,,,,,,,,,,,,,,0,0,0,0,0
3.4540,1783969855.2208,1,1,0.5000,-0.0000,1.42242,-0.00636,-2.63214,1.06771,1.57080,0.11675,-0.12763,-0.48150,0.03497,,,,,,,,,,,,,,,,,,,,,,,,,,0,0,0,0,0
3.4678,1783969855.2346,1,1,0.5000,-0.0000,1.42242,-0.00636,-2.63214,1.06771,1.57080,0.11675,-0.12763,-0.48150,0.03497,,,,,,,,,,,,,,,,,,,,,,,,,,0,0,0,0,0
3.4737,1783969855.2405,1,1,0.5000,-0.0000,1.42242,-0.00636,-2.63214,1.06771,1.57080,0.11675,-0.12763,-0.48150,0.03497,,,,,,,,,,,,,,,,,,,,,,,,,,0,0,0,0,0
3.4987,1783969855.2655,1,1,0.5000,-0.0000,1.42242,-0.00636,-2.63214,1.06771,1.57080,0.11675,-0.12763,-0.48150,0.03497,,,,,,,,,,,,,,,,,,,,,,,,,,0,0,0,0,0
3.5040,1783969855.2707,1,1,0.5000,-0.0000,1.42242,-0.00636,-2.63214,1.06771,1.57080,0.11675,-0.12763,-0.48150,0.03497,,,,,,,,,,,,,,,,,,,,,,,,,,0,0,0,0,0
3.5051,1783969855.2719,1,1,0.5000,-0.0000,1.42242,-0.00636,-2.63214,1.06771,1.57080,0.11675,-0.12763,-0.48150,0.03497,,,,,,,,,,,,,,,,,,,,,,,,,,0,0,0,0,0
3.5190,1783969855.2857,1,1,0.5000,-0.0000,1.42242,-0.00636,-2.63214,1.06771,1.57080,0.11675,-0.12763,-0.48150,0.03497,,,,,,,,,,,,,,,,,,,,,,,,,,0,0,0,0,0
3.5192,1783969855.2860,1,1,0.5000,-0.0000,1.42242,-0.00636,-2.63214,1.06771,1.57080,0.11675,-0.12763,-0.48150,0.03497,,,,,,,,,,,,,,,,,,,,,,,,,,0,0,0,0,0
3.5266,1783969855.2933,1,1,0.5000,-0.0000,1.42242,-0.00636,-2.63214,1.06771,1.57080,0.11675,-0.12763,-0.48150,0.03497,,,,,,,,,,,,,,,,,,,,,,,,,,0,0,0,0,0
3.5318,1783969855.2986,1,1,0.5000,-0.0000,1.42242,-0.00636,-2.63214,1.06771,1.57080,0.11675,-0.12763,-0.48150,0.03497,,,,,,,,,,,,,,,,,,,,,,,,,,0,0,0,0,0
3.5494,1783969855.3161,1,1,0.5000,-0.0000,1.42242,-0.00636,-2.63214,1.06771,1.57080,0.11675,-0.12763,-0.48150,0.03497,,,,,,,,,,,,,,,,,,,,,,,,,,0,0,0,0,0
3.5576,1783969855.3244,1,1,0.5000,-0.0000,1.42242,-0.00636,-2.63214,1.06771,1.57080,0.11675,-0.12763,-0.48150,0.03497,,,,,,,,,,,,,,,,,,,,,,,,,,0,0,0,0,0
3.5763,1783969855.3431,1,1,0.5000,-0.0000,1.42242,-0.00638,-2.63214,1.06774,1.57080,0.11675,-0.12763,-0.48150,0.03496,,,,,,,,,,,,,,,,,,,,,,,,,,0,0,0,0,0
3.6001,1783969855.3669,1,1,0.5000,-0.0000,1.42242,-0.00643,-2.63219,1.06780,1.57080,0.11675,-0.12763,-0.48148,0.03493,,,,,,,,,,,,,,,,,,,,,,,,,,0,0,0,0,0
3.6034,1783969855.3702,1,1,0.5000,-0.0000,1.42242,-0.00643,-2.63219,1.06780,1.57080,0.11675,-0.12763,-0.48148,0.03493,,,,,,,,,,,,,,,,,,,,,,,,,,0,0,0,0,0
3.6042,1783969855.3709,1,1,0.5000,-0.0000,1.42242,-0.00645,-2.63220,1.06783,1.57080,0.11675,-0.12763,-0.48147,0.03492,,,,,,,,,,,,,,,,,,,,,,,,,,0,0,0,0,0
3.6046,1783969855.3713,1,1,0.5000,-0.0000,1.42242,-0.00645,-2.63220,1.06783,1.57080,0.11675,-0.12763,-0.48147,0.03492,,,,,,,,,,,,,,,,,,,,,,,,,,0,0,0,0,0
3.6049,1783969855.3717,1,1,0.5000,-0.0000,1.42242,-0.00645,-2.63220,1.06783,1.57080,0.11675,-0.12763,-0.48147,0.03492,,,,,,,,,,,,,,,,,,,,,,,,,,0,0,0,0,0
3.6128,1783969855.3795,1,1,0.5000,-0.0000,1.42242,-0.00650,-2.63224,1.06789,1.57080,0.11675,-0.12763,-0.48145,0.03489,,,,,,,,,,,,,,,,,,,,,,,,,,0,0,0,0,0
3.6130,1783969855.3798,1,1,0.5000,-0.0000,1.42242,-0.00650,-2.63224,1.06789,1.57080,0.11675,-0.12763,-0.48145,0.03489,,,,,,,,,,,,,,,,,,,,,,,,,,0,0,0,0,0
3.6262,1783969855.3930,1,1,0.5000,-0.0000,1.42242,-0.00651,-2.63224,1.06790,1.57080,0.11675,-0.12763,-0.48145,0.03488,,,,,,,,,,,,,,,,,,,,,,,,,,0,0,0,0,0
3.6322,1783969855.3989,1,1,0.5000,-0.0000,1.42242,-0.00655,-2.63226,1.06794,1.57080,0.11675,-0.12763,-0.48144,0.03487,,,,,,,,,,,,,,,,,,,,,,,,,,0,0,0,0,0
3.6490,1783969855.4158,1,1,0.5000,-0.0000,1.42242,-0.00662,-2.63228,1.06802,1.57080,0.11675,-0.12763,-0.48143,0.03484,,,,,,,,,,,,,,,,,,,,,,,,,,0,0,0,0,0
3.6523,1783969855.4191,1,1,0.5000,-0.0000,1.42242,-0.00662,-2.63228,1.06803,1.57080,0.11675,-0.12763,-0.48143,0.03484,,,,,,,,,,,,,,,,,,,,,,,,,,0,0,0,0,0
3.6691,1783969855.4359,1,1,0.5000,-0.0000,1.42242,-0.00672,-2.63230,1.06814,1.57080,0.11675,-0.12763,-0.48144,0.03481,,,,,,,,,,,,,,,,,,,,,,,,,,0,0,0,0,0
3.6721,1783969855.4389,1,1,0.5000,-0.0000,1.42242,-0.00672,-2.63230,1.06814,1.57080,0.11675,-0.12763,-0.48144,0.03481,,,,,,,,,,,,,,,,,,,,,,,,,,0,0,0,0,0
3.6726,1783969855.4394,1,1,0.5000,-0.0000,1.42242,-0.00672,-2.63230,1.06814,1.57080,0.11675,-0.12763,-0.48144,0.03481,,,,,,,,,,,,,,,,,,,,,,,,,,0,0,0,0,0
3.6838,1783969855.4506,1,1,0.5000,-0.0000,1.42242,-0.00678,-2.63231,1.06821,1.57080,0.11675,-0.12763,-0.48144,0.03479,,,,,,,,,,,,,,,,,,,,,,,,,,0,0,0,0,0
3.6840,1783969855.4508,1,1,0.5000,-0.0000,1.42242,-0.00678,-2.63231,1.06821,1.57080,0.11675,-0.12763,-0.48144,0.03479,,,,,,,,,,,,,,,,,,,,,,,,,,0,0,0,0,0
3.6944,1783969855.4612,1,1,0.5000,-0.0000,1.42242,-0.00686,-2.63232,1.06832,1.57080,0.11675,-0.12763,-0.48145,0.03476,,,,,,,,,,,,,,,,,,,,,,,,,,0,0,0,0,0
3.7055,1783969855.4723,1,1,0.5000,-0.0000,1.42242,-0.00703,-2.63235,1.06852,1.57080,0.11675,-0.12763,-0.48145,0.03471,,,,,,,,,,,,,,,,,,,,,,,,,,0,0,0,0,0
3.7142,1783969855.4810,1,1,0.5000,-0.0000,1.42242,-0.00709,-2.63235,1.06859,1.57080,0.11675,-0.12763,-0.48146,0.03469,,,,,,,,,,,,,,,,,,,,,,,,,,0,0,0,0,0
3.7239,1783969855.4907,1,1,0.5000,-0.0000,1.42242,-0.00713,-2.63236,1.06863,1.57080,0.11675,-0.12763,-0.48146,0.03468,,,,,,,,,,,,,,,,,,,,,,,,,,0,0,0,0,0
3.7243,1783969855.4911,1,1,0.5000,-0.0000,1.42242,-0.00713,-2.63236,1.06863,1.57080,0.11675,-0.12763,-0.48146,0.03468,,,,,,,,,,,,,,,,,,,,,,,,,,0,0,0,0,0
3.7361,1783969855.5029,1,1,0.5000,-0.0000,1.42242,-0.00721,-2.63237,1.06874,1.57080,0.11675,-0.12763,-0.48147,0.03466,,,,,,,,,,,,,,,,,,,,,,,,,,0,0,0,0,0
3.7365,1783969855.5033,1,1,0.5000,-0.0000,1.42242,-0.00721,-2.63237,1.06874,1.57080,0.11675,-0.12763,-0.48147,0.03466,,,,,,,,,,,,,,,,,,,,,,,,,,0,0,0,0,0
3.7442,1783969855.5110,1,1,0.5000,-0.0000,1.42241,-0.00729,-2.63237,1.06883,1.57080,0.11675,-0.12763,-0.48148,0.03464,,,,,,,,,,,,,,,,,,,,,,,,,,0,0,0,0,0
3.7553,1783969855.5221,1,1,0.5000,-0.0000,1.42241,-0.00737,-2.63238,1.06893,1.57080,0.11675,-0.12763,-0.48148,0.03462,,,,,,,,,,,,,,,,,,,,,,,,,,0,0,0,0,0
3.7667,1783969855.5334,1,1,0.5000,-0.0000,1.42241,-0.00748,-2.63239,1.06908,1.57080,0.11675,-0.12762,-0.48150,0.03459,,,,,,,,,,,,,,,,,,,,,,,,,,0,0,0,0,0
3.7750,1783969855.5418,1,1,0.5000,-0.0000,1.42241,-0.00754,-2.63239,1.06916,1.57080,0.11675,-0.12762,-0.48151,0.03457,,,,,,,,,,,,,,,,,,,,,,,,,,0,0,0,0,0
3.7756,1783969855.5424,1,1,0.5000,-0.0000,1.42241,-0.00754,-2.63239,1.06916,1.57080,0.11675,-0.12762,-0.48151,0.03457,,,,,,,,,,,,,,,,,,,,,,,,,,0,0,0,0,0
3.8266,1783969855.5934,1,1,0.5000,-0.0000,1.42241,-0.00754,-2.63239,1.06916,1.57080,0.11675,-0.12762,-0.48151,0.03457,,,,,,,,,,,,,,,,,,,,,,,,,,0,0,0,0,0
3.8783,1783969855.6451,1,1,0.5000,-0.0000,1.42241,-0.00754,-2.63239,1.06916,1.57080,0.11675,-0.12762,-0.48151,0.03457,,,,,,,,,,,,,,,,,,,,,,,,,,0,0,0,0,0
3.9159,1783969855.6826,1,1,0.5000,-0.0000,1.42241,-0.00754,-2.63239,1.06916,1.57080,0.11675,-0.12762,-0.48151,0.03457,,,,,,,,,,,,,,,,,,,,,,,,,,0,0,0,0,0
3.9165,1783969855.6833,1,1,0.5000,-0.0000,1.42241,-0.00754,-2.63239,1.06916,1.57080,0.11675,-0.12762,-0.48151,0.03457,,,,,,,,,,,,,,,,,,,,,,,,,,0,0,0,0,0
3.9253,1783969855.6920,1,1,0.5000,-0.0000,1.42241,-0.00754,-2.63239,1.06916,1.57080,0.11675,-0.12762,-0.48151,0.03457,,,,,,,,,,,,,,,,,,,,,,,,,,0,0,0,0,0
3.9481,1783969855.7148,1,1,0.5000,-0.0000,1.42241,-0.00754,-2.63239,1.06916,1.57080,0.11675,-0.12762,-0.48151,0.03457,,,,,,,,,,,,,,,,,,,,,,,,,,0,0,0,0,0
3.9568,1783969855.7236,1,1,0.5000,-0.0000,1.42241,-0.00754,-2.63239,1.06916,1.57080,0.11675,-0.12762,-0.48151,0.03457,,,,,,,,,,,,,,,,,,,,,,,,,,0,0,0,0,0
3.9588,1783969855.7256,1,1,0.5000,-0.0000,1.42241,-0.00754,-2.63239,1.06916,1.57080,0.11675,-0.12762,-0.48151,0.03457,,,,,,,,,,,,,,,,,,,,,,,,,,0,0,0,0,0
3.9593,1783969855.7261,1,1,0.5000,-0.0000,1.42241,-0.00754,-2.63239,1.06916,1.57080,0.11675,-0.12762,-0.48151,0.03457,,,,,,,,,,,,,,,,,,,,,,,,,,0,0,0,0,0
3.9600,1783969855.7268,1,1,0.5000,-0.0000,1.42241,-0.00754,-2.63239,1.06916,1.57080,0.11675,-0.12762,-0.48151,0.03457,,,,,,,,,,,,,,,,,,,,,,,,,,0,0,0,0,0
3.9605,1783969855.7273,1,1,0.5000,-0.0000,1.42241,-0.00754,-2.63239,1.06916,1.57080,0.11675,-0.12762,-0.48151,0.03457,,,,,,,,,,,,,,,,,,,,,,,,,,0,0,0,0,0
3.9610,1783969855.7278,1,1,0.5000,-0.0000,1.42241,-0.00754,-2.63239,1.06916,1.57080,0.11675,-0.12762,-0.48151,0.03457,,,,,,,,,,,,,,,,,,,,,,,,,,0,0,0,0,0
3.9617,1783969855.7285,1,1,0.5000,-0.0000,1.42241,-0.00754,-2.63239,1.06916,1.57080,0.11675,-0.12762,-0.48151,0.03457,,,,,,,,,,,,,,,,,,,,,,,,,,0,0,0,0,0
3.9654,1783969855.7322,1,1,0.5000,-0.0000,1.42241,-0.00754,-2.63239,1.06916,1.57080,0.11675,-0.12762,-0.48151,0.03457,,,,,,,,,,,,,,,,,,,,,,,,,,0,0,0,0,0
3.9684,1783969855.7352,1,1,0.5000,-0.0000,1.42241,-0.00754,-2.63239,1.06916,1.57080,0.11675,-0.12762,-0.48151,0.03457,,,,,,,,,,,,,,,,,,,,,,,,,,0,0,0,0,0
3.9752,1783969855.7419,1,1,0.5000,-0.0000,1.42241,-0.00754,-2.63239,1.06916,1.57080,0.11675,-0.12762,-0.48151,0.03457,,,,,,,,,,,,,,,,,,,,,,,,,,0,0,0,0,0
3.9851,1783969855.7519,1,1,0.5000,-0.0000,1.42241,-0.00755,-2.63239,1.06917,1.57080,0.11675,-0.12762,-0.48151,0.03457,,,,,,,,,,,,,,,,,,,,,,,,,,0,0,0,0,0
3.9854,1783969855.7522,1,1,0.5000,-0.0000,1.42241,-0.00755,-2.63239,1.06917,1.57080,0.11675,-0.12762,-0.48151,0.03457,,,,,,,,,,,,,,,,,,,,,,,,,,0,0,0,0,0
3.9969,1783969855.7637,1,1,0.5000,-0.0000,1.42241,-0.00756,-2.63239,1.06919,1.57080,0.11675,-0.12762,-0.48151,0.03457,,,,,,,,,,,,,,,,,,,,,,,,,,0,0,0,0,0
3.9983,1783969855.7650,1,1,0.5000,-0.0000,1.42241,-0.00756,-2.63239,1.06919,1.57080,0.11675,-0.12762,-0.48151,0.03457,,,,,,,,,,,,,,,,,,,,,,,,,,0,0,0,0,0
4.0097,1783969855.7765,1,1,0.5000,-0.0000,1.42241,-0.00757,-2.63240,1.06921,1.57080,0.11675,-0.12762,-0.48151,0.03456,,,,,,,,,,,,,,,,,,,,,,,,,,0,0,0,0,0
4.0145,1783969855.7813,1,1,0.5000,-0.0000,1.42241,-0.00758,-2.63240,1.06921,1.57080,0.11675,-0.12762,-0.48151,0.03456,,,,,,,,,,,,,,,,,,,,,,,,,,0,0,0,0,0
4.0264,1783969855.7931,1,1,0.5000,-0.0000,1.42241,-0.00761,-2.63243,1.06925,1.57080,0.11675,-0.12762,-0.48149,0.03454,,,,,,,,,,,,,,,,,,,,,,,,,,0,0,0,0,0
4.0266,1783969855.7934,1,1,0.5000,-0.0000,1.42241,-0.00761,-2.63243,1.06925,1.57080,0.11675,-0.12762,-0.48149,0.03454,,,,,,,,,,,,,,,,,,,,,,,,,,0,0,0,0,0
4.0384,1783969855.8052,1,1,0.5000,-0.0000,1.42241,-0.00763,-2.63244,1.06927,1.57080,0.11675,-0.12762,-0.48149,0.03453,,,,,,,,,,,,,,,,,,,,,,,,,,0,0,0,0,0
4.0480,1783969855.8148,1,1,0.5000,-0.0000,1.42241,-0.00768,-2.63246,1.06933,1.57080,0.11675,-0.12763,-0.48148,0.03451,,,,,,,,,,,,,,,,,,,,,,,,,,0,0,0,0,0
4.0578,1783969855.8246,1,1,0.5000,-0.0000,1.42241,-0.00774,-2.63249,1.06940,1.57080,0.11675,-0.12763,-0.48147,0.03448,,,,,,,,,,,,,,,,,,,,,,,,,,0,0,0,0,0
4.0640,1783969855.8308,1,1,0.5000,-0.0000,1.42241,-0.00777,-2.63250,1.06944,1.57080,0.11675,-0.12763,-0.48146,0.03447,,,,,,,,,,,,,,,,,,,,,,,,,,0,0,0,0,0
4.0643,1783969855.8311,1,1,0.5000,-0.0000,1.42241,-0.00777,-2.63250,1.06944,1.57080,0.11675,-0.12763,-0.48146,0.03447,,,,,,,,,,,,,,,,,,,,,,,,,,0,0,0,0,0
4.0783,1783969855.8450,1,1,0.5000,-0.0000,1.42241,-0.00782,-2.63251,1.06949,1.57080,0.11675,-0.12763,-0.48146,0.03445,,,,,,,,,,,,,,,,,,,,,,,,,,0,0,0,0,0
4.0855,1783969855.8523,1,1,0.5000,-0.0000,1.42241,-0.00788,-2.63253,1.06957,1.57080,0.11675,-0.12763,-0.48146,0.03443,,,,,,,,,,,,,,,,,,,,,,,,,,0,0,0,0,0
4.1002,1783969855.8670,1,1,0.5000,-0.0000,1.42241,-0.00798,-2.63255,1.06968,1.57080,0.11675,-0.12763,-0.48146,0.03439,,,,,,,,,,,,,,,,,,,,,,,,,,0,0,0,0,0
4.1052,1783969855.8720,1,1,0.5000,-0.0000,1.42241,-0.00800,-2.63256,1.06971,1.57080,0.11675,-0.12763,-0.48146,0.03439,,,,,,,,,,,,,,,,,,,,,,,,,,0,0,0,0,0
4.1169,1783969855.8836,1,1,0.5000,-0.0000,1.42241,-0.00810,-2.63258,1.06983,1.57080,0.11675,-0.12763,-0.48146,0.03435,,,,,,,,,,,,,,,,,,,,,,,,,,0,0,0,0,0
4.1228,1783969855.8896,1,1,0.5000,-0.0000,1.42241,-0.00810,-2.63258,1.06983,1.57080,0.11675,-0.12763,-0.48146,0.03435,,,,,,,,,,,,,,,,,,,,,,,,,,0,0,0,0,0
4.1336,1783969855.9003,1,1,0.5000,-0.0000,1.42241,-0.00816,-2.63258,1.06990,1.57080,0.11675,-0.12763,-0.48146,0.03434,,,,,,,,,,,,,,,,,,,,,,,,,,0,0,0,0,0
4.1439,1783969855.9107,1,1,0.5000,-0.0000,1.42241,-0.00829,-2.63260,1.07006,1.57080,0.11675,-0.12763,-0.48147,0.03429,,,,,,,,,,,,,,,,,,,,,,,,,,0,0,0,0,0
4.1601,1783969855.9269,1,1,0.5000,-0.0000,1.42241,-0.00851,-2.63264,1.07033,1.57080,0.11675,-0.12762,-0.48148,0.03423,,,,,,,,,,,,,,,,,,,,,,,,,,0,0,0,0,0
4.1604,1783969855.9272,1,1,0.5000,-0.0000,1.42241,-0.00851,-2.63264,1.07033,1.57080,0.11675,-0.12762,-0.48148,0.03423,,,,,,,,,,,,,,,,,,,,,,,,,,0,0,0,0,0
4.1654,1783969855.9321,1,1,0.5000,-0.0000,1.42241,-0.00856,-2.63265,1.07039,1.57080,0.11675,-0.12762,-0.48148,0.03421,,,,,,,,,,,,,,,,,,,,,,,,,,0,0,0,0,0
4.1755,1783969855.9423,1,1,0.5000,-0.0000,1.42241,-0.00865,-2.63266,1.07050,1.57080,0.11675,-0.12762,-0.48149,0.03419,,,,,,,,,,,,,,,,,,,,,,,,,,0,0,0,0,0
4.1761,1783969855.9429,1,1,0.5000,-0.0000,1.42241,-0.00869,-2.63266,1.07054,1.57080,0.11675,-0.12762,-0.48149,0.03418,,,,,,,,,,,,,,,,,,,,,,,,,,0,0,0,0,0
4.1883,1783969855.9550,1,1,0.5000,-0.0000,1.42241,-0.00871,-2.63266,1.07058,1.57080,0.11675,-0.12762,-0.48150,0.03417,,,,,,,,,,,,,,,,,,,,,,,,,,0,0,0,0,0
4.1957,1783969855.9624,1,1,0.5000,-0.0000,1.42241,-0.00871,-2.63266,1.07058,1.57080,0.11675,-0.12762,-0.48150,0.03417,,,,,,,,,,,,,,,,,,,,,,,,,,0,0,0,0,0
4.2067,1783969855.9735,1,1,0.5000,-0.0000,1.42241,-0.00871,-2.63266,1.07058,1.57080,0.11675,-0.12762,-0.48150,0.03417,,,,,,,,,,,,,,,,,,,,,,,,,,0,0,0,0,0
4.2127,1783969855.9795,1,1,0.5000,-0.0000,1.42241,-0.00871,-2.63266,1.07058,1.57080,0.11675,-0.12762,-0.48150,0.03417,,,,,,,,,,,,,,,,,,,,,,,,,,0,0,0,0,0
4.2243,1783969855.9911,1,1,0.5000,-0.0000,1.42241,-0.00871,-2.63266,1.07058,1.57080,0.11675,-0.12762,-0.48150,0.03417,,,,,,,,,,,,,,,,,,,,,,,,,,0,0,0,0,0
4.2248,1783969855.9915,1,1,0.5000,-0.0000,1.42241,-0.00871,-2.63266,1.07058,1.57080,0.11675,-0.12762,-0.48150,0.03417,,,,,,,,,,,,,,,,,,,,,,,,,,0,0,0,0,0
4.2336,1783969856.0004,1,1,0.5000,-0.0000,1.42241,-0.00871,-2.63266,1.07058,1.57080,0.11675,-0.12762,-0.48150,0.03417,,,,,,,,,,,,,,,,,,,,,,,,,,0,0,0,0,0
4.2562,1783969856.0230,1,1,0.5000,-0.0000,1.42241,-0.00871,-2.63266,1.07058,1.57080,0.11675,-0.12762,-0.48150,0.03417,,,,,,,,,,,,,,,,,,,,,,,,,,0,0,0,0,0
4.2666,1783969856.0333,1,1,0.5000,-0.0000,1.42241,-0.00871,-2.63266,1.07058,1.57080,0.11675,-0.12762,-0.48150,0.03417,,,,,,,,,,,,,,,,,,,,,,,,,,0,0,0,0,0
4.2694,1783969856.0362,1,1,0.5000,-0.0000,1.42241,-0.00871,-2.63266,1.07058,1.57080,0.11675,-0.12762,-0.48150,0.03417,,,,,,,,,,,,,,,,,,,,,,,,,,0,0,0,0,0
4.2756,1783969856.0424,1,1,0.5000,-0.0000,1.42241,-0.00871,-2.63266,1.07058,1.57080,0.11675,-0.12762,-0.48150,0.03417,,,,,,,,,,,,,,,,,,,,,,,,,,0,0,0,0,0
4.2765,1783969856.0433,1,1,0.5000,-0.0000,1.42241,-0.00871,-2.63266,1.07058,1.57080,0.11675,-0.12762,-0.48150,0.03417,,,,,,,,,,,,,,,,,,,,,,,,,,0,0,0,0,0
4.2861,1783969856.0529,1,1,0.5000,-0.0000,1.42241,-0.00871,-2.63266,1.07058,1.57080,0.11675,-0.12762,-0.48150,0.03417,,,,,,,,,,,,,,,,,,,,,,,,,,0,0,0,0,0
4.2959,1783969856.0627,1,1,0.5000,-0.0000,1.42241,-0.00871,-2.63266,1.07058,1.57080,0.11675,-0.12762,-0.48150,0.03417,,,,,,,,,,,,,,,,,,,,,,,,,,0,0,0,0,0
4.3088,1783969856.0755,1,1,0.5000,-0.0000,1.42241,-0.00871,-2.63266,1.07058,1.57080,0.11675,-0.12762,-0.48150,0.03417,,,,,,,,,,,,,,,,,,,,,,,,,,0,0,0,0,0
4.3185,1783969856.0853,1,1,0.5000,-0.0000,1.42241,-0.00871,-2.63266,1.07058,1.57080,0.11675,-0.12762,-0.48150,0.03417,,,,,,,,,,,,,,,,,,,,,,,,,,0,0,0,0,0
4.3239,1783969856.0907,1,1,0.5000,-0.0000,1.42241,-0.00871,-2.63266,1.07058,1.57080,0.11675,-0.12762,-0.48150,0.03417,,,,,,,,,,,,,,,,,,,,,,,,,,0,0,0,0,0
4.3337,1783969856.1005,1,1,0.5000,-0.0000,1.42241,-0.00871,-2.63266,1.07058,1.57080,0.11675,-0.12762,-0.48150,0.03417,,,,,,,,,,,,,,,,,,,,,,,,,,0,0,0,0,0
4.3453,1783969856.1120,1,1,0.5000,-0.0000,1.42241,-0.00871,-2.63266,1.07058,1.57080,0.11675,-0.12762,-0.48150,0.03417,,,,,,,,,,,,,,,,,,,,,,,,,,0,0,0,0,0
4.3520,1783969856.1188,1,1,0.5000,-0.0000,1.42241,-0.00871,-2.63266,1.07058,1.57080,0.11675,-0.12762,-0.48150,0.03417,,,,,,,,,,,,,,,,,,,,,,,,,,0,0,0,0,0
4.3680,1783969856.1347,1,1,0.5000,-0.0000,1.42241,-0.00871,-2.63266,1.07058,1.57080,0.11675,-0.12762,-0.48150,0.03417,,,,,,,,,,,,,,,,,,,,,,,,,,0,0,0,0,0
4.3737,1783969856.1405,1,1,0.5000,-0.0000,1.42241,-0.00871,-2.63266,1.07058,1.57080,0.11675,-0.12762,-0.48150,0.03417,,,,,,,,,,,,,,,,,,,,,,,,,,0,0,0,0,0
4.3841,1783969856.1509,1,1,0.5000,-0.0000,1.42241,-0.00871,-2.63266,1.07058,1.57080,0.11675,-0.12762,-0.48150,0.03417,,,,,,,,,,,,,,,,,,,,,,,,,,0,0,0,0,0
4.3844,1783969856.1512,1,1,0.5000,-0.0000,1.42241,-0.00871,-2.63266,1.07058,1.57080,0.11675,-0.12762,-0.48150,0.03417,,,,,,,,,,,,,,,,,,,,,,,,,,0,0,0,0,0
4.3929,1783969856.1597,1,1,0.5000,-0.0000,1.42241,-0.00871,-2.63266,1.07058,1.57080,0.11675,-0.12762,-0.48150,0.03417,,,,,,,,,,,,,,,,,,,,,,,,,,0,0,0,0,0
4.4186,1783969856.1853,1,1,0.5000,-0.0000,1.42241,-0.00872,-2.63266,1.07060,1.57080,0.11675,-0.12762,-0.48150,0.03417,,,,,,,,,,,,,,,,,,,,,,,,,,0,0,0,0,0
4.4257,1783969856.1925,1,1,0.5000,-0.0000,1.42241,-0.00873,-2.63266,1.07061,1.57080,0.11675,-0.12762,-0.48150,0.03417,,,,,,,,,,,,,,,,,,,,,,,,,,0,0,0,0,0
4.4262,1783969856.1929,1,1,0.5000,-0.0000,1.42241,-0.00873,-2.63266,1.07061,1.57080,0.11675,-0.12762,-0.48150,0.03417,,,,,,,,,,,,,,,,,,,,,,,,,,0,0,0,0,0
4.4265,1783969856.1933,1,1,0.5000,-0.0000,1.42241,-0.00873,-2.63266,1.07061,1.57080,0.11675,-0.12762,-0.48150,0.03417,,,,,,,,,,,,,,,,,,,,,,,,,,0,0,0,0,0
4.4359,1783969856.2026,1,1,0.5000,-0.0000,1.42241,-0.00875,-2.63268,1.07063,1.57080,0.11675,-0.12762,-0.48149,0.03415,,,,,,,,,,,,,,,,,,,,,,,,,,0,0,0,0,0
4.4480,1783969856.2148,1,1,0.5000,-0.0000,1.42241,-0.00880,-2.63272,1.07070,1.57081,0.11675,-0.12762,-0.48147,0.03412,,,,,,,,,,,,,,,,,,,,,,,,,,0,0,0,0,0
4.4520,1783969856.2188,1,1,0.5000,-0.0000,1.42241,-0.00883,-2.63274,1.07072,1.57081,0.11675,-0.12763,-0.48146,0.03411,,,,,,,,,,,,,,,,,,,,,,,,,,0,0,0,0,0
4.4524,1783969856.2192,1,1,0.5000,-0.0000,1.42241,-0.00883,-2.63274,1.07072,1.57081,0.11675,-0.12763,-0.48146,0.03411,,,,,,,,,,,,,,,,,,,,,,,,,,0,0,0,0,0
4.4697,1783969856.2365,1,1,0.5000,-0.0000,1.42241,-0.00886,-2.63275,1.07076,1.57081,0.11675,-0.12763,-0.48146,0.03410,,,,,,,,,,,,,,,,,,,,,,,,,,0,0,0,0,0
4.4758,1783969856.2426,1,1,0.5000,-0.0000,1.42241,-0.00890,-2.63277,1.07081,1.57081,0.11675,-0.12763,-0.48145,0.03408,,,,,,,,,,,,,,,,,,,,,,,,,,0,0,0,0,0
4.4831,1783969856.2499,1,1,0.5000,-0.0000,1.42241,-0.00893,-2.63278,1.07084,1.57081,0.11675,-0.12763,-0.48144,0.03407,,,,,,,,,,,,,,,,,,,,,,,,,,0,0,0,0,0
4.4931,1783969856.2599,1,1,0.5000,-0.0000,1.42241,-0.00896,-2.63279,1.07088,1.57081,0.11675,-0.12763,-0.48144,0.03405,,,,,,,,,,,,,,,,,,,,,,,,,,0,0,0,0,0
4.5199,1783969856.2867,1,1,0.5000,-0.0000,1.42241,-0.00910,-2.63282,1.07104,1.57081,0.11675,-0.12763,-0.48144,0.03401,,,,,,,,,,,,,,,,,,,,,,,,,,0,0,0,0,0
4.5221,1783969856.2889,1,1,0.5000,-0.0000,1.42241,-0.00910,-2.63282,1.07104,1.57081,0.11675,-0.12763,-0.48144,0.03401,,,,,,,,,,,,,,,,,,,,,,,,,,0,0,0,0,0
4.5223,1783969856.2891,1,1,0.5000,-0.0000,1.42241,-0.00910,-2.63282,1.07104,1.57081,0.11675,-0.12763,-0.48144,0.03401,,,,,,,,,,,,,,,,,,,,,,,,,,0,0,0,0,0
4.5256,1783969856.2924,1,1,0.5000,-0.0000,1.42241,-0.00913,-2.63282,1.07108,1.57081,0.11675,-0.12763,-0.48144,0.03400,,,,,,,,,,,,,,,,,,,,,,,,,,0,0,0,0,0
4.5260,1783969856.2927,1,1,0.5000,-0.0000,1.42241,-0.00913,-2.63282,1.07108,1.57081,0.11675,-0.12763,-0.48144,0.03400,,,,,,,,,,,,,,,,,,,,,,,,,,0,0,0,0,0
4.5320,1783969856.2988,1,1,0.5000,-0.0000,1.42241,-0.00922,-2.63284,1.07119,1.57081,0.11675,-0.12763,-0.48145,0.03397,,,,,,,,,,,,,,,,,,,,,,,,,,0,0,0,0,0
4.5484,1783969856.3152,1,1,0.5000,-0.0000,1.42241,-0.00940,-2.63286,1.07139,1.57081,0.11675,-0.12763,-0.48145,0.03391,,,,,,,,,,,,,,,,,,,,,,,,,,0,0,0,0,0
4.5533,1783969856.3201,1,1,0.5000,-0.0000,1.42241,-0.00940,-2.63286,1.07140,1.57081,0.11675,-0.12763,-0.48145,0.03391,,,,,,,,,,,,,,,,,,,,,,,,,,0,0,0,0,0
4.5536,1783969856.3204,1,1,0.5000,-0.0000,1.42241,-0.00940,-2.63286,1.07140,1.57081,0.11675,-0.12763,-0.48145,0.03391,,,,,,,,,,,,,,,,,,,,,,,,,,0,0,0,0,0
4.5710,1783969856.3377,1,1,0.5000,-0.0000,1.42241,-0.00950,-2.63288,1.07152,1.57081,0.11675,-0.12763,-0.48146,0.03388,,,,,,,,,,,,,,,,,,,,,,,,,,0,0,0,0,0
4.5757,1783969856.3425,1,1,0.5000,-0.0000,1.42241,-0.00958,-2.63289,1.07161,1.57081,0.11675,-0.12762,-0.48146,0.03386,,,,,,,,,,,,,,,,,,,,,,,,,,0,0,0,0,0
4.5850,1783969856.3518,1,1,0.5000,-0.0000,1.42241,-0.00958,-2.63289,1.07162,1.57081,0.11675,-0.12762,-0.48146,0.03386,,,,,,,,,,,,,,,,,,,,,,,,,,0,0,0,0,0
4.5853,1783969856.3521,1,1,0.5000,-0.0000,1.42241,-0.00958,-2.63289,1.07162,1.57081,0.11675,-0.12762,-0.48146,0.03386,,,,,,,,,,,,,,,,,,,,,,,,,,0,0,0,0,0
4.5934,1783969856.3602,1,1,0.5000,-0.0000,1.42241,-0.00961,-2.63289,1.07165,1.57081,0.11675,-0.12762,-0.48147,0.03385,,,,,,,,,,,,,,,,,,,,,,,,,,0,0,0,0,0
4.6165,1783969856.3833,1,1,0.5000,-0.0000,1.42241,-0.00979,-2.63287,1.07188,1.57081,0.11675,-0.12762,-0.48151,0.03381,,,,,,,,,,,,,,,,,,,,,,,,,,0,0,0,0,0
4.6240,1783969856.3908,1,1,0.5000,-0.0000,1.42241,-0.00985,-2.63286,1.07196,1.57081,0.11675,-0.12761,-0.48153,0.03380,,,,,,,,,,,,,,,,,,,,,,,,,,0,0,0,0,0
4.6243,1783969856.3911,1,1,0.5000,-0.0000,1.42241,-0.00985,-2.63286,1.07196,1.57081,0.11675,-0.12761,-0.48153,0.03380,,,,,,,,,,,,,,,,,,,,,,,,,,0,0,0,0,0
4.6281,1783969856.3949,1,1,0.5000,-0.0000,1.42241,-0.00988,-2.63285,1.07199,1.57081,0.11675,-0.12761,-0.48154,0.03380,,,,,,,,,,,,,,,,,,,,,,,,,,0,0,0,0,0
4.6325,1783969856.3993,1,1,0.5000,-0.0000,1.42241,-0.00990,-2.63285,1.07202,1.57081,0.11675,-0.12761,-0.48155,0.03380,,,,,,,,,,,,,,,,,,,,,,,,,,0,0,0,0,0
4.6455,1783969856.4123,1,1,0.5000,-0.0000,1.42241,-0.00993,-2.63282,1.07206,1.57081,0.11675,-0.12761,-0.48157,0.03381,,,,,,,,,,,,,,,,,,,,,,,,,,0,0,0,0,0
4.6524,1783969856.4192,1,1,0.5000,-0.0000,1.42241,-0.00993,-2.63282,1.07206,1.57081,0.11675,-0.12761,-0.48157,0.03381,,,,,,,,,,,,,,,,,,,,,,,,,,0,0,0,0,0
4.6528,1783969856.4195,1,1,0.5000,-0.0000,1.42241,-0.00993,-2.63282,1.07206,1.57081,0.11675,-0.12761,-0.48157,0.03381,,,,,,,,,,,,,,,,,,,,,,,,,,0,0,0,0,0
4.6762,1783969856.4429,1,1,0.5000,-0.0000,1.42241,-0.00993,-2.63282,1.07206,1.57081,0.11675,-0.12761,-0.48157,0.03381,,,,,,,,,,,,,,,,,,,,,,,,,,0,0,0,0,0
4.6854,1783969856.4521,1,1,0.5000,-0.0000,1.42241,-0.00993,-2.63282,1.07206,1.57081,0.11675,-0.12761,-0.48157,0.03381,,,,,,,,,,,,,,,,,,,,,,,,,,0,0,0,0,0
4.6986,1783969856.4654,1,1,0.5000,-0.0000,1.42241,-0.00993,-2.63282,1.07206,1.57081,0.11675,-0.12761,-0.48157,0.03381,,,,,,,,,,,,,,,,,,,,,,,,,,0,0,0,0,0
4.7070,1783969856.4738,1,1,0.5000,-0.0000,1.42241,-0.00993,-2.63282,1.07206,1.57081,0.11675,-0.12761,-0.48157,0.03381,,,,,,,,,,,,,,,,,,,,,,,,,,0,0,0,0,0
4.7178,1783969856.4846,1,1,0.5000,-0.0000,1.42241,-0.00993,-2.63282,1.07206,1.57081,0.11675,-0.12761,-0.48157,0.03381,,,,,,,,,,,,,,,,,,,,,,,,,,0,0,0,0,0
4.7293,1783969856.4961,1,1,0.5000,-0.0000,1.42241,-0.00993,-2.63282,1.07206,1.57081,0.11675,-0.12761,-0.48157,0.03381,,,,,,,,,,,,,,,,,,,,,,,,,,0,0,0,0,0
4.7314,1783969856.4981,1,1,0.5000,-0.0000,1.42241,-0.00993,-2.63282,1.07206,1.57081,0.11675,-0.12761,-0.48157,0.03381,,,,,,,,,,,,,,,,,,,,,,,,,,0,0,0,0,0
4.7322,1783969856.4990,1,1,0.5000,-0.0000,1.42241,-0.00993,-2.63282,1.07206,1.57081,0.11675,-0.12761,-0.48157,0.03381,,,,,,,,,,,,,,,,,,,,,,,,,,0,0,0,0,0
4.7385,1783969856.5053,1,1,0.5000,-0.0000,1.42241,-0.00993,-2.63282,1.07206,1.57081,0.11675,-0.12761,-0.48157,0.03381,,,,,,,,,,,,,,,,,,,,,,,,,,0,0,0,0,0
4.7388,1783969856.5056,1,1,0.5000,-0.0000,1.42241,-0.00993,-2.63282,1.07206,1.57081,0.11675,-0.12761,-0.48157,0.03381,,,,,,,,,,,,,,,,,,,,,,,,,,0,0,0,0,0
4.7443,1783969856.5111,1,1,0.5000,-0.0000,1.42241,-0.00993,-2.63282,1.07206,1.57081,0.11675,-0.12761,-0.48157,0.03381,,,,,,,,,,,,,,,,,,,,,,,,,,0,0,0,0,0
4.7528,1783969856.5196,1,1,0.5000,-0.0000,1.42241,-0.00993,-2.63282,1.07206,1.57081,0.11675,-0.12761,-0.48157,0.03381,,,,,,,,,,,,,,,,,,,,,,,,,,0,0,0,0,0
4.7642,1783969856.5309,1,1,0.5000,-0.0000,1.42241,-0.00993,-2.63282,1.07206,1.57081,0.11675,-0.12761,-0.48157,0.03381,,,,,,,,,,,,,,,,,,,,,,,,,,0,0,0,0,0
4.7765,1783969856.5433,1,1,0.5000,-0.0000,1.42241,-0.00993,-2.63282,1.07206,1.57081,0.11675,-0.12761,-0.48157,0.03381,,,,,,,,,,,,,,,,,,,,,,,,,,0,0,0,0,0
4.7833,1783969856.5501,1,1,0.5000,-0.0000,1.42241,-0.00993,-2.63282,1.07206,1.57081,0.11675,-0.12761,-0.48157,0.03381,,,,,,,,,,,,,,,,,,,,,,,,,,0,0,0,0,0
4.7838,1783969856.5506,1,1,0.5000,-0.0000,1.42241,-0.00993,-2.63282,1.07206,1.57081,0.11675,-0.12761,-0.48157,0.03381,,,,,,,,,,,,,,,,,,,,,,,,,,0,0,0,0,0
4.7957,1783969856.5625,1,1,0.5000,-0.0000,1.42241,-0.00993,-2.63282,1.07206,1.57081,0.11675,-0.12761,-0.48157,0.03381,,,,,,,,,,,,,,,,,,,,,,,,,,0,0,0,0,0
4.8040,1783969856.5708,1,1,0.5000,-0.0000,1.42241,-0.00993,-2.63282,1.07206,1.57081,0.11675,-0.12761,-0.48157,0.03381,,,,,,,,,,,,,,,,,,,,,,,,,,0,0,0,0,0
4.8043,1783969856.5711,1,1,0.5000,-0.0000,1.42241,-0.00993,-2.63282,1.07206,1.57081,0.11675,-0.12761,-0.48157,0.03381,,,,,,,,,,,,,,,,,,,,,,,,,,0,0,0,0,0
4.8162,1783969856.5829,1,1,0.5000,-0.0000,1.42241,-0.00993,-2.63282,1.07206,1.57081,0.11675,-0.12761,-0.48157,0.03381,,,,,,,,,,,,,,,,,,,,,,,,,,0,0,0,0,0
4.8166,1783969856.5834,1,1,0.5000,-0.0000,1.42241,-0.00993,-2.63282,1.07206,1.57081,0.11675,-0.12761,-0.48157,0.03381,,,,,,,,,,,,,,,,,,,,,,,,,,0,0,0,0,0
4.8260,1783969856.5927,1,1,0.5000,-0.0000,1.42241,-0.00993,-2.63282,1.07206,1.57081,0.11675,-0.12761,-0.48157,0.03381,,,,,,,,,,,,,,,,,,,,,,,,,,0,0,0,0,0
4.8335,1783969856.6003,1,1,0.5000,-0.0000,1.42241,-0.00994,-2.63283,1.07206,1.57081,0.11675,-0.12761,-0.48157,0.03380,,,,,,,,,,,,,,,,,,,,,,,,,,0,0,0,0,0
4.8458,1783969856.6126,1,1,0.5000,-0.0000,1.42241,-0.00994,-2.63285,1.07208,1.57081,0.11675,-0.12761,-0.48156,0.03379,,,,,,,,,,,,,,,,,,,,,,,,,,0,0,0,0,0
4.8569,1783969856.6236,1,1,0.5000,-0.0000,1.42241,-0.00996,-2.63287,1.07210,1.57081,0.11675,-0.12761,-0.48154,0.03378,,,,,,,,,,,,,,,,,,,,,,,,,,0,0,0,0,0
4.8671,1783969856.6339,1,1,0.5000,-0.0000,1.42241,-0.00998,-2.63291,1.07213,1.57081,0.11675,-0.12761,-0.48152,0.03376,,,,,,,,,,,,,,,,,,,,,,,,,,0,0,0,0,0
4.8783,1783969856.6450,1,1,0.5000,-0.0000,1.42241,-0.01002,-2.63295,1.07217,1.57081,0.11675,-0.12762,-0.48149,0.03373,,,,,,,,,,,,,,,,,,,,,,,,,,0,0,0,0,0
4.8840,1783969856.6507,1,1,0.5000,-0.0000,1.42241,-0.01003,-2.63296,1.07219,1.57081,0.11675,-0.12762,-0.48149,0.03372,,,,,,,,,,,,,,,,,,,,,,,,,,0,0,0,0,0
4.8843,1783969856.6511,1,1,0.5000,-0.0000,1.42241,-0.01003,-2.63296,1.07219,1.57081,0.11675,-0.12762,-0.48149,0.03372,,,,,,,,,,,,,,,,,,,,,,,,,,0,0,0,0,0
4.8961,1783969856.6629,1,1,0.5000,-0.0000,1.42240,-0.01009,-2.63300,1.07225,1.57081,0.11675,-0.12762,-0.48147,0.03369,,,,,,,,,,,,,,,,,,,,,,,,,,0,0,0,0,0
4.8964,1783969856.6632,1,1,0.5000,-0.0000,1.42240,-0.01009,-2.63300,1.07225,1.57081,0.11675,-0.12762,-0.48147,0.03369,,,,,,,,,,,,,,,,,,,,,,,,,,0,0,0,0,0
4.9045,1783969856.6712,1,1,0.5000,-0.0000,1.42240,-0.01014,-2.63303,1.07231,1.57081,0.11675,-0.12762,-0.48145,0.03366,,,,,,,,,,,,,,,,,,,,,,,,,,0,0,0,0,0
4.9047,1783969856.6715,1,1,0.5000,-0.0000,1.42240,-0.01014,-2.63303,1.07231,1.57081,0.11675,-0.12762,-0.48145,0.03366,,,,,,,,,,,,,,,,,,,,,,,,,,0,0,0,0,0
4.9205,1783969856.6873,1,1,0.5000,-0.0000,1.42240,-0.01018,-2.63304,1.07236,1.57081,0.11675,-0.12762,-0.48145,0.03365,,,,,,,,,,,,,,,,,,,,,,,,,,0,0,0,0,0
4.9295,1783969856.6963,1,1,0.5000,-0.0000,1.42240,-0.01024,-2.63305,1.07243,1.57081,0.11675,-0.12762,-0.48145,0.03363,,,,,,,,,,,,,,,,,,,,,,,,,,0,0,0,0,0
4.9329,1783969856.6997,1,1,0.5000,-0.0000,1.42240,-0.01024,-2.63305,1.07243,1.57081,0.11675,-0.12762,-0.48145,0.03363,,,,,,,,,,,,,,,,,,,,,,,,,,0,0,0,0,0
4.9439,1783969856.7106,1,1,0.5000,-0.0000,1.42240,-0.01030,-2.63307,1.07250,1.57081,0.11675,-0.12762,-0.48145,0.03361,,,,,,,,,,,,,,,,,,,,,,,,,,0,0,0,0,0
4.9629,1783969856.7297,1,1,0.5000,-0.0000,1.42240,-0.01050,-2.63310,1.07274,1.57081,0.11675,-0.12762,-0.48145,0.03354,,,,,,,,,,,,,,,,,,,,,,,,,,0,0,0,0,0
4.9650,1783969856.7317,1,1,0.5000,-0.0000,1.42240,-0.01050,-2.63310,1.07274,1.57081,0.11675,-0.12762,-0.48145,0.03354,,,,,,,,,,,,,,,,,,,,,,,,,,0,0,0,0,0
4.9653,1783969856.7321,1,1,0.5000,-0.0000,1.42240,-0.01050,-2.63310,1.07274,1.57081,0.11675,-0.12762,-0.48145,0.03354,,,,,,,,,,,,,,,,,,,,,,,,,,0,0,0,0,0
4.9787,1783969856.7455,1,1,0.5000,-0.0000,1.42240,-0.01055,-2.63311,1.07279,1.57081,0.11675,-0.12762,-0.48145,0.03353,,,,,,,,,,,,,,,,,,,,,,,,,,0,0,0,0,0
4.9859,1783969856.7527,1,1,0.5000,-0.0000,1.42240,-0.01062,-2.63312,1.07288,1.57081,0.11675,-0.12762,-0.48146,0.03350,,,,,,,,,,,,,,,,,,,,,,,,,,0,0,0,0,0
4.9948,1783969856.7616,1,1,0.5000,-0.0000,1.42240,-0.01071,-2.63314,1.07299,1.57081,0.11675,-0.12762,-0.48146,0.03347,,,,,,,,,,,,,,,,,,,,,,,,,,0,0,0,0,0
5.0079,1783969856.7747,1,1,0.5000,-0.0000,1.42240,-0.01091,-2.63317,1.07323,1.57081,0.11675,-0.12762,-0.48147,0.03341,,,,,,,,,,,,,,,,,,,,,,,,,,0,0,0,0,0
5.0083,1783969856.7751,1,1,0.5000,-0.0000,1.42240,-0.01091,-2.63317,1.07323,1.57081,0.11675,-0.12762,-0.48147,0.03341,,,,,,,,,,,,,,,,,,,,,,,,,,0,0,0,0,0
5.0341,1783969856.8009,1,1,0.5000,-0.0000,1.42240,-0.01105,-2.63319,1.07341,1.57081,0.11675,-0.12762,-0.48148,0.03337,,,,,,,,,,,,,,,,,,,,,,,,,,0,0,0,0,0
5.0368,1783969856.8036,1,1,0.5000,-0.0000,1.42240,-0.01105,-2.63319,1.07341,1.57081,0.11675,-0.12762,-0.48148,0.03337,,,,,,,,,,,,,,,,,,,,,,,,,,0,0,0,0,0
5.0371,1783969856.8038,1,1,0.5000,-0.0000,1.42240,-0.01105,-2.63319,1.07341,1.57081,0.11675,-0.12762,-0.48148,0.03337,,,,,,,,,,,,,,,,,,,,,,,,,,0,0,0,0,0
5.0374,1783969856.8042,1,1,0.5000,-0.0000,1.42240,-0.01105,-2.63319,1.07341,1.57081,0.11675,-0.12762,-0.48148,0.03337,,,,,,,,,,,,,,,,,,,,,,,,,,0,0,0,0,0
5.0538,1783969856.8206,1,1,0.5000,-0.0000,1.42240,-0.01105,-2.63319,1.07341,1.57081,0.11675,-0.12762,-0.48148,0.03337,,,,,,,,,,,,,,,,,,,,,,,,,,0,0,0,0,0
5.0645,1783969856.8312,1,1,0.5000,-0.0000,1.42240,-0.01105,-2.63319,1.07341,1.57081,0.11675,-0.12762,-0.48148,0.03337,,,,,,,,,,,,,,,,,,,,,,,,,,0,0,0,0,0
5.0648,1783969856.8316,1,1,0.5000,-0.0000,1.42240,-0.01105,-2.63319,1.07341,1.57081,0.11675,-0.12762,-0.48148,0.03337,,,,,,,,,,,,,,,,,,,,,,,,,,0,0,0,0,0
5.0835,1783969856.8503,1,1,0.5000,-0.0000,1.42240,-0.01105,-2.63319,1.07341,1.57081,0.11675,-0.12762,-0.48148,0.03337,,,,,,,,,,,,,,,,,,,,,,,,,,0,0,0,0,0
5.0842,1783969856.8510,1,1,0.5000,-0.0000,1.42240,-0.01105,-2.63319,1.07341,1.57081,0.11675,-0.12762,-0.48148,0.03337,,,,,,,,,,,,,,,,,,,,,,,,,,0,0,0,0,0
5.0845,1783969856.8513,1,1,0.5000,-0.0000,1.42240,-0.01105,-2.63319,1.07341,1.57081,0.11675,-0.12762,-0.48148,0.03337,,,,,,,,,,,,,,,,,,,,,,,,,,0,0,0,0,0
5.0882,1783969856.8550,1,1,0.5000,-0.0000,1.42240,-0.01105,-2.63319,1.07341,1.57081,0.11675,-0.12762,-0.48148,0.03337,,,,,,,,,,,,,,,,,,,,,,,,,,0,0,0,0,0
5.0931,1783969856.8599,1,1,0.5000,-0.0000,1.42240,-0.01105,-2.63319,1.07341,1.57081,0.11675,-0.12762,-0.48148,0.03337,,,,,,,,,,,,,,,,,,,,,,,,,,0,0,0,0,0
5.1066,1783969856.8734,1,1,0.5000,-0.0000,1.42240,-0.01105,-2.63319,1.07341,1.57081,0.11675,-0.12762,-0.48148,0.03337,,,,,,,,,,,,,,,,,,,,,,,,,,0,0,0,0,0
5.1126,1783969856.8794,1,1,0.5000,-0.0000,1.42240,-0.01105,-2.63319,1.07341,1.57081,0.11675,-0.12762,-0.48148,0.03337,,,,,,,,,,,,,,,,,,,,,,,,,,0,0,0,0,0
5.1289,1783969856.8957,1,1,0.5000,-0.0000,1.42240,-0.01105,-2.63319,1.07341,1.57081,0.11675,-0.12762,-0.48148,0.03337,,,,,,,,,,,,,,,,,,,,,,,,,,0,0,0,0,0
5.1383,1783969856.9051,1,1,0.5000,-0.0000,1.42240,-0.01105,-2.63319,1.07341,1.57081,0.11675,-0.12762,-0.48148,0.03337,,,,,,,,,,,,,,,,,,,,,,,,,,0,0,0,0,0
5.1480,1783969856.9147,1,1,0.5000,-0.0000,1.42240,-0.01105,-2.63319,1.07341,1.57081,0.11675,-0.12762,-0.48148,0.03337,,,,,,,,,,,,,,,,,,,,,,,,,,0,0,0,0,0
5.1550,1783969856.9217,1,1,0.5000,-0.0000,1.42240,-0.01105,-2.63319,1.07341,1.57081,0.11675,-0.12762,-0.48148,0.03337,,,,,,,,,,,,,,,,,,,,,,,,,,0,0,0,0,0
5.1553,1783969856.9221,1,1,0.5000,-0.0000,1.42240,-0.01105,-2.63319,1.07341,1.57081,0.11675,-0.12762,-0.48148,0.03337,,,,,,,,,,,,,,,,,,,,,,,,,,0,0,0,0,0
5.1646,1783969856.9313,1,1,0.5000,-0.0000,1.42240,-0.01105,-2.63319,1.07341,1.57081,0.11675,-0.12762,-0.48148,0.03337,,,,,,,,,,,,,,,,,,,,,,,,,,0,0,0,0,0
5.1784,1783969856.9452,1,1,0.5000,-0.0000,1.42240,-0.01105,-2.63319,1.07341,1.57081,0.11675,-0.12762,-0.48148,0.03337,,,,,,,,,,,,,,,,,,,,,,,,,,0,0,0,0,0
5.1856,1783969856.9523,1,1,0.5000,-0.0000,1.42240,-0.01105,-2.63319,1.07341,1.57081,0.11675,-0.12762,-0.48148,0.03337,,,,,,,,,,,,,,,,,,,,,,,,,,0,0,0,0,0
5.1973,1783969856.9641,1,1,0.5000,-0.0000,1.42240,-0.01105,-2.63319,1.07341,1.57081,0.11675,-0.12762,-0.48148,0.03337,,,,,,,,,,,,,,,,,,,,,,,,,,0,0,0,0,0
5.2051,1783969856.9719,1,1,0.5000,-0.0000,1.42240,-0.01105,-2.63319,1.07341,1.57081,0.11675,-0.12762,-0.48148,0.03337,,,,,,,,,,,,,,,,,,,,,,,,,,0,0,0,0,0
5.2126,1783969856.9794,1,1,0.5000,-0.0000,1.42240,-0.01105,-2.63319,1.07341,1.57081,0.11675,-0.12762,-0.48148,0.03337,,,,,,,,,,,,,,,,,,,,,,,,,,0,0,0,0,0
5.2130,1783969856.9798,1,1,0.5000,-0.0000,1.42240,-0.01105,-2.63319,1.07341,1.57081,0.11675,-0.12762,-0.48148,0.03337,,,,,,,,,,,,,,,,,,,,,,,,,,0,0,0,0,0
5.2281,1783969856.9949,1,1,0.5000,-0.0000,1.42240,-0.01105,-2.63319,1.07341,1.57081,0.11675,-0.12762,-0.48148,0.03337,,,,,,,,,,,,,,,,,,,,,,,,,,0,0,0,0,0
5.2284,1783969856.9952,1,1,0.5000,-0.0000,1.42240,-0.01105,-2.63319,1.07341,1.57081,0.11675,-0.12762,-0.48148,0.03337,,,,,,,,,,,,,,,,,,,,,,,,,,0,0,0,0,0
5.2373,1783969857.0041,1,1,0.5000,-0.0000,1.42240,-0.01105,-2.63319,1.07341,1.57081,0.11675,-0.12762,-0.48148,0.03337,,,,,,,,,,,,,,,,,,,,,,,,,,0,0,0,0,0
5.2448,1783969857.0116,1,1,0.5000,-0.0000,1.42240,-0.01106,-2.63318,1.07342,1.57081,0.11675,-0.12762,-0.48148,0.03337,,,,,,,,,,,,,,,,,,,,,,,,,,0,0,0,0,0
5.2451,1783969857.0119,1,1,0.5000,-0.0000,1.42240,-0.01106,-2.63318,1.07342,1.57081,0.11675,-0.12762,-0.48148,0.03337,,,,,,,,,,,,,,,,,,,,,,,,,,0,0,0,0,0
5.2548,1783969857.0216,1,1,0.5000,-0.0000,1.42240,-0.01107,-2.63318,1.07343,1.57081,0.11675,-0.12762,-0.48149,0.03337,,,,,,,,,,,,,,,,,,,,,,,,,,0,0,0,0,0
5.3023,1783969857.0690,1,1,0.5000,-0.0000,1.42240,-0.01120,-2.63325,1.07361,1.57081,0.11674,-0.12762,-0.48146,0.03331,,,,,,,,,,,,,,,,,,,,,,,,,,0,0,0,0,0
5.3220,1783969857.0888,1,1,0.5000,-0.0000,1.42240,-0.01135,-2.63334,1.07378,1.57081,0.11674,-0.12763,-0.48142,0.03323,,,,,,,,,,,,,,,,,,,,,,,,,,0,0,0,0,0
5.3323,1783969857.0990,1,1,0.5000,-0.0000,1.42240,-0.01136,-2.63334,1.07379,1.57081,0.11674,-0.12763,-0.48142,0.03323,,,,,,,,,,,,,,,,,,,,,,,,,,0,0,0,0,0
5.3445,1783969857.1113,1,1,0.5000,-0.0000,1.42240,-0.01142,-2.63335,1.07387,1.57081,0.11674,-0.12763,-0.48142,0.03321,,,,,,,,,,,,,,,,,,,,,,,,,,0,0,0,0,0
5.3457,1783969857.1125,1,1,0.5000,-0.0000,1.42240,-0.01142,-2.63335,1.07387,1.57081,0.11674,-0.12763,-0.48142,0.03321,,,,,,,,,,,,,,,,,,,,,,,,,,0,0,0,0,0
5.3460,1783969857.1128,1,1,0.5000,-0.0000,1.42240,-0.01142,-2.63335,1.07387,1.57081,0.11674,-0.12763,-0.48142,0.03321,,,,,,,,,,,,,,,,,,,,,,,,,,0,0,0,0,0
5.3464,1783969857.1131,1,1,0.5000,-0.0000,1.42240,-0.01142,-2.63335,1.07387,1.57081,0.11674,-0.12763,-0.48142,0.03321,,,,,,,,,,,,,,,,,,,,,,,,,,0,0,0,0,0
5.3467,1783969857.1134,1,1,0.5000,-0.0000,1.42240,-0.01142,-2.63335,1.07387,1.57081,0.11674,-0.12763,-0.48142,0.03321,,,,,,,,,,,,,,,,,,,,,,,,,,0,0,0,0,0
5.3575,1783969857.1242,1,1,0.5000,-0.0000,1.42240,-0.01149,-2.63335,1.07395,1.57081,0.11674,-0.12763,-0.48143,0.03319,,,,,,,,,,,,,,,,,,,,,,,,,,0,0,0,0,0
5.4163,1783969857.1831,1,1,0.5000,-0.0000,1.42240,-0.01190,-2.63340,1.07444,1.57081,0.11674,-0.12762,-0.48146,0.03307,,,,,,,,,,,,,,,,,,,,,,,,,,0,0,0,0,0
5.4166,1783969857.1833,1,1,0.5000,-0.0000,1.42240,-0.01190,-2.63340,1.07444,1.57081,0.11674,-0.12762,-0.48146,0.03307,,,,,,,,,,,,,,,,,,,,,,,,,,0,0,0,0,0
5.4181,1783969857.1849,1,1,0.5000,-0.0000,1.42240,-0.01190,-2.63340,1.07444,1.57081,0.11674,-0.12762,-0.48146,0.03307,,,,,,,,,,,,,,,,,,,,,,,,,,0,0,0,0,0
5.4185,1783969857.1853,1,1,0.5000,-0.0000,1.42240,-0.01190,-2.63340,1.07444,1.57081,0.11674,-0.12762,-0.48146,0.03307,,,,,,,,,,,,,,,,,,,,,,,,,,0,0,0,0,0
5.4191,1783969857.1859,1,1,0.5000,-0.0000,1.42240,-0.01190,-2.63340,1.07444,1.57081,0.11674,-0.12762,-0.48146,0.03307,,,,,,,,,,,,,,,,,,,,,,,,,,0,0,0,0,0
5.4195,1783969857.1863,1,1,0.5000,-0.0000,1.42240,-0.01190,-2.63340,1.07444,1.57081,0.11674,-0.12762,-0.48146,0.03307,,,,,,,,,,,,,,,,,,,,,,,,,,0,0,0,0,0
5.4419,1783969857.2087,1,1,0.5000,-0.0000,1.42240,-0.01203,-2.63340,1.07460,1.57081,0.11674,-0.12762,-0.48148,0.03304,,,,,,,,,,,,,,,,,,,,,,,,,,0,0,0,0,0
5.4423,1783969857.2090,1,1,0.5000,-0.0000,1.42240,-0.01203,-2.63340,1.07460,1.57081,0.11674,-0.12762,-0.48148,0.03304,,,,,,,,,,,,,,,,,,,,,,,,,,0,0,0,0,0
5.4460,1783969857.2128,1,1,0.5000,-0.0000,1.42240,-0.01206,-2.63340,1.07464,1.57081,0.11674,-0.12762,-0.48148,0.03303,,,,,,,,,,,,,,,,,,,,,,,,,,0,0,0,0,0
5.4463,1783969857.2131,1,1,0.5000,-0.0000,1.42240,-0.01206,-2.63340,1.07464,1.57081,0.11674,-0.12762,-0.48148,0.03303,,,,,,,,,,,,,,,,,,,,,,,,,,0,0,0,0,0
5.4535,1783969857.2203,1,1,0.5000,-0.0000,1.42240,-0.01214,-2.63340,1.07474,1.57081,0.11674,-0.12761,-0.48150,0.03302,,,,,,,,,,,,,,,,,,,,,,,,,,0,0,0,0,0
5.4621,1783969857.2289,1,1,0.5000,-0.0000,1.42240,-0.01221,-2.63340,1.07483,1.57081,0.11674,-0.12761,-0.48151,0.03300,,,,,,,,,,,,,,,,,,,,,,,,,,0,0,0,0,0
5.4788,1783969857.2456,1,1,0.5000,-0.0000,1.42240,-0.01231,-2.63337,1.07496,1.57081,0.11674,-0.12761,-0.48155,0.03299,,,,,,,,,,,,,,,,,,,,,,,,,,0,0,0,0,0
5.4841,1783969857.2509,1,1,0.5000,-0.0000,1.42240,-0.01231,-2.63337,1.07496,1.57081,0.11674,-0.12761,-0.48155,0.03299,,,,,,,,,,,,,,,,,,,,,,,,,,0,0,0,0,0
5.4847,1783969857.2514,1,1,0.5000,-0.0000,1.42240,-0.01231,-2.63337,1.07496,1.57081,0.11674,-0.12761,-0.48155,0.03299,,,,,,,,,,,,,,,,,,,,,,,,,,0,0,0,0,0
5.4949,1783969857.2616,1,1,0.5000,-0.0000,1.42240,-0.01231,-2.63337,1.07496,1.57081,0.11674,-0.12761,-0.48155,0.03299,,,,,,,,,,,,,,,,,,,,,,,,,,0,0,0,0,0
5.5028,1783969857.2696,1,1,0.5000,-0.0000,1.42240,-0.01231,-2.63337,1.07496,1.57081,0.11674,-0.12761,-0.48155,0.03299,,,,,,,,,,,,,,,,,,,,,,,,,,0,0,0,0,0
5.5359,1783969857.3027,1,1,0.5000,-0.0000,1.42240,-0.01231,-2.63337,1.07496,1.57081,0.11674,-0.12761,-0.48155,0.03299,,,,,,,,,,,,,,,,,,,,,,,,,,0,0,0,0,0
5.5363,1783969857.3031,1,1,0.5000,-0.0000,1.42240,-0.01231,-2.63337,1.07496,1.57081,0.11674,-0.12761,-0.48155,0.03299,,,,,,,,,,,,,,,,,,,,,,,,,,0,0,0,0,0
5.5366,1783969857.3034,1,1,0.5000,-0.0000,1.42240,-0.01231,-2.63337,1.07496,1.57081,0.11674,-0.12761,-0.48155,0.03299,,,,,,,,,,,,,,,,,,,,,,,,,,0,0,0,0,0
5.5369,1783969857.3037,1,1,0.5000,-0.0000,1.42240,-0.01231,-2.63337,1.07496,1.57081,0.11674,-0.12761,-0.48155,0.03299,,,,,,,,,,,,,,,,,,,,,,,,,,0,0,0,0,0
5.5485,1783969857.3153,1,1,0.5000,-0.0000,1.42240,-0.01231,-2.63337,1.07496,1.57081,0.11674,-0.12761,-0.48155,0.03299,,,,,,,,,,,,,,,,,,,,,,,,,,0,0,0,0,0
5.5535,1783969857.3203,1,1,0.5000,-0.0000,1.42240,-0.01231,-2.63337,1.07496,1.57081,0.11674,-0.12761,-0.48155,0.03299,,,,,,,,,,,,,,,,,,,,,,,,,,0,0,0,0,0
5.5538,1783969857.3206,1,1,0.5000,-0.0000,1.42240,-0.01231,-2.63337,1.07496,1.57081,0.11674,-0.12761,-0.48155,0.03299,,,,,,,,,,,,,,,,,,,,,,,,,,0,0,0,0,0
5.5573,1783969857.3241,1,1,0.5000,-0.0000,1.42240,-0.01231,-2.63337,1.07496,1.57081,0.11674,-0.12761,-0.48155,0.03299,,,,,,,,,,,,,,,,,,,,,,,,,,0,0,0,0,0
5.5639,1783969857.3307,1,1,0.5000,-0.0000,1.42240,-0.01231,-2.63337,1.07496,1.57081,0.11674,-0.12761,-0.48155,0.03299,,,,,,,,,,,,,,,,,,,,,,,,,,0,0,0,0,0
5.5761,1783969857.3429,1,1,0.5000,-0.0000,1.42240,-0.01231,-2.63337,1.07496,1.57081,0.11674,-0.12761,-0.48155,0.03299,,,,,,,,,,,,,,,,,,,,,,,,,,0,0,0,0,0
5.5764,1783969857.3432,1,1,0.5000,-0.0000,1.42240,-0.01231,-2.63337,1.07496,1.57081,0.11674,-0.12761,-0.48155,0.03299,,,,,,,,,,,,,,,,,,,,,,,,,,0,0,0,0,0
5.5931,1783969857.3599,1,1,0.5000,-0.0000,1.42240,-0.01231,-2.63337,1.07496,1.57081,0.11674,-0.12761,-0.48155,0.03299,,,,,,,,,,,,,,,,,,,,,,,,,,0,0,0,0,0
5.5947,1783969857.3614,1,1,0.5000,-0.0000,1.42240,-0.01231,-2.63337,1.07496,1.57081,0.11674,-0.12761,-0.48155,0.03299,,,,,,,,,,,,,,,,,,,,,,,,,,0,0,0,0,0
5.5950,1783969857.3618,1,1,0.5000,-0.0000,1.42240,-0.01231,-2.63337,1.07496,1.57081,0.11674,-0.12761,-0.48155,0.03299,,,,,,,,,,,,,,,,,,,,,,,,,,0,0,0,0,0
5.6032,1783969857.3700,1,1,0.5000,-0.0000,1.42240,-0.01231,-2.63337,1.07496,1.57081,0.11674,-0.12761,-0.48155,0.03299,,,,,,,,,,,,,,,,,,,,,,,,,,0,0,0,0,0
5.6147,1783969857.3815,1,1,0.5000,-0.0000,1.42240,-0.01231,-2.63337,1.07496,1.57081,0.11674,-0.12761,-0.48155,0.03299,,,,,,,,,,,,,,,,,,,,,,,,,,0,0,0,0,0
5.6260,1783969857.3928,1,1,0.5000,-0.0000,1.42240,-0.01231,-2.63337,1.07496,1.57081,0.11674,-0.12761,-0.48155,0.03299,,,,,,,,,,,,,,,,,,,,,,,,,,0,0,0,0,0
5.6599,1783969857.4267,1,1,0.5000,-0.0000,1.42240,-0.01231,-2.63337,1.07496,1.57081,0.11674,-0.12761,-0.48155,0.03299,,,,,,,,,,,,,,,,,,,,,,,,,,0,0,0,0,0
5.6602,1783969857.4270,1,1,0.5000,-0.0000,1.42240,-0.01231,-2.63337,1.07496,1.57081,0.11674,-0.12761,-0.48155,0.03299,,,,,,,,,,,,,,,,,,,,,,,,,,0,0,0,0,0
5.6663,1783969857.4331,1,1,0.5000,-0.0000,1.42240,-0.01231,-2.63337,1.07496,1.57081,0.11674,-0.12761,-0.48155,0.03299,,,,,,,,,,,,,,,,,,,,,,,,,,0,0,0,0,0
5.9151,1783969857.6819,1,1,0.5000,-0.0000,1.42239,-0.01349,-2.63368,1.07640,1.57081,0.11674,-0.12761,-0.48151,0.03257,,,,,,,,,,,,,,,,,,,,,,,,,,0,0,0,0,0
5.9229,1783969857.6897,1,1,0.5000,-0.0000,1.42239,-0.01349,-2.63368,1.07640,1.57081,0.11674,-0.12761,-0.48151,0.03257,,,,,,,,,,,,,,,,,,,,,,,,,,0,0,0,0,0
5.9248,1783969857.6915,1,1,0.5000,-0.0000,1.42239,-0.01349,-2.63368,1.07640,1.57081,0.11674,-0.12761,-0.48151,0.03257,,,,,,,,,,,,,,,,,,,,,,,,,,0,0,0,0,0
5.9251,1783969857.6919,1,1,0.5000,-0.0000,1.42239,-0.01349,-2.63368,1.07640,1.57081,0.11674,-0.12761,-0.48151,0.03257,,,,,,,,,,,,,,,,,,,,,,,,,,0,0,0,0,0
5.9255,1783969857.6923,1,1,0.5000,-0.0000,1.42239,-0.01349,-2.63368,1.07640,1.57081,0.11674,-0.12761,-0.48151,0.03257,,,,,,,,,,,,,,,,,,,,,,,,,,0,0,0,0,0
5.9280,1783969857.6948,1,1,0.5000,-0.0000,1.42239,-0.01349,-2.63368,1.07640,1.57081,0.11674,-0.12761,-0.48151,0.03257,,,,,,,,,,,,,,,,,,,,,,,,,,0,0,0,0,0
5.9299,1783969857.6967,1,1,0.5000,-0.0000,1.42239,-0.01349,-2.63368,1.07640,1.57081,0.11674,-0.12761,-0.48151,0.03257,,,,,,,,,,,,,,,,,,,,,,,,,,0,0,0,0,0
5.9303,1783969857.6971,1,1,0.5000,-0.0000,1.42239,-0.01349,-2.63368,1.07640,1.57081,0.11674,-0.12761,-0.48151,0.03257,,,,,,,,,,,,,,,,,,,,,,,,,,0,0,0,0,0
5.9363,1783969857.7031,1,1,0.5000,-0.0000,1.42239,-0.01349,-2.63368,1.07640,1.57081,0.11674,-0.12761,-0.48151,0.03257,,,,,,,,,,,,,,,,,,,,,,,,,,0,0,0,0,0
5.9368,1783969857.7036,1,1,0.5000,-0.0000,1.42239,-0.01349,-2.63368,1.07640,1.57081,0.11674,-0.12761,-0.48151,0.03257,,,,,,,,,,,,,,,,,,,,,,,,,,0,0,0,0,0
5.9480,1783969857.7148,1,1,0.5000,-0.0000,1.42239,-0.01349,-2.63368,1.07640,1.57081,0.11674,-0.12761,-0.48151,0.03257,,,,,,,,,,,,,,,,,,,,,,,,,,0,0,0,0,0
5.9547,1783969857.7215,1,1,0.5000,-0.0000,1.42239,-0.01349,-2.63368,1.07640,1.57081,0.11674,-0.12761,-0.48151,0.03257,,,,,,,,,,,,,,,,,,,,,,,,,,0,0,0,0,0
5.9562,1783969857.7230,1,1,0.5000,-0.0000,1.42239,-0.01349,-2.63368,1.07640,1.57081,0.11674,-0.12761,-0.48151,0.03257,,,,,,,,,,,,,,,,,,,,,,,,,,0,0,0,0,0
5.9626,1783969857.7294,1,1,0.5000,-0.0000,1.42239,-0.01349,-2.63368,1.07640,1.57081,0.11674,-0.12761,-0.48151,0.03257,,,,,,,,,,,,,,,,,,,,,,,,,,0,0,0,0,0
5.9633,1783969857.7301,1,1,0.5000,-0.0000,1.42239,-0.01349,-2.63368,1.07640,1.57081,0.11674,-0.12761,-0.48151,0.03257,,,,,,,,,,,,,,,,,,,,,,,,,,0,0,0,0,0
5.9663,1783969857.7330,1,1,0.5000,-0.0000,1.42239,-0.01349,-2.63368,1.07640,1.57081,0.11674,-0.12761,-0.48151,0.03257,,,,,,,,,,,,,,,,,,,,,,,,,,0,0,0,0,0
5.9666,1783969857.7334,1,1,0.5000,-0.0000,1.42239,-0.01349,-2.63368,1.07640,1.57081,0.11674,-0.12761,-0.48151,0.03257,,,,,,,,,,,,,,,,,,,,,,,,,,0,0,0,0,0
5.9669,1783969857.7337,1,1,0.5000,-0.0000,1.42239,-0.01349,-2.63368,1.07640,1.57081,0.11674,-0.12761,-0.48151,0.03257,,,,,,,,,,,,,,,,,,,,,,,,,,0,0,0,0,0
5.9673,1783969857.7341,1,1,0.5000,-0.0000,1.42239,-0.01349,-2.63368,1.07640,1.57081,0.11674,-0.12761,-0.48151,0.03257,,,,,,,,,,,,,,,,,,,,,,,,,,0,0,0,0,0
5.9682,1783969857.7349,1,1,0.5000,-0.0000,1.42239,-0.01349,-2.63368,1.07640,1.57081,0.11674,-0.12761,-0.48151,0.03257,,,,,,,,,,,,,,,,,,,,,,,,,,0,0,0,0,0
5.9792,1783969857.7459,1,1,0.5000,-0.0000,1.42239,-0.01349,-2.63368,1.07640,1.57081,0.11674,-0.12761,-0.48151,0.03257,,,,,,,,,,,,,,,,,,,,,,,,,,0,0,0,0,0
5.9897,1783969857.7565,1,1,0.5000,-0.0000,1.42239,-0.01349,-2.63368,1.07640,1.57081,0.11674,-0.12761,-0.48151,0.03257,,,,,,,,,,,,,,,,,,,,,,,,,,0,0,0,0,0
5.9964,1783969857.7632,1,1,0.5000,-0.0000,1.42239,-0.01349,-2.63368,1.07640,1.57081,0.11674,-0.12761,-0.48151,0.03257,,,,,,,,,,,,,,,,,,,,,,,,,,0,0,0,0,0
6.0050,1783969857.7718,1,1,0.5000,-0.0000,1.42239,-0.01349,-2.63368,1.07640,1.57081,0.11674,-0.12761,-0.48151,0.03257,,,,,,,,,,,,,,,,,,,,,,,,,,0,0,0,0,0
6.0131,1783969857.7799,1,1,0.5000,-0.0000,1.42239,-0.01349,-2.63368,1.07640,1.57081,0.11674,-0.12761,-0.48151,0.03257,,,,,,,,,,,,,,,,,,,,,,,,,,0,0,0,0,0
6.0135,1783969857.7802,1,1,0.5000,-0.0000,1.42239,-0.01349,-2.63368,1.07640,1.57081,0.11674,-0.12761,-0.48151,0.03257,,,,,,,,,,,,,,,,,,,,,,,,,,0,0,0,0,0
6.0157,1783969857.7824,1,1,0.5000,-0.0000,1.42239,-0.01349,-2.63368,1.07640,1.57081,0.11674,-0.12761,-0.48151,0.03257,,,,,,,,,,,,,,,,,,,,,,,,,,0,0,0,0,0
6.0180,1783969857.7848,1,1,0.5000,-0.0000,1.42239,-0.01349,-2.63368,1.07640,1.57081,0.11674,-0.12761,-0.48151,0.03257,,,,,,,,,,,,,,,,,,,,,,,,,,0,0,0,0,0
6.0184,1783969857.7852,1,1,0.5000,-0.0000,1.42239,-0.01349,-2.63368,1.07640,1.57081,0.11674,-0.12761,-0.48151,0.03257,,,,,,,,,,,,,,,,,,,,,,,,,,0,0,0,0,0
6.0249,1783969857.7917,1,1,0.5000,-0.0000,1.42239,-0.01349,-2.63368,1.07640,1.57081,0.11674,-0.12761,-0.48151,0.03257,,,,,,,,,,,,,,,,,,,,,,,,,,0,0,0,0,0
6.0298,1783969857.7966,1,1,0.5000,-0.0000,1.42239,-0.01349,-2.63368,1.07640,1.57081,0.11674,-0.12761,-0.48151,0.03257,,,,,,,,,,,,,,,,,,,,,,,,,,0,0,0,0,0
6.0301,1783969857.7969,1,1,0.5000,-0.0000,1.42239,-0.01349,-2.63368,1.07640,1.57081,0.11674,-0.12761,-0.48151,0.03257,,,,,,,,,,,,,,,,,,,,,,,,,,0,0,0,0,0
6.0305,1783969857.7973,1,1,0.5000,-0.0000,1.42239,-0.01349,-2.63368,1.07640,1.57081,0.11674,-0.12761,-0.48151,0.03257,,,,,,,,,,,,,,,,,,,,,,,,,,0,0,0,0,0
6.0357,1783969857.8025,1,1,0.5000,-0.0000,1.42239,-0.01349,-2.63368,1.07640,1.57081,0.11674,-0.12761,-0.48151,0.03257,,,,,,,,,,,,,,,,,,,,,,,,,,0,0,0,0,0
6.0383,1783969857.8051,1,1,0.5000,-0.0000,1.42239,-0.01349,-2.63368,1.07640,1.57081,0.11674,-0.12761,-0.48151,0.03257,,,,,,,,,,,,,,,,,,,,,,,,,,0,0,0,0,0
6.0387,1783969857.8055,1,1,0.5000,-0.0000,1.42239,-0.01349,-2.63368,1.07640,1.57081,0.11674,-0.12761,-0.48151,0.03257,,,,,,,,,,,,,,,,,,,,,,,,,,0,0,0,0,0
6.0472,1783969857.8140,1,1,0.5000,-0.0000,1.42239,-0.01349,-2.63368,1.07640,1.57081,0.11674,-0.12761,-0.48151,0.03257,,,,,,,,,,,,,,,,,,,,,,,,,,0,0,0,0,0
6.0478,1783969857.8146,1,1,0.5000,-0.0000,1.42239,-0.01349,-2.63368,1.07640,1.57081,0.11674,-0.12761,-0.48151,0.03257,,,,,,,,,,,,,,,,,,,,,,,,,,0,0,0,0,0
6.0551,1783969857.8219,1,1,0.5000,-0.0000,1.42239,-0.01349,-2.63368,1.07640,1.57081,0.11674,-0.12761,-0.48151,0.03257,,,,,,,,,,,,,,,,,,,,,,,,,,0,0,0,0,0
6.0567,1783969857.8235,1,1,0.5000,-0.0000,1.42239,-0.01349,-2.63368,1.07640,1.57081,0.11674,-0.12761,-0.48151,0.03257,,,,,,,,,,,,,,,,,,,,,,,,,,0,0,0,0,0
6.0570,1783969857.8238,1,1,0.5000,-0.0000,1.42239,-0.01349,-2.63368,1.07640,1.57081,0.11674,-0.12761,-0.48151,0.03257,,,,,,,,,,,,,,,,,,,,,,,,,,0,0,0,0,0
6.0576,1783969857.8244,1,1,0.5000,-0.0000,1.42239,-0.01349,-2.63368,1.07640,1.57081,0.11674,-0.12761,-0.48151,0.03257,,,,,,,,,,,,,,,,,,,,,,,,,,0,0,0,0,0
6.0580,1783969857.8248,1,1,0.5000,-0.0000,1.42239,-0.01349,-2.63368,1.07640,1.57081,0.11674,-0.12761,-0.48151,0.03257,,,,,,,,,,,,,,,,,,,,,,,,,,0,0,0,0,0
6.0651,1783969857.8319,1,1,0.5000,-0.0000,1.42239,-0.01349,-2.63368,1.07640,1.57081,0.11674,-0.12761,-0.48151,0.03257,,,,,,,,,,,,,,,,,,,,,,,,,,0,0,0,0,0
6.0759,1783969857.8427,1,1,0.5000,-0.0000,1.42239,-0.01349,-2.63368,1.07640,1.57081,0.11674,-0.12761,-0.48151,0.03257,,,,,,,,,,,,,,,,,,,,,,,,,,0,0,0,0,0
6.0761,1783969857.8429,1,1,0.5000,-0.0000,1.42239,-0.01349,-2.63368,1.07640,1.57081,0.11674,-0.12761,-0.48151,0.03257,,,,,,,,,,,,,,,,,,,,,,,,,,0,0,0,0,0
6.0840,1783969857.8508,1,1,0.5000,-0.0000,1.42239,-0.01349,-2.63368,1.07640,1.57081,0.11674,-0.12761,-0.48151,0.03257,,,,,,,,,,,,,,,,,,,,,,,,,,0,0,0,0,0
6.0843,1783969857.8511,1,1,0.5000,-0.0000,1.42239,-0.01349,-2.63368,1.07640,1.57081,0.11674,-0.12761,-0.48151,0.03257,,,,,,,,,,,,,,,,,,,,,,,,,,0,0,0,0,0
6.0943,1783969857.8611,1,1,0.5000,-0.0000,1.42239,-0.01349,-2.63368,1.07640,1.57081,0.11674,-0.12761,-0.48151,0.03257,,,,,,,,,,,,,,,,,,,,,,,,,,0,0,0,0,0
6.1044,1783969857.8712,1,1,0.5000,-0.0000,1.42239,-0.01349,-2.63368,1.07640,1.57081,0.11674,-0.12761,-0.48151,0.03257,,,,,,,,,,,,,,,,,,,,,,,,,,0,0,0,0,0
6.1201,1783969857.8868,1,1,0.5000,-0.0000,1.42239,-0.01352,-2.63370,1.07644,1.57081,0.11674,-0.12761,-0.48150,0.03256,,,,,,,,,,,,,,,,,,,,,,,,,,0,0,0,0,0
6.1332,1783969857.9000,1,1,0.5000,-0.0000,1.42239,-0.01356,-2.63373,1.07649,1.57082,0.11674,-0.12761,-0.48148,0.03253,,,,,,,,,,,,,,,,,,,,,,,,,,0,0,0,0,0
6.1403,1783969857.9071,1,1,0.5000,-0.0000,1.42239,-0.01356,-2.63373,1.07649,1.57082,0.11674,-0.12761,-0.48148,0.03253,,,,,,,,,,,,,,,,,,,,,,,,,,0,0,0,0,0
6.1406,1783969857.9073,1,1,0.5000,-0.0000,1.42239,-0.01356,-2.63373,1.07649,1.57082,0.11674,-0.12761,-0.48148,0.03253,,,,,,,,,,,,,,,,,,,,,,,,,,0,0,0,0,0
6.1580,1783969857.9248,1,1,0.5000,-0.0000,1.42239,-0.01361,-2.63377,1.07655,1.57082,0.11674,-0.12761,-0.48147,0.03250,,,,,,,,,,,,,,,,,,,,,,,,,,0,0,0,0,0
6.1705,1783969857.9373,1,1,0.5000,-0.0000,1.42239,-0.01365,-2.63379,1.07659,1.57082,0.11674,-0.12762,-0.48145,0.03248,,,,,,,,,,,,,,,,,,,,,,,,,,0,0,0,0,0
6.1777,1783969857.9445,1,1,0.5000,-0.0000,1.42239,-0.01367,-2.63379,1.07661,1.57082,0.11674,-0.12762,-0.48145,0.03248,,,,,,,,,,,,,,,,,,,,,,,,,,0,0,0,0,0
6.1804,1783969857.9472,1,1,0.5000,-0.0000,1.42239,-0.01369,-2.63380,1.07664,1.57082,0.11674,-0.12762,-0.48145,0.03247,,,,,,,,,,,,,,,,,,,,,,,,,,0,0,0,0,0
6.1889,1783969857.9557,1,1,0.5000,-0.0000,1.42239,-0.01374,-2.63381,1.07670,1.57082,0.11674,-0.12762,-0.48145,0.03245,,,,,,,,,,,,,,,,,,,,,,,,,,0,0,0,0,0
6.1960,1783969857.9628,1,1,0.5000,-0.0000,1.42239,-0.01375,-2.63381,1.07671,1.57082,0.11674,-0.12762,-0.48145,0.03245,,,,,,,,,,,,,,,,,,,,,,,,,,0,0,0,0,0
6.2089,1783969857.9757,1,1,0.5000,-0.0000,1.42239,-0.01384,-2.63383,1.07681,1.57082,0.11674,-0.12762,-0.48145,0.03242,,,,,,,,,,,,,,,,,,,,,,,,,,0,0,0,0,0
6.2093,1783969857.9760,1,1,0.5000,-0.0000,1.42239,-0.01384,-2.63383,1.07681,1.57082,0.11674,-0.12762,-0.48145,0.03242,,,,,,,,,,,,,,,,,,,,,,,,,,0,0,0,0,0
6.2140,1783969857.9808,1,1,0.5000,-0.0000,1.42239,-0.01388,-2.63384,1.07687,1.57082,0.11674,-0.12762,-0.48145,0.03240,,,,,,,,,,,,,,,,,,,,,,,,,,0,0,0,0,0
6.2214,1783969857.9882,1,1,0.5000,-0.0000,1.42239,-0.01399,-2.63386,1.07700,1.57082,0.11674,-0.12762,-0.48145,0.03237,,,,,,,,,,,,,,,,,,,,,,,,,,0,0,0,0,0
6.2323,1783969857.9991,1,1,0.5000,-0.0000,1.42239,-0.01401,-2.63386,1.07702,1.57082,0.11674,-0.12762,-0.48145,0.03236,,,,,,,,,,,,,,,,,,,,,,,,,,0,0,0,0,0
6.2325,1783969857.9993,1,1,0.5000,-0.0000,1.42239,-0.01401,-2.63386,1.07702,1.57082,0.11674,-0.12762,-0.48145,0.03236,,,,,,,,,,,,,,,,,,,,,,,,,,0,0,0,0,0
6.2442,1783969858.0109,1,1,0.5000,-0.0000,1.42239,-0.01412,-2.63388,1.07715,1.57082,0.11674,-0.12762,-0.48146,0.03233,,,,,,,,,,,,,,,,,,,,,,,,,,0,0,0,0,0
6.2551,1783969858.0218,1,1,0.5000,-0.0000,1.42239,-0.01421,-2.63390,1.07726,1.57082,0.11674,-0.12761,-0.48146,0.03230,,,,,,,,,,,,,,,,,,,,,,,,,,0,0,0,0,0
6.2657,1783969858.0325,1,1,0.5000,-0.0000,1.42239,-0.01423,-2.63390,1.07728,1.57082,0.11674,-0.12761,-0.48146,0.03229,,,,,,,,,,,,,,,,,,,,,,,,,,0,0,0,0,0
6.2750,1783969858.0418,1,1,0.5000,-0.0000,1.42239,-0.01428,-2.63391,1.07734,1.57082,0.11674,-0.12761,-0.48146,0.03228,,,,,,,,,,,,,,,,,,,,,,,,,,0,0,0,0,0
6.2950,1783969858.0618,1,1,0.5000,-0.0000,1.42239,-0.01448,-2.63393,1.07758,1.57082,0.11674,-0.12761,-0.48148,0.03222,,,,,,,,,,,,,,,,,,,,,,,,,,0,0,0,0,0
6.2978,1783969858.0645,1,1,0.5000,-0.0000,1.42239,-0.01452,-2.63393,1.07763,1.57082,0.11674,-0.12761,-0.48148,0.03221,,,,,,,,,,,,,,,,,,,,,,,,,,0,0,0,0,0
6.3087,1783969858.0755,1,1,0.5000,-0.0000,1.42239,-0.01463,-2.63394,1.07777,1.57082,0.11674,-0.12761,-0.48150,0.03218,,,,,,,,,,,,,,,,,,,,,,,,,,0,0,0,0,0
6.3159,1783969858.0827,1,1,0.5000,-0.0000,1.42239,-0.01468,-2.63394,1.07784,1.57082,0.11674,-0.12761,-0.48151,0.03217,,,,,,,,,,,,,,,,,,,,,,,,,,0,0,0,0,0
6.3265,1783969858.0933,1,1,0.5000,-0.0000,1.42239,-0.01468,-2.63394,1.07784,1.57082,0.11674,-0.12761,-0.48151,0.03217,,,,,,,,,,,,,,,,,,,,,,,,,,0,0,0,0,0
6.3319,1783969858.0987,1,1,0.5000,-0.0000,1.42239,-0.01468,-2.63394,1.07784,1.57082,0.11674,-0.12761,-0.48151,0.03217,,,,,,,,,,,,,,,,,,,,,,,,,,0,0,0,0,0
6.3526,1783969858.1194,1,1,0.5000,-0.0000,1.42239,-0.01468,-2.63394,1.07784,1.57082,0.11674,-0.12761,-0.48151,0.03217,,,,,,,,,,,,,,,,,,,,,,,,,,0,0,0,0,0
6.3531,1783969858.1199,1,1,0.5000,-0.0000,1.42239,-0.01468,-2.63394,1.07784,1.57082,0.11674,-0.12761,-0.48151,0.03217,,,,,,,,,,,,,,,,,,,,,,,,,,0,0,0,0,0
6.3659,1783969858.1327,1,1,0.5000,-0.0000,1.42239,-0.01468,-2.63394,1.07784,1.57082,0.11674,-0.12761,-0.48151,0.03217,,,,,,,,,,,,,,,,,,,,,,,,,,0,0,0,0,0
6.3746,1783969858.1414,1,1,0.5000,-0.0000,1.42239,-0.01468,-2.63394,1.07784,1.57082,0.11674,-0.12761,-0.48151,0.03217,,,,,,,,,,,,,,,,,,,,,,,,,,0,0,0,0,0
6.3829,1783969858.1497,1,1,0.5000,-0.0000,1.42239,-0.01468,-2.63394,1.07784,1.57082,0.11674,-0.12761,-0.48151,0.03217,,,,,,,,,,,,,,,,,,,,,,,,,,0,0,0,0,0
6.4128,1783969858.1795,1,1,0.5000,-0.0000,1.42239,-0.01468,-2.63394,1.07784,1.57082,0.11674,-0.12761,-0.48151,0.03217,,,,,,,,,,,,,,,,,,,,,,,,,,0,0,0,0,0
6.4130,1783969858.1798,1,1,0.5000,-0.0000,1.42239,-0.01468,-2.63394,1.07784,1.57082,0.11674,-0.12761,-0.48151,0.03217,,,,,,,,,,,,,,,,,,,,,,,,,,0,0,0,0,0
6.4247,1783969858.1915,1,1,0.5000,-0.0000,1.42239,-0.01468,-2.63394,1.07784,1.57082,0.11674,-0.12761,-0.48151,0.03217,,,,,,,,,,,,,,,,,,,,,,,,,,0,0,0,0,0
6.4329,1783969858.1997,1,1,0.5000,-0.0000,1.42239,-0.01468,-2.63394,1.07784,1.57082,0.11674,-0.12761,-0.48151,0.03217,,,,,,,,,,,,,,,,,,,,,,,,,,0,0,0,0,0
6.4368,1783969858.2035,1,1,0.5000,-0.0000,1.42239,-0.01468,-2.63394,1.07784,1.57082,0.11674,-0.12761,-0.48151,0.03217,,,,,,,,,,,,,,,,,,,,,,,,,,0,0,0,0,0
6.4371,1783969858.2039,1,1,0.5000,-0.0000,1.42239,-0.01468,-2.63394,1.07784,1.57082,0.11674,-0.12761,-0.48151,0.03217,,,,,,,,,,,,,,,,,,,,,,,,,,0,0,0,0,0
6.4400,1783969858.2068,1,1,0.5000,-0.0000,1.42239,-0.01468,-2.63394,1.07784,1.57082,0.11674,-0.12761,-0.48151,0.03217,,,,,,,,,,,,,,,,,,,,,,,,,,0,0,0,0,0
6.4439,1783969858.2107,1,1,0.5000,-0.0000,1.42239,-0.01468,-2.63394,1.07784,1.57082,0.11674,-0.12761,-0.48151,0.03217,,,,,,,,,,,,,,,,,,,,,,,,,,0,0,0,0,0
6.4698,1783969858.2366,1,1,0.5000,-0.0000,1.42239,-0.01468,-2.63394,1.07784,1.57082,0.11674,-0.12761,-0.48151,0.03217,,,,,,,,,,,,,,,,,,,,,,,,,,0,0,0,0,0
6.4784,1783969858.2452,1,1,0.5000,-0.0000,1.42239,-0.01468,-2.63394,1.07784,1.57082,0.11674,-0.12761,-0.48151,0.03217,,,,,,,,,,,,,,,,,,,,,,,,,,0,0,0,0,0
6.4888,1783969858.2556,1,1,0.5000,-0.0000,1.42239,-0.01468,-2.63394,1.07784,1.57082,0.11674,-0.12761,-0.48151,0.03217,,,,,,,,,,,,,,,,,,,,,,,,,,0,0,0,0,0
6.4989,1783969858.2657,1,1,0.5000,-0.0000,1.42239,-0.01468,-2.63394,1.07784,1.57082,0.11674,-0.12761,-0.48151,0.03217,,,,,,,,,,,,,,,,,,,,,,,,,,0,0,0,0,0
6.5030,1783969858.2698,1,1,0.5000,-0.0000,1.42239,-0.01468,-2.63394,1.07784,1.57082,0.11674,-0.12761,-0.48151,0.03217,,,,,,,,,,,,,,,,,,,,,,,,,,0,0,0,0,0
6.5034,1783969858.2702,1,1,0.5000,-0.0000,1.42239,-0.01468,-2.63394,1.07784,1.57082,0.11674,-0.12761,-0.48151,0.03217,,,,,,,,,,,,,,,,,,,,,,,,,,0,0,0,0,0
6.5171,1783969858.2839,1,1,0.5000,-0.0000,1.42239,-0.01468,-2.63394,1.07784,1.57082,0.11674,-0.12761,-0.48151,0.03217,,,,,,,,,,,,,,,,,,,,,,,,,,0,0,0,0,0
6.5173,1783969858.2841,1,1,0.5000,-0.0000,1.42239,-0.01468,-2.63394,1.07784,1.57082,0.11674,-0.12761,-0.48151,0.03217,,,,,,,,,,,,,,,,,,,,,,,,,,0,0,0,0,0
6.5176,1783969858.2844,1,1,0.5000,-0.0000,1.42239,-0.01468,-2.63394,1.07784,1.57082,0.11674,-0.12761,-0.48151,0.03217,,,,,,,,,,,,,,,,,,,,,,,,,,0,0,0,0,0
6.5267,1783969858.2934,1,1,0.5000,-0.0000,1.42239,-0.01468,-2.63394,1.07784,1.57082,0.11674,-0.12761,-0.48151,0.03217,,,,,,,,,,,,,,,,,,,,,,,,,,0,0,0,0,0
6.5585,1783969858.3253,1,1,0.5000,-0.0000,1.42239,-0.01471,-2.63396,1.07788,1.57082,0.11674,-0.12761,-0.48150,0.03215,,,,,,,,,,,,,,,,,,,,,,,,,,0,0,0,0,0
6.5606,1783969858.3274,1,1,0.5000,-0.0000,1.42239,-0.01472,-2.63396,1.07789,1.57082,0.11674,-0.12761,-0.48150,0.03215,,,,,,,,,,,,,,,,,,,,,,,,,,0,0,0,0,0
6.5611,1783969858.3279,1,1,0.5000,-0.0000,1.42239,-0.01472,-2.63396,1.07789,1.57082,0.11674,-0.12761,-0.48150,0.03215,,,,,,,,,,,,,,,,,,,,,,,,,,0,0,0,0,0
6.5687,1783969858.3354,1,1,0.5000,-0.0000,1.42239,-0.01475,-2.63399,1.07792,1.57082,0.11674,-0.12761,-0.48148,0.03213,,,,,,,,,,,,,,,,,,,,,,,,,,0,0,0,0,0
6.5996,1783969858.3663,1,1,0.5000,-0.0000,1.42239,-0.01485,-2.63405,1.07804,1.57082,0.11674,-0.12761,-0.48145,0.03208,,,,,,,,,,,,,,,,,,,,,,,,,,0,0,0,0,0
6.6176,1783969858.3844,1,1,0.5000,-0.0000,1.42239,-0.01496,-2.63409,1.07817,1.57082,0.11674,-0.12762,-0.48144,0.03203,,,,,,,,,,,,,,,,,,,,,,,,,,0,0,0,0,0
6.6207,1783969858.3875,1,1,0.5000,-0.0000,1.42239,-0.01497,-2.63409,1.07818,1.57082,0.11674,-0.12762,-0.48144,0.03203,,,,,,,,,,,,,,,,,,,,,,,,,,0,0,0,0,0
6.6289,1783969858.3957,1,1,0.5000,-0.0000,1.42239,-0.01501,-2.63410,1.07823,1.57082,0.11674,-0.12762,-0.48144,0.03202,,,,,,,,,,,,,,,,,,,,,,,,,,0,0,0,0,0
6.6316,1783969858.3983,1,1,0.5000,-0.0000,1.42239,-0.01501,-2.63410,1.07823,1.57082,0.11674,-0.12762,-0.48144,0.03202,,,,,,,,,,,,,,,,,,,,,,,,,,0,0,0,0,0
6.6321,1783969858.3989,1,1,0.5000,-0.0000,1.42239,-0.01504,-2.63410,1.07827,1.57082,0.11674,-0.12762,-0.48144,0.03201,,,,,,,,,,,,,,,,,,,,,,,,,,0,0,0,0,0
6.6334,1783969858.4002,1,1,0.5000,-0.0000,1.42239,-0.01504,-2.63410,1.07827,1.57082,0.11674,-0.12762,-0.48144,0.03201,,,,,,,,,,,,,,,,,,,,,,,,,,0,0,0,0,0
6.6397,1783969858.4065,1,1,0.5000,-0.0000,1.42239,-0.01508,-2.63411,1.07831,1.57082,0.11674,-0.12762,-0.48144,0.03200,,,,,,,,,,,,,,,,,,,,,,,,,,0,0,0,0,0
6.6458,1783969858.4125,1,1,0.5000,-0.0000,1.42239,-0.01512,-2.63412,1.07837,1.57082,0.11674,-0.12762,-0.48144,0.03198,,,,,,,,,,,,,,,,,,,,,,,,,,0,0,0,0,0
6.6605,1783969858.4272,1,1,0.5000,-0.0000,1.42239,-0.01522,-2.63413,1.07848,1.57082,0.11674,-0.12761,-0.48144,0.03195,,,,,,,,,,,,,,,,,,,,,,,,,,0,0,0,0,0
6.6695,1783969858.4363,1,1,0.5000,-0.0000,1.42239,-0.01532,-2.63415,1.07860,1.57082,0.11674,-0.12761,-0.48145,0.03192,,,,,,,,,,,,,,,,,,,,,,,,,,0,0,0,0,0
6.6754,1783969858.4421,1,1,0.5000,-0.0000,1.42239,-0.01537,-2.63415,1.07866,1.57082,0.11674,-0.12761,-0.48145,0.03190,,,,,,,,,,,,,,,,,,,,,,,,,,0,0,0,0,0
6.6986,1783969858.4654,1,1,0.5000,-0.0000,1.42239,-0.01548,-2.63417,1.07879,1.57082,0.11674,-0.12761,-0.48146,0.03187,,,,,,,,,,,,,,,,,,,,,,,,,,0,0,0,0,0
6.7014,1783969858.4682,1,1,0.5000,-0.0000,1.42239,-0.01548,-2.63417,1.07879,1.57082,0.11674,-0.12761,-0.48146,0.03187,,,,,,,,,,,,,,,,,,,,,,,,,,0,0,0,0,0
6.7082,1783969858.4750,1,1,0.5000,-0.0000,1.42239,-0.01550,-2.63417,1.07882,1.57082,0.11674,-0.12761,-0.48146,0.03187,,,,,,,,,,,,,,,,,,,,,,,,,,0,0,0,0,0
6.7197,1783969858.4865,1,1,0.5000,-0.0000,1.42239,-0.01555,-2.63417,1.07888,1.57082,0.11674,-0.12761,-0.48147,0.03186,,,,,,,,,,,,,,,,,,,,,,,,,,0,0,0,0,0
6.7262,1783969858.4930,1,1,0.5000,-0.0000,1.42239,-0.01562,-2.63417,1.07897,1.57082,0.11674,-0.12761,-0.48148,0.03184,,,,,,,,,,,,,,,,,,,,,,,,,,0,0,0,0,0
6.7402,1783969858.5069,1,1,0.5000,-0.0000,1.42238,-0.01574,-2.63416,1.07912,1.57082,0.11674,-0.12760,-0.48151,0.03182,,,,,,,,,,,,,,,,,,,,,,,,,,0,0,0,0,0
6.7410,1783969858.5077,1,1,0.5000,-0.0000,1.42238,-0.01578,-2.63415,1.07917,1.57082,0.11674,-0.12760,-0.48152,0.03181,,,,,,,,,,,,,,,,,,,,,,,,,,0,0,0,0,0
6.7564,1783969858.5232,1,1,0.5000,-0.0000,1.42238,-0.01588,-2.63412,1.07930,1.57082,0.11674,-0.12759,-0.48156,0.03180,,,,,,,,,,,,,,,,,,,,,,,,,,0,0,0,0,0
6.7667,1783969858.5334,1,1,0.5000,-0.0000,1.42238,-0.01589,-2.63410,1.07931,1.57082,0.11674,-0.12759,-0.48158,0.03180,,,,,,,,,,,,,,,,,,,,,,,,,,0,0,0,0,0
6.7725,1783969858.5393,1,1,0.5000,-0.0000,1.42238,-0.01589,-2.63410,1.07931,1.57082,0.11674,-0.12759,-0.48158,0.03180,,,,,,,,,,,,,,,,,,,,,,,,,,0,0,0,0,0
6.7747,1783969858.5415,1,1,0.5000,-0.0000,1.42238,-0.01589,-2.63410,1.07931,1.57082,0.11674,-0.12759,-0.48158,0.03180,,,,,,,,,,,,,,,,,,,,,,,,,,0,0,0,0,0
6.7751,1783969858.5418,1,1,0.5000,-0.0000,1.42238,-0.01589,-2.63410,1.07931,1.57082,0.11674,-0.12759,-0.48158,0.03180,,,,,,,,,,,,,,,,,,,,,,,,,,0,0,0,0,0
6.7964,1783969858.5632,1,1,0.5000,-0.0000,1.42238,-0.01589,-2.63410,1.07931,1.57082,0.11674,-0.12759,-0.48158,0.03180,,,,,,,,,,,,,,,,,,,,,,,,,,0,0,0,0,0
6.8108,1783969858.5776,1,1,0.5000,-0.0000,1.42238,-0.01589,-2.63410,1.07931,1.57082,0.11674,-0.12759,-0.48158,0.03180,,,,,,,,,,,,,,,,,,,,,,,,,,0,0,0,0,0
6.8206,1783969858.5874,1,1,0.5000,-0.0000,1.42238,-0.01589,-2.63410,1.07931,1.57082,0.11674,-0.12759,-0.48158,0.03180,,,,,,,,,,,,,,,,,,,,,,,,,,0,0,0,0,0
6.8210,1783969858.5877,1,1,0.5000,-0.0000,1.42238,-0.01589,-2.63410,1.07931,1.57082,0.11674,-0.12759,-0.48158,0.03180,,,,,,,,,,,,,,,,,,,,,,,,,,0,0,0,0,0
6.8257,1783969858.5925,1,1,0.5000,-0.0000,1.42238,-0.01589,-2.63410,1.07931,1.57082,0.11674,-0.12759,-0.48158,0.03180,,,,,,,,,,,,,,,,,,,,,,,,,,0,0,0,0,0
6.8274,1783969858.5942,1,1,0.5000,-0.0000,1.42238,-0.01589,-2.63410,1.07931,1.57082,0.11674,-0.12759,-0.48158,0.03180,,,,,,,,,,,,,,,,,,,,,,,,,,0,0,0,0,0
6.8277,1783969858.5945,1,1,0.5000,-0.0000,1.42238,-0.01589,-2.63410,1.07931,1.57082,0.11674,-0.12759,-0.48158,0.03180,,,,,,,,,,,,,,,,,,,,,,,,,,0,0,0,0,0
6.8394,1783969858.6061,1,1,0.5000,-0.0000,1.42238,-0.01589,-2.63410,1.07931,1.57082,0.11674,-0.12759,-0.48158,0.03180,,,,,,,,,,,,,,,,,,,,,,,,,,0,0,0,0,0
6.8447,1783969858.6115,1,1,0.5000,-0.0000,1.42238,-0.01589,-2.63410,1.07931,1.57082,0.11674,-0.12759,-0.48158,0.03180,,,,,,,,,,,,,,,,,,,,,,,,,,0,0,0,0,0
6.8451,1783969858.6119,1,1,0.5000,-0.0000,1.42238,-0.01589,-2.63410,1.07931,1.57082,0.11674,-0.12759,-0.48158,0.03180,,,,,,,,,,,,,,,,,,,,,,,,,,0,0,0,0,0
6.8551,1783969858.6219,1,1,0.5000,-0.0000,1.42238,-0.01589,-2.63410,1.07931,1.57082,0.11674,-0.12759,-0.48158,0.03180,,,,,,,,,,,,,,,,,,,,,,,,,,0,0,0,0,0
6.8693,1783969858.6361,1,1,0.5000,-0.0000,1.42238,-0.01589,-2.63410,1.07931,1.57082,0.11674,-0.12759,-0.48158,0.03180,,,,,,,,,,,,,,,,,,,,,,,,,,0,0,0,0,0
6.8698,1783969858.6365,1,1,0.5000,-0.0000,1.42238,-0.01589,-2.63410,1.07931,1.57082,0.11674,-0.12759,-0.48158,0.03180,,,,,,,,,,,,,,,,,,,,,,,,,,0,0,0,0,0
6.8785,1783969858.6453,1,1,0.5000,-0.0000,1.42238,-0.01589,-2.63410,1.07931,1.57082,0.11674,-0.12759,-0.48158,0.03180,,,,,,,,,,,,,,,,,,,,,,,,,,0,0,0,0,0
6.8789,1783969858.6457,1,1,0.5000,-0.0000,1.42238,-0.01589,-2.63410,1.07931,1.57082,0.11674,-0.12759,-0.48158,0.03180,,,,,,,,,,,,,,,,,,,,,,,,,,0,0,0,0,0
6.8867,1783969858.6535,1,1,0.5000,-0.0000,1.42238,-0.01589,-2.63410,1.07931,1.57082,0.11674,-0.12759,-0.48158,0.03180,,,,,,,,,,,,,,,,,,,,,,,,,,0,0,0,0,0
6.8870,1783969858.6538,1,1,0.5000,-0.0000,1.42238,-0.01589,-2.63410,1.07931,1.57082,0.11674,-0.12759,-0.48158,0.03180,,,,,,,,,,,,,,,,,,,,,,,,,,0,0,0,0,0
6.8964,1783969858.6632,1,1,0.5000,-0.0000,1.42238,-0.01589,-2.63410,1.07931,1.57082,0.11674,-0.12759,-0.48158,0.03180,,,,,,,,,,,,,,,,,,,,,,,,,,0,0,0,0,0
6.9062,1783969858.6730,1,1,0.5000,-0.0000,1.42238,-0.01589,-2.63410,1.07931,1.57082,0.11674,-0.12759,-0.48158,0.03180,,,,,,,,,,,,,,,,,,,,,,,,,,0,0,0,0,0
6.9146,1783969858.6814,1,1,0.5000,-0.0000,1.42238,-0.01589,-2.63410,1.07931,1.57082,0.11674,-0.12759,-0.48158,0.03180,,,,,,,,,,,,,,,,,,,,,,,,,,0,0,0,0,0
6.9151,1783969858.6819,1,1,0.5000,-0.0000,1.42238,-0.01589,-2.63410,1.07931,1.57082,0.11674,-0.12759,-0.48158,0.03180,,,,,,,,,,,,,,,,,,,,,,,,,,0,0,0,0,0
6.9293,1783969858.6961,1,1,0.5000,-0.0000,1.42238,-0.01589,-2.63410,1.07931,1.57082,0.11674,-0.12759,-0.48158,0.03180,,,,,,,,,,,,,,,,,,,,,,,,,,0,0,0,0,0
6.9353,1783969858.7021,1,1,0.5000,-0.0000,1.42238,-0.01589,-2.63410,1.07931,1.57082,0.11674,-0.12759,-0.48158,0.03180,,,,,,,,,,,,,,,,,,,,,,,,,,0,0,0,0,0
6.9481,1783969858.7148,1,1,0.5000,-0.0000,1.42238,-0.01589,-2.63410,1.07931,1.57082,0.11674,-0.12759,-0.48158,0.03180,,,,,,,,,,,,,,,,,,,,,,,,,,0,0,0,0,0
6.9571,1783969858.7239,1,1,0.5000,-0.0000,1.42238,-0.01590,-2.63412,1.07932,1.57082,0.11674,-0.12759,-0.48157,0.03180,,,,,,,,,,,,,,,,,,,,,,,,,,0,0,0,0,0
6.9690,1783969858.7358,1,1,0.5000,-0.0000,1.42238,-0.01592,-2.63416,1.07935,1.57082,0.11674,-0.12760,-0.48154,0.03178,,,,,,,,,,,,,,,,,,,,,,,,,,0,0,0,0,0
6.9694,1783969858.7362,1,1,0.5000,-0.0000,1.42238,-0.01592,-2.63416,1.07935,1.57082,0.11674,-0.12760,-0.48154,0.03178,,,,,,,,,,,,,,,,,,,,,,,,,,0,0,0,0,0
6.9802,1783969858.7470,1,1,0.5000,-0.0000,1.42238,-0.01595,-2.63419,1.07938,1.57082,0.11674,-0.12760,-0.48152,0.03175,,,,,,,,,,,,,,,,,,,,,,,,,,0,0,0,0,0
6.9809,1783969858.7477,1,1,0.5000,-0.0000,1.42238,-0.01595,-2.63419,1.07938,1.57082,0.11674,-0.12760,-0.48152,0.03175,,,,,,,,,,,,,,,,,,,,,,,,,,0,0,0,0,0
6.9849,1783969858.7516,1,1,0.5000,-0.0000,1.42238,-0.01595,-2.63419,1.07938,1.57082,0.11674,-0.12760,-0.48152,0.03175,,,,,,,,,,,,,,,,,,,,,,,,,,0,0,0,0,0
6.9955,1783969858.7622,1,1,0.5000,-0.0000,1.42238,-0.01597,-2.63421,1.07940,1.57082,0.11674,-0.12760,-0.48151,0.03174,,,,,,,,,,,,,,,,,,,,,,,,,,0,0,0,0,0
6.9959,1783969858.7627,1,1,0.5000,-0.0000,1.42238,-0.01597,-2.63421,1.07940,1.57082,0.11674,-0.12760,-0.48151,0.03174,,,,,,,,,,,,,,,,,,,,,,,,,,0,0,0,0,0
7.0086,1783969858.7754,1,1,0.5000,-0.0000,1.42238,-0.01600,-2.63424,1.07944,1.57082,0.11674,-0.12761,-0.48149,0.03172,,,,,,,,,,,,,,,,,,,,,,,,,,0,0,0,0,0
7.0157,1783969858.7825,1,1,0.5000,-0.0000,1.42238,-0.01601,-2.63425,1.07946,1.57082,0.11674,-0.12761,-0.48149,0.03171,,,,,,,,,,,,,,,,,,,,,,,,,,0,0,0,0,0
7.0300,1783969858.7968,1,1,0.5000,-0.0000,1.42238,-0.01612,-2.63429,1.07958,1.57082,0.11674,-0.12761,-0.48147,0.03167,,,,,,,,,,,,,,,,,,,,,,,,,,0,0,0,0,0
7.0367,1783969858.8034,1,1,0.5000,-0.0000,1.42238,-0.01615,-2.63431,1.07962,1.57082,0.11674,-0.12761,-0.48147,0.03165,,,,,,,,,,,,,,,,,,,,,,,,,,0,0,0,0,0
7.0369,1783969858.8037,1,1,0.5000,-0.0000,1.42238,-0.01615,-2.63431,1.07962,1.57082,0.11674,-0.12761,-0.48147,0.03165,,,,,,,,,,,,,,,,,,,,,,,,,,0,0,0,0,0
7.0467,1783969858.8134,1,1,0.5000,-0.0000,1.42238,-0.01618,-2.63431,1.07965,1.57082,0.11674,-0.12761,-0.48146,0.03164,,,,,,,,,,,,,,,,,,,,,,,,,,0,0,0,0,0
7.0573,1783969858.8240,1,1,0.5000,-0.0000,1.42238,-0.01627,-2.63433,1.07976,1.57082,0.11674,-0.12761,-0.48146,0.03161,,,,,,,,,,,,,,,,,,,,,,,,,,0,0,0,0,0
7.0578,1783969858.8245,1,1,0.5000,-0.0000,1.42238,-0.01627,-2.63433,1.07976,1.57082,0.11674,-0.12761,-0.48146,0.03161,,,,,,,,,,,,,,,,,,,,,,,,,,0,0,0,0,0
7.0680,1783969858.8348,1,1,0.5000,-0.0000,1.42238,-0.01637,-2.63436,1.07988,1.57082,0.11674,-0.12761,-0.48146,0.03158,,,,,,,,,,,,,,,,,,,,,,,,,,0,0,0,0,0
7.0683,1783969858.8351,1,1,0.5000,-0.0000,1.42238,-0.01637,-2.63436,1.07988,1.57082,0.11674,-0.12761,-0.48146,0.03158,,,,,,,,,,,,,,,,,,,,,,,,,,0,0,0,0,0
7.0952,1783969858.8620,1,1,0.5000,-0.0000,1.42238,-0.01650,-2.63438,1.08003,1.57082,0.11674,-0.12761,-0.48146,0.03153,,,,,,,,,,,,,,,,,,,,,,,,,,0,0,0,0,0
7.0956,1783969858.8624,1,1,0.5000,-0.0000,1.42238,-0.01650,-2.63438,1.08003,1.57082,0.11674,-0.12761,-0.48146,0.03153,,,,,,,,,,,,,,,,,,,,,,,,,,0,0,0,0,0
7.0979,1783969858.8647,1,1,0.5000,-0.0000,1.42238,-0.01651,-2.63438,1.08003,1.57082,0.11674,-0.12761,-0.48146,0.03153,,,,,,,,,,,,,,,,,,,,,,,,,,0,0,0,0,0
7.1081,1783969858.8748,1,1,0.5000,-0.0000,1.42238,-0.01655,-2.63439,1.08009,1.57082,0.11674,-0.12761,-0.48146,0.03152,,,,,,,,,,,,,,,,,,,,,,,,,,0,0,0,0,0
7.1173,1783969858.8841,1,1,0.5000,-0.0000,1.42238,-0.01668,-2.63441,1.08024,1.57082,0.11674,-0.12761,-0.48147,0.03148,,,,,,,,,,,,,,,,,,,,,,,,,,0,0,0,0,0
7.1178,1783969858.8846,1,1,0.5000,-0.0000,1.42238,-0.01668,-2.63441,1.08024,1.57082,0.11674,-0.12761,-0.48147,0.03148,,,,,,,,,,,,,,,,,,,,,,,,,,0,0,0,0,0
7.1297,1783969858.8965,1,1,0.5000,-0.0000,1.42238,-0.01673,-2.63442,1.08031,1.57082,0.11674,-0.12761,-0.48147,0.03146,,,,,,,,,,,,,,,,,,,,,,,,,,0,0,0,0,0
7.1391,1783969858.9059,1,1,0.5000,-0.0000,1.42238,-0.01676,-2.63442,1.08035,1.57082,0.11674,-0.12761,-0.48148,0.03145,,,,,,,,,,,,,,,,,,,,,,,,,,0,0,0,0,0
7.1512,1783969858.9180,1,1,0.5000,-0.0000,1.42238,-0.01685,-2.63441,1.08045,1.57082,0.11674,-0.12760,-0.48149,0.03143,,,,,,,,,,,,,,,,,,,,,,,,,,0,0,0,0,0
7.1716,1783969858.9384,1,1,0.5000,-0.0000,1.42238,-0.01702,-2.63439,1.08066,1.57082,0.11674,-0.12760,-0.48154,0.03140,,,,,,,,,,,,,,,,,,,,,,,,,,0,0,0,0,0
7.1723,1783969858.9390,1,1,0.5000,-0.0000,1.42238,-0.01702,-2.63439,1.08066,1.57082,0.11674,-0.12760,-0.48154,0.03140,,,,,,,,,,,,,,,,,,,,,,,,,,0,0,0,0,0
7.1753,1783969858.9421,1,1,0.5000,-0.0000,1.42238,-0.01705,-2.63438,1.08070,1.57082,0.11674,-0.12759,-0.48155,0.03140,,,,,,,,,,,,,,,,,,,,,,,,,,0,0,0,0,0
7.1757,1783969858.9425,1,1,0.5000,-0.0000,1.42238,-0.01705,-2.63438,1.08070,1.57082,0.11674,-0.12759,-0.48155,0.03140,,,,,,,,,,,,,,,,,,,,,,,,,,0,0,0,0,0
7.1874,1783969858.9541,1,1,0.5000,-0.0000,1.42238,-0.01709,-2.63435,1.08075,1.57082,0.11674,-0.12759,-0.48158,0.03141,,,,,,,,,,,,,,,,,,,,,,,,,,0,0,0,0,0
7.2011,1783969858.9678,1,1,0.5000,-0.0000,1.42238,-0.01709,-2.63435,1.08075,1.57082,0.11674,-0.12759,-0.48158,0.03141,,,,,,,,,,,,,,,,,,,,,,,,,,0,0,0,0,0
7.2129,1783969858.9797,1,1,0.5000,-0.0000,1.42238,-0.01709,-2.63435,1.08075,1.57082,0.11674,-0.12759,-0.48158,0.03141,,,,,,,,,,,,,,,,,,,,,,,,,,0,0,0,0,0
7.2168,1783969858.9836,1,1,0.5000,-0.0000,1.42238,-0.01709,-2.63435,1.08075,1.57082,0.11674,-0.12759,-0.48158,0.03141,,,,,,,,,,,,,,,,,,,,,,,,,,0,0,0,0,0
7.2171,1783969858.9839,1,1,0.5000,-0.0000,1.42238,-0.01709,-2.63435,1.08075,1.57082,0.11674,-0.12759,-0.48158,0.03141,,,,,,,,,,,,,,,,,,,,,,,,,,0,0,0,0,0
7.2390,1783969859.0058,1,1,0.5000,-0.0000,1.42238,-0.01709,-2.63435,1.08075,1.57082,0.11674,-0.12759,-0.48158,0.03141,,,,,,,,,,,,,,,,,,,,,,,,,,0,0,0,0,0
7.2418,1783969859.0086,1,1,0.5000,-0.0000,1.42238,-0.01709,-2.63435,1.08075,1.57082,0.11674,-0.12759,-0.48158,0.03141,,,,,,,,,,,,,,,,,,,,,,,,,,0,0,0,0,0
7.2421,1783969859.0089,1,1,0.5000,-0.0000,1.42238,-0.01709,-2.63435,1.08075,1.57082,0.11674,-0.12759,-0.48158,0.03141,,,,,,,,,,,,,,,,,,,,,,,,,,0,0,0,0,0
7.2537,1783969859.0205,1,1,0.5000,-0.0000,1.42238,-0.01709,-2.63435,1.08075,1.57082,0.11674,-0.12759,-0.48158,0.03141,,,,,,,,,,,,,,,,,,,,,,,,,,0,0,0,0,0
7.2596,1783969859.0264,1,1,0.5000,-0.0000,1.42238,-0.01709,-2.63435,1.08075,1.57082,0.11674,-0.12759,-0.48158,0.03141,,,,,,,,,,,,,,,,,,,,,,,,,,0,0,0,0,0
7.2601,1783969859.0268,1,1,0.5000,-0.0000,1.42238,-0.01709,-2.63435,1.08075,1.57082,0.11674,-0.12759,-0.48158,0.03141,,,,,,,,,,,,,,,,,,,,,,,,,,0,0,0,0,0
7.2859,1783969859.0526,1,1,0.5000,-0.0000,1.42238,-0.01709,-2.63435,1.08075,1.57082,0.11674,-0.12759,-0.48158,0.03141,,,,,,,,,,,,,,,,,,,,,,,,,,0,0,0,0,0
7.3036,1783969859.0703,1,1,0.5000,-0.0000,1.42238,-0.01709,-2.63435,1.08075,1.57082,0.11674,-0.12759,-0.48158,0.03141,,,,,,,,,,,,,,,,,,,,,,,,,,0,0,0,0,0
7.3040,1783969859.0708,1,1,0.5000,-0.0000,1.42238,-0.01709,-2.63435,1.08075,1.57082,0.11674,-0.12759,-0.48158,0.03141,,,,,,,,,,,,,,,,,,,,,,,,,,0,0,0,0,0
7.3050,1783969859.0718,1,1,0.5000,-0.0000,1.42238,-0.01709,-2.63435,1.08075,1.57082,0.11674,-0.12759,-0.48158,0.03141,,,,,,,,,,,,,,,,,,,,,,,,,,0,0,0,0,0
7.3057,1783969859.0725,1,1,0.5000,-0.0000,1.42238,-0.01709,-2.63435,1.08075,1.57082,0.11674,-0.12759,-0.48158,0.03141,,,,,,,,,,,,,,,,,,,,,,,,,,0,0,0,0,0
7.3060,1783969859.0728,1,1,0.5000,-0.0000,1.42238,-0.01709,-2.63435,1.08075,1.57082,0.11674,-0.12759,-0.48158,0.03141,,,,,,,,,,,,,,,,,,,,,,,,,,0,0,0,0,0
7.3069,1783969859.0737,1,1,0.5000,-0.0000,1.42238,-0.01709,-2.63435,1.08075,1.57082,0.11674,-0.12759,-0.48158,0.03141,,,,,,,,,,,,,,,,,,,,,,,,,,0,0,0,0,0
7.3157,1783969859.0824,1,1,0.5000,-0.0000,1.42238,-0.01709,-2.63435,1.08075,1.57082,0.11674,-0.12759,-0.48158,0.03141,,,,,,,,,,,,,,,,,,,,,,,,,,0,0,0,0,0
7.3408,1783969859.1076,1,1,0.5000,-0.0000,1.42238,-0.01709,-2.63435,1.08075,1.57082,0.11674,-0.12759,-0.48158,0.03141,,,,,,,,,,,,,,,,,,,,,,,,,,0,0,0,0,0
7.3478,1783969859.1146,1,1,0.5000,-0.0000,1.42238,-0.01709,-2.63435,1.08075,1.57082,0.11674,-0.12759,-0.48158,0.03141,,,,,,,,,,,,,,,,,,,,,,,,,,0,0,0,0,0
7.3482,1783969859.1149,1,1,0.5000,-0.0000,1.42238,-0.01709,-2.63435,1.08075,1.57082,0.11674,-0.12759,-0.48158,0.03141,,,,,,,,,,,,,,,,,,,,,,,,,,0,0,0,0,0
7.3549,1783969859.1217,1,1,0.5000,-0.0000,1.42238,-0.01709,-2.63435,1.08075,1.57082,0.11674,-0.12759,-0.48158,0.03141,,,,,,,,,,,,,,,,,,,,,,,,,,0,0,0,0,0
7.3567,1783969859.1234,1,1,0.5000,-0.0000,1.42238,-0.01709,-2.63435,1.08075,1.57082,0.11674,-0.12759,-0.48158,0.03141,,,,,,,,,,,,,,,,,,,,,,,,,,0,0,0,0,0
7.3655,1783969859.1323,1,1,0.5000,-0.0000,1.42238,-0.01709,-2.63435,1.08075,1.57082,0.11674,-0.12759,-0.48158,0.03141,,,,,,,,,,,,,,,,,,,,,,,,,,0,0,0,0,0
7.3659,1783969859.1327,1,1,0.5000,-0.0000,1.42238,-0.01709,-2.63435,1.08075,1.57082,0.11674,-0.12759,-0.48158,0.03141,,,,,,,,,,,,,,,,,,,,,,,,,,0,0,0,0,0
7.3791,1783969859.1459,1,1,0.5000,-0.0000,1.42238,-0.01710,-2.63437,1.08077,1.57082,0.11673,-0.12759,-0.48157,0.03139,,,,,,,,,,,,,,,,,,,,,,,,,,0,0,0,0,0
7.3892,1783969859.1560,1,1,0.5000,-0.0000,1.42238,-0.01712,-2.63441,1.08079,1.57082,0.11673,-0.12760,-0.48154,0.03137,,,,,,,,,,,,,,,,,,,,,,,,,,0,0,0,0,0
7.3896,1783969859.1564,1,1,0.5000,-0.0000,1.42238,-0.01712,-2.63441,1.08079,1.57082,0.11673,-0.12760,-0.48154,0.03137,,,,,,,,,,,,,,,,,,,,,,,,,,0,0,0,0,0
7.3994,1783969859.1662,1,1,0.5000,-0.0000,1.42238,-0.01713,-2.63443,1.08081,1.57082,0.11673,-0.12760,-0.48153,0.03136,,,,,,,,,,,,,,,,,,,,,,,,,,0,0,0,0,0
7.4183,1783969859.1851,1,1,0.5000,-0.0000,1.42238,-0.01717,-2.63448,1.08086,1.57082,0.11673,-0.12760,-0.48150,0.03133,,,,,,,,,,,,,,,,,,,,,,,,,,0,0,0,0,0
7.4221,1783969859.1888,1,1,0.5000,-0.0000,1.42238,-0.01719,-2.63449,1.08088,1.57082,0.11673,-0.12760,-0.48149,0.03132,,,,,,,,,,,,,,,,,,,,,,,,,,0,0,0,0,0
7.4258,1783969859.1925,1,1,0.5000,-0.0000,1.42238,-0.01721,-2.63451,1.08090,1.57082,0.11673,-0.12760,-0.48148,0.03131,,,,,,,,,,,,,,,,,,,,,,,,,,0,0,0,0,0
7.4357,1783969859.2025,1,1,0.5000,-0.0000,1.42238,-0.01721,-2.63451,1.08091,1.57082,0.11673,-0.12760,-0.48148,0.03130,,,,,,,,,,,,,,,,,,,,,,,,,,0,0,0,0,0
7.4463,1783969859.2131,1,1,0.5000,-0.0000,1.42238,-0.01726,-2.63454,1.08096,1.57082,0.11673,-0.12761,-0.48147,0.03128,,,,,,,,,,,,,,,,,,,,,,,,,,0,0,0,0,0
7.4574,1783969859.2242,1,1,0.5000,-0.0000,1.42238,-0.01730,-2.63455,1.08100,1.57082,0.11673,-0.12761,-0.48146,0.03127,,,,,,,,,,,,,,,,,,,,,,,,,,0,0,0,0,0
7.4891,1783969859.2558,1,1,0.5000,-0.0000,1.42238,-0.01753,-2.63460,1.08128,1.57082,0.11673,-0.12761,-0.48146,0.03119,,,,,,,,,,,,,,,,,,,,,,,,,,0,0,0,0,0
7.4932,1783969859.2599,1,1,0.5000,-0.0000,1.42238,-0.01754,-2.63461,1.08130,1.57082,0.11673,-0.12761,-0.48146,0.03118,,,,,,,,,,,,,,,,,,,,,,,,,,0,0,0,0,0
7.4936,1783969859.2604,1,1,0.5000,-0.0000,1.42238,-0.01754,-2.63461,1.08130,1.57082,0.11673,-0.12761,-0.48146,0.03118,,,,,,,,,,,,,,,,,,,,,,,,,,0,0,0,0,0
7.4950,1783969859.2618,1,1,0.5000,-0.0000,1.42238,-0.01754,-2.63461,1.08130,1.57082,0.11673,-0.12761,-0.48146,0.03118,,,,,,,,,,,,,,,,,,,,,,,,,,0,0,0,0,0
7.4953,1783969859.2621,1,1,0.5000,-0.0000,1.42238,-0.01754,-2.63461,1.08130,1.57082,0.11673,-0.12761,-0.48146,0.03118,,,,,,,,,,,,,,,,,,,,,,,,,,0,0,0,0,0
7.5077,1783969859.2744,1,1,0.5000,-0.0000,1.42238,-0.01765,-2.63463,1.08142,1.57082,0.11673,-0.12761,-0.48146,0.03115,,,,,,,,,,,,,,,,,,,,,,,,,,0,0,0,0,0
7.5173,1783969859.2841,1,1,0.5000,-0.0000,1.42238,-0.01775,-2.63465,1.08154,1.57082,0.11673,-0.12761,-0.48146,0.03111,,,,,,,,,,,,,,,,,,,,,,,,,,0,0,0,0,0
7.5177,1783969859.2845,1,1,0.5000,-0.0000,1.42238,-0.01775,-2.63465,1.08154,1.57082,0.11673,-0.12761,-0.48146,0.03111,,,,,,,,,,,,,,,,,,,,,,,,,,0,0,0,0,0
7.5252,1783969859.2920,1,1,0.5000,-0.0000,1.42238,-0.01777,-2.63465,1.08157,1.57082,0.11673,-0.12761,-0.48146,0.03111,,,,,,,,,,,,,,,,,,,,,,,,,,0,0,0,0,0
7.5419,1783969859.3086,1,1,0.5000,-0.0000,1.42238,-0.01790,-2.63467,1.08173,1.57082,0.11673,-0.12760,-0.48147,0.03107,,,,,,,,,,,,,,,,,,,,,,,,,,0,0,0,0,0
7.5463,1783969859.3131,1,1,0.5000,-0.0000,1.42238,-0.01795,-2.63467,1.08178,1.57082,0.11673,-0.12760,-0.48147,0.03105,,,,,,,,,,,,,,,,,,,,,,,,,,0,0,0,0,0
7.5466,1783969859.3134,1,1,0.5000,-0.0000,1.42238,-0.01795,-2.63467,1.08178,1.57082,0.11673,-0.12760,-0.48147,0.03105,,,,,,,,,,,,,,,,,,,,,,,,,,0,0,0,0,0
7.5595,1783969859.3263,1,1,0.5000,-0.0000,1.42238,-0.01809,-2.63469,1.08195,1.57082,0.11673,-0.12760,-0.48148,0.03101,,,,,,,,,,,,,,,,,,,,,,,,,,0,0,0,0,0
7.5690,1783969859.3357,1,1,0.5000,-0.0000,1.42238,-0.01821,-2.63470,1.08211,1.57083,0.11673,-0.12760,-0.48149,0.03098,,,,,,,,,,,,,,,,,,,,,,,,,,0,0,0,0,0
7.5998,1783969859.3665,1,1,0.5000,-0.0000,1.42238,-0.01827,-2.63471,1.08218,1.57083,0.11673,-0.12760,-0.48150,0.03097,,,,,,,,,,,,,,,,,,,,,,,,,,0,0,0,0,0
7.6021,1783969859.3689,1,1,0.5000,-0.0000,1.42238,-0.01827,-2.63471,1.08218,1.57083,0.11673,-0.12760,-0.48150,0.03097,,,,,,,,,,,,,,,,,,,,,,,,,,0,0,0,0,0
7.6025,1783969859.3693,1,1,0.5000,-0.0000,1.42238,-0.01827,-2.63471,1.08218,1.57083,0.11673,-0.12760,-0.48150,0.03097,,,,,,,,,,,,,,,,,,,,,,,,,,0,0,0,0,0
7.6030,1783969859.3697,1,1,0.5000,-0.0000,1.42238,-0.01827,-2.63471,1.08218,1.57083,0.11673,-0.12760,-0.48150,0.03097,,,,,,,,,,,,,,,,,,,,,,,,,,0,0,0,0,0
7.6129,1783969859.3797,1,1,0.5000,-0.0000,1.42238,-0.01827,-2.63471,1.08218,1.57083,0.11673,-0.12760,-0.48150,0.03097,,,,,,,,,,,,,,,,,,,,,,,,,,0,0,0,0,0
7.6219,1783969859.3887,1,1,0.5000,-0.0000,1.42238,-0.01827,-2.63471,1.08218,1.57083,0.11673,-0.12760,-0.48150,0.03097,,,,,,,,,,,,,,,,,,,,,,,,,,0,0,0,0,0
7.6260,1783969859.3927,1,1,0.5000,-0.0000,1.42238,-0.01827,-2.63471,1.08218,1.57083,0.11673,-0.12760,-0.48150,0.03097,,,,,,,,,,,,,,,,,,,,,,,,,,0,0,0,0,0
7.6409,1783969859.4076,1,1,0.5000,-0.0000,1.42238,-0.01827,-2.63471,1.08218,1.57083,0.11673,-0.12760,-0.48150,0.03097,,,,,,,,,,,,,,,,,,,,,,,,,,0,0,0,0,0
7.6497,1783969859.4165,1,1,0.5000,-0.0000,1.42238,-0.01827,-2.63471,1.08218,1.57083,0.11673,-0.12760,-0.48150,0.03097,,,,,,,,,,,,,,,,,,,,,,,,,,0,0,0,0,0
7.6550,1783969859.4218,1,1,0.5000,-0.0000,1.42238,-0.01827,-2.63471,1.08218,1.57083,0.11673,-0.12760,-0.48150,0.03097,,,,,,,,,,,,,,,,,,,,,,,,,,0,0,0,0,0
7.6649,1783969859.4317,1,1,0.5000,-0.0000,1.42238,-0.01827,-2.63471,1.08218,1.57083,0.11673,-0.12760,-0.48150,0.03097,,,,,,,,,,,,,,,,,,,,,,,,,,0,0,0,0,0
7.6753,1783969859.4421,1,1,0.5000,-0.0000,1.42238,-0.01827,-2.63471,1.08218,1.57083,0.11673,-0.12760,-0.48150,0.03097,,,,,,,,,,,,,,,,,,,,,,,,,,0,0,0,0,0
7.6877,1783969859.4545,1,1,0.5000,-0.0000,1.42238,-0.01827,-2.63471,1.08218,1.57083,0.11673,-0.12760,-0.48150,0.03097,,,,,,,,,,,,,,,,,,,,,,,,,,0,0,0,0,0
7.6988,1783969859.4655,1,1,0.5000,-0.0000,1.42238,-0.01827,-2.63471,1.08218,1.57083,0.11673,-0.12760,-0.48150,0.03097,,,,,,,,,,,,,,,,,,,,,,,,,,0,0,0,0,0
7.7048,1783969859.4716,1,1,0.5000,-0.0000,1.42238,-0.01827,-2.63471,1.08218,1.57083,0.11673,-0.12760,-0.48150,0.03097,,,,,,,,,,,,,,,,,,,,,,,,,,0,0,0,0,0
7.7158,1783969859.4826,1,1,0.5000,-0.0000,1.42238,-0.01827,-2.63471,1.08218,1.57083,0.11673,-0.12760,-0.48150,0.03097,,,,,,,,,,,,,,,,,,,,,,,,,,0,0,0,0,0
7.7251,1783969859.4918,1,1,0.5000,-0.0000,1.42238,-0.01827,-2.63471,1.08218,1.57083,0.11673,-0.12760,-0.48150,0.03097,,,,,,,,,,,,,,,,,,,,,,,,,,0,0,0,0,0
7.7374,1783969859.5041,1,1,0.5000,-0.0000,1.42238,-0.01827,-2.63471,1.08218,1.57083,0.11673,-0.12760,-0.48150,0.03097,,,,,,,,,,,,,,,,,,,,,,,,,,0,0,0,0,0
7.7377,1783969859.5044,1,1,0.5000,-0.0000,1.42238,-0.01827,-2.63471,1.08218,1.57083,0.11673,-0.12760,-0.48150,0.03097,,,,,,,,,,,,,,,,,,,,,,,,,,0,0,0,0,0
7.7462,1783969859.5129,1,1,0.5000,-0.0000,1.42238,-0.01827,-2.63471,1.08218,1.57083,0.11673,-0.12760,-0.48150,0.03097,,,,,,,,,,,,,,,,,,,,,,,,,,0,0,0,0,0
7.7653,1783969859.5321,1,1,0.5000,-0.0000,1.42238,-0.01827,-2.63471,1.08218,1.57083,0.11673,-0.12760,-0.48150,0.03097,,,,,,,,,,,,,,,,,,,,,,,,,,0,0,0,0,0
7.7656,1783969859.5324,1,1,0.5000,-0.0000,1.42238,-0.01827,-2.63471,1.08218,1.57083,0.11673,-0.12760,-0.48150,0.03097,,,,,,,,,,,,,,,,,,,,,,,,,,0,0,0,0,0
7.7659,1783969859.5327,1,1,0.5000,-0.0000,1.42238,-0.01827,-2.63471,1.08218,1.57083,0.11673,-0.12760,-0.48150,0.03097,,,,,,,,,,,,,,,,,,,,,,,,,,0,0,0,0,0
7.7795,1783969859.5463,1,1,0.5000,-0.0000,1.42238,-0.01827,-2.63471,1.08218,1.57083,0.11673,-0.12760,-0.48150,0.03097,,,,,,,,,,,,,,,,,,,,,,,,,,0,0,0,0,0
7.7890,1783969859.5558,1,1,0.5000,-0.0000,1.42238,-0.01827,-2.63471,1.08218,1.57083,0.11673,-0.12760,-0.48150,0.03097,,,,,,,,,,,,,,,,,,,,,,,,,,0,0,0,0,0
7.7982,1783969859.5650,1,1,0.5000,-0.0000,1.42238,-0.01827,-2.63471,1.08219,1.57083,0.11673,-0.12760,-0.48150,0.03097,,,,,,,,,,,,,,,,,,,,,,,,,,0,0,0,0,0
7.8097,1783969859.5765,1,1,0.5000,-0.0000,1.42238,-0.01828,-2.63471,1.08221,1.57083,0.11673,-0.12760,-0.48150,0.03096,,,,,,,,,,,,,,,,,,,,,,,,,,0,0,0,0,0
7.8148,1783969859.5816,1,1,0.5000,-0.0000,1.42238,-0.01828,-2.63471,1.08221,1.57083,0.11673,-0.12760,-0.48150,0.03096,,,,,,,,,,,,,,,,,,,,,,,,,,0,0,0,0,0
7.8272,1783969859.5940,1,1,0.5000,-0.0000,1.42238,-0.01830,-2.63473,1.08223,1.57083,0.11673,-0.12760,-0.48149,0.03095,,,,,,,,,,,,,,,,,,,,,,,,,,0,0,0,0,0
7.8363,1783969859.6031,1,1,0.5000,-0.0000,1.42238,-0.01834,-2.63475,1.08227,1.57083,0.11673,-0.12760,-0.48148,0.03093,,,,,,,,,,,,,,,,,,,,,,,,,,0,0,0,0,0
7.8480,1783969859.6148,1,1,0.5000,-0.0000,1.42238,-0.01838,-2.63478,1.08232,1.57083,0.11673,-0.12760,-0.48146,0.03091,,,,,,,,,,,,,,,,,,,,,,,,,,0,0,0,0,0
7.8555,1783969859.6223,1,1,0.5000,-0.0000,1.42238,-0.01839,-2.63479,1.08234,1.57083,0.11673,-0.12760,-0.48146,0.03090,,,,,,,,,,,,,,,,,,,,,,,,,,0,0,0,0,0
7.8680,1783969859.6348,1,1,0.5000,-0.0000,1.42238,-0.01845,-2.63482,1.08241,1.57083,0.11673,-0.12761,-0.48145,0.03087,,,,,,,,,,,,,,,,,,,,,,,,,,0,0,0,0,0
7.8756,1783969859.6424,1,1,0.5000,-0.0000,1.42238,-0.01851,-2.63484,1.08248,1.57083,0.11673,-0.12761,-0.48144,0.03085,,,,,,,,,,,,,,,,,,,,,,,,,,0,0,0,0,0
7.8759,1783969859.6427,1,1,0.5000,-0.0000,1.42238,-0.01851,-2.63484,1.08248,1.57083,0.11673,-0.12761,-0.48144,0.03085,,,,,,,,,,,,,,,,,,,,,,,,,,0,0,0,0,0
7.8892,1783969859.6560,1,1,0.5000,-0.0000,1.42238,-0.01855,-2.63485,1.08253,1.57083,0.11673,-0.12761,-0.48144,0.03084,,,,,,,,,,,,,,,,,,,,,,,,,,0,0,0,0,0
7.9010,1783969859.6677,1,1,0.5000,-0.0000,1.42238,-0.01862,-2.63486,1.08261,1.57083,0.11673,-0.12761,-0.48144,0.03081,,,,,,,,,,,,,,,,,,,,,,,,,,0,0,0,0,0
7.9134,1783969859.6802,1,1,0.5000,-0.0000,1.42237,-0.01868,-2.63487,1.08268,1.57083,0.11673,-0.12761,-0.48144,0.03079,,,,,,,,,,,,,,,,,,,,,,,,,,0,0,0,0,0
7.9305,1783969859.6973,1,1,0.5000,-0.0000,1.42237,-0.01889,-2.63490,1.08292,1.57083,0.11673,-0.12760,-0.48145,0.03073,,,,,,,,,,,,,,,,,,,,,,,,,,0,0,0,0,0
7.9310,1783969859.6978,1,1,0.5000,-0.0000,1.42237,-0.01889,-2.63490,1.08292,1.57083,0.11673,-0.12760,-0.48145,0.03073,,,,,,,,,,,,,,,,,,,,,,,,,,0,0,0,0,0
7.9378,1783969859.7046,1,1,0.5000,-0.0000,1.42237,-0.01889,-2.63490,1.08293,1.57083,0.11673,-0.12760,-0.48145,0.03073,,,,,,,,,,,,,,,,,,,,,,,,,,0,0,0,0,0
7.9382,1783969859.7049,1,1,0.5000,-0.0000,1.42237,-0.01889,-2.63490,1.08293,1.57083,0.11673,-0.12760,-0.48145,0.03073,,,,,,,,,,,,,,,,,,,,,,,,,,0,0,0,0,0
7.9500,1783969859.7168,1,1,0.5000,-0.0000,1.42237,-0.01897,-2.63491,1.08302,1.57083,0.11673,-0.12760,-0.48146,0.03071,,,,,,,,,,,,,,,,,,,,,,,,,,0,0,0,0,0
7.9503,1783969859.7171,1,1,0.5000,-0.0000,1.42237,-0.01897,-2.63491,1.08302,1.57083,0.11673,-0.12760,-0.48146,0.03071,,,,,,,,,,,,,,,,,,,,,,,,,,0,0,0,0,0
7.9630,1783969859.7298,1,1,0.5000,-0.0000,1.42237,-0.01910,-2.63493,1.08318,1.57083,0.11673,-0.12760,-0.48146,0.03067,,,,,,,,,,,,,,,,,,,,,,,,,,0,0,0,0,0
7.9705,1783969859.7373,1,1,0.5000,-0.0000,1.42237,-0.01915,-2.63493,1.08324,1.57083,0.11673,-0.12760,-0.48147,0.03065,,,,,,,,,,,,,,,,,,,,,,,,,,0,0,0,0,0
7.9709,1783969859.7376,1,1,0.5000,-0.0000,1.42237,-0.01915,-2.63493,1.08324,1.57083,0.11673,-0.12760,-0.48147,0.03065,,,,,,,,,,,,,,,,,,,,,,,,,,0,0,0,0,0
7.9809,1783969859.7477,1,1,0.5000,-0.0000,1.42237,-0.01918,-2.63493,1.08328,1.57083,0.11673,-0.12760,-0.48147,0.03065,,,,,,,,,,,,,,,,,,,,,,,,,,0,0,0,0,0
8.0758,1783969859.8426,1,1,0.5000,-0.0000,1.42237,-0.01949,-2.63486,1.08367,1.57083,0.11673,-0.12758,-0.48158,0.03061,,,,,,,,,,,,,,,,,,,,,,,,,,0,0,0,0,0
8.0799,1783969859.8467,1,1,0.5000,-0.0000,1.42237,-0.01949,-2.63486,1.08367,1.57083,0.11673,-0.12758,-0.48158,0.03061,,,,,,,,,,,,,,,,,,,,,,,,,,0,0,0,0,0
8.0835,1783969859.8502,1,1,0.5000,-0.0000,1.42237,-0.01949,-2.63486,1.08367,1.57083,0.11673,-0.12758,-0.48158,0.03061,,,,,,,,,,,,,,,,,,,,,,,,,,0,0,0,0,0
8.0850,1783969859.8518,1,1,0.5000,-0.0000,1.42237,-0.01949,-2.63486,1.08367,1.57083,0.11673,-0.12758,-0.48158,0.03061,,,,,,,,,,,,,,,,,,,,,,,,,,0,0,0,0,0
8.0854,1783969859.8522,1,1,0.5000,-0.0000,1.42237,-0.01949,-2.63486,1.08367,1.57083,0.11673,-0.12758,-0.48158,0.03061,,,,,,,,,,,,,,,,,,,,,,,,,,0,0,0,0,0
8.0864,1783969859.8532,1,1,0.5000,-0.0000,1.42237,-0.01949,-2.63486,1.08367,1.57083,0.11673,-0.12758,-0.48158,0.03061,,,,,,,,,,,,,,,,,,,,,,,,,,0,0,0,0,0
8.1104,1783969859.8772,1,1,0.5000,-0.0000,1.42237,-0.01949,-2.63486,1.08367,1.57083,0.11673,-0.12758,-0.48158,0.03061,,,,,,,,,,,,,,,,,,,,,,,,,,0,0,0,0,0
8.1157,1783969859.8825,1,1,0.5000,-0.0000,1.42237,-0.01949,-2.63486,1.08367,1.57083,0.11673,-0.12758,-0.48158,0.03061,,,,,,,,,,,,,,,,,,,,,,,,,,0,0,0,0,0
8.1222,1783969859.8890,1,1,0.5000,-0.0000,1.42237,-0.01949,-2.63486,1.08367,1.57083,0.11673,-0.12758,-0.48158,0.03061,,,,,,,,,,,,,,,,,,,,,,,,,,0,0,0,0,0
8.1225,1783969859.8892,1,1,0.5000,-0.0000,1.42237,-0.01949,-2.63486,1.08367,1.57083,0.11673,-0.12758,-0.48158,0.03061,,,,,,,,,,,,,,,,,,,,,,,,,,0,0,0,0,0
8.1242,1783969859.8910,1,1,0.5000,-0.0000,1.42237,-0.01949,-2.63486,1.08367,1.57083,0.11673,-0.12758,-0.48158,0.03061,,,,,,,,,,,,,,,,,,,,,,,,,,0,0,0,0,0
8.1255,1783969859.8923,1,1,0.5000,-0.0000,1.42237,-0.01949,-2.63486,1.08367,1.57083,0.11673,-0.12758,-0.48158,0.03061,,,,,,,,,,,,,,,,,,,,,,,,,,0,0,0,0,0
8.1258,1783969859.8926,1,1,0.5000,-0.0000,1.42237,-0.01949,-2.63486,1.08367,1.57083,0.11673,-0.12758,-0.48158,0.03061,,,,,,,,,,,,,,,,,,,,,,,,,,0,0,0,0,0
8.1335,1783969859.9003,1,1,0.5000,-0.0000,1.42237,-0.01949,-2.63486,1.08367,1.57083,0.11673,-0.12758,-0.48158,0.03061,,,,,,,,,,,,,,,,,,,,,,,,,,0,0,0,0,0
8.1403,1783969859.9070,1,1,0.5000,-0.0000,1.42237,-0.01949,-2.63486,1.08367,1.57083,0.11673,-0.12758,-0.48158,0.03061,,,,,,,,,,,,,,,,,,,,,,,,,,0,0,0,0,0
8.1409,1783969859.9077,1,1,0.5000,-0.0000,1.42237,-0.01949,-2.63486,1.08367,1.57083,0.11673,-0.12758,-0.48158,0.03061,,,,,,,,,,,,,,,,,,,,,,,,,,0,0,0,0,0
8.1415,1783969859.9082,1,1,0.5000,-0.0000,1.42237,-0.01949,-2.63486,1.08367,1.57083,0.11673,-0.12758,-0.48158,0.03061,,,,,,,,,,,,,,,,,,,,,,,,,,0,0,0,0,0
8.1418,1783969859.9086,1,1,0.5000,-0.0000,1.42237,-0.01949,-2.63486,1.08367,1.57083,0.11673,-0.12758,-0.48158,0.03061,,,,,,,,,,,,,,,,,,,,,,,,,,0,0,0,0,0
8.1427,1783969859.9094,1,1,0.5000,-0.0000,1.42237,-0.01949,-2.63486,1.08367,1.57083,0.11673,-0.12758,-0.48158,0.03061,,,,,,,,,,,,,,,,,,,,,,,,,,0,0,0,0,0
8.1448,1783969859.9116,1,1,0.5000,-0.0000,1.42237,-0.01949,-2.63486,1.08367,1.57083,0.11673,-0.12758,-0.48158,0.03061,,,,,,,,,,,,,,,,,,,,,,,,,,0,0,0,0,0
8.1456,1783969859.9124,1,1,0.5000,-0.0000,1.42237,-0.01949,-2.63486,1.08367,1.57083,0.11673,-0.12758,-0.48158,0.03061,,,,,,,,,,,,,,,,,,,,,,,,,,0,0,0,0,0
8.1459,1783969859.9127,1,1,0.5000,-0.0000,1.42237,-0.01949,-2.63486,1.08367,1.57083,0.11673,-0.12758,-0.48158,0.03061,,,,,,,,,,,,,,,,,,,,,,,,,,0,0,0,0,0
8.1562,1783969859.9230,1,1,0.5000,-0.0000,1.42237,-0.01949,-2.63486,1.08367,1.57083,0.11673,-0.12758,-0.48158,0.03061,,,,,,,,,,,,,,,,,,,,,,,,,,0,0,0,0,0
8.1597,1783969859.9265,1,1,0.5000,-0.0000,1.42237,-0.01949,-2.63486,1.08367,1.57083,0.11673,-0.12758,-0.48158,0.03061,,,,,,,,,,,,,,,,,,,,,,,,,,0,0,0,0,0
8.1601,1783969859.9269,1,1,0.5000,-0.0000,1.42237,-0.01949,-2.63486,1.08367,1.57083,0.11673,-0.12758,-0.48158,0.03061,,,,,,,,,,,,,,,,,,,,,,,,,,0,0,0,0,0
8.1751,1783969859.9418,1,1,0.5000,-0.0000,1.42237,-0.01949,-2.63486,1.08367,1.57083,0.11673,-0.12758,-0.48158,0.03061,,,,,,,,,,,,,,,,,,,,,,,,,,0,0,0,0,0
8.1841,1783969859.9508,1,1,0.5000,-0.0000,1.42237,-0.01949,-2.63486,1.08367,1.57083,0.11673,-0.12758,-0.48158,0.03061,,,,,,,,,,,,,,,,,,,,,,,,,,0,0,0,0,0
8.2093,1783969859.9761,1,1,0.5000,-0.0000,1.42237,-0.01949,-2.63486,1.08367,1.57083,0.11673,-0.12758,-0.48158,0.03060,,,,,,,,,,,,,,,,,,,,,,,,,,0,0,0,0,0
8.2096,1783969859.9764,1,1,0.5000,-0.0000,1.42237,-0.01949,-2.63486,1.08367,1.57083,0.11673,-0.12758,-0.48158,0.03060,,,,,,,,,,,,,,,,,,,,,,,,,,0,0,0,0,0
8.2101,1783969859.9768,1,1,0.5000,-0.0000,1.42237,-0.01949,-2.63486,1.08367,1.57083,0.11673,-0.12758,-0.48158,0.03060,,,,,,,,,,,,,,,,,,,,,,,,,,0,0,0,0,0
8.2104,1783969859.9772,1,1,0.5000,-0.0000,1.42237,-0.01949,-2.63486,1.08367,1.57083,0.11673,-0.12758,-0.48158,0.03060,,,,,,,,,,,,,,,,,,,,,,,,,,0,0,0,0,0
8.2109,1783969859.9776,1,1,0.5000,-0.0000,1.42237,-0.01949,-2.63486,1.08367,1.57083,0.11673,-0.12758,-0.48158,0.03060,,,,,,,,,,,,,,,,,,,,,,,,,,0,0,0,0,0
8.2190,1783969859.9858,1,1,0.5000,-0.0000,1.42237,-0.01949,-2.63487,1.08368,1.57083,0.11673,-0.12759,-0.48157,0.03060,,,,,,,,,,,,,,,,,,,,,,,,,,0,0,0,0,0
8.2278,1783969859.9946,1,1,0.5000,-0.0000,1.42237,-0.01949,-2.63489,1.08368,1.57083,0.11673,-0.12759,-0.48156,0.03059,,,,,,,,,,,,,,,,,,,,,,,,,,0,0,0,0,0
8.2282,1783969859.9950,1,1,0.5000,-0.0000,1.42237,-0.01949,-2.63489,1.08368,1.57083,0.11673,-0.12759,-0.48156,0.03059,,,,,,,,,,,,,,,,,,,,,,,,,,0,0,0,0,0
8.2459,1783969860.0127,1,1,0.5000,-0.0000,1.42237,-0.01951,-2.63492,1.08370,1.57083,0.11673,-0.12759,-0.48154,0.03058,,,,,,,,,,,,,,,,,,,,,,,,,,0,0,0,0,0
8.2547,1783969860.0215,1,1,0.5000,-0.0000,1.42237,-0.01953,-2.63494,1.08372,1.57083,0.11673,-0.12759,-0.48153,0.03056,,,,,,,,,,,,,,,,,,,,,,,,,,0,0,0,0,0
8.2599,1783969860.0266,1,1,0.5000,-0.0000,1.42237,-0.01954,-2.63496,1.08374,1.57083,0.11673,-0.12759,-0.48152,0.03055,,,,,,,,,,,,,,,,,,,,,,,,,,0,0,0,0,0
8.2721,1783969860.0389,1,1,0.5000,-0.0000,1.42237,-0.01955,-2.63497,1.08375,1.57083,0.11673,-0.12759,-0.48151,0.03054,,,,,,,,,,,,,,,,,,,,,,,,,,0,0,0,0,0
8.2782,1783969860.0450,1,1,0.5000,-0.0000,1.42237,-0.01959,-2.63499,1.08380,1.57083,0.11673,-0.12760,-0.48150,0.03052,,,,,,,,,,,,,,,,,,,,,,,,,,0,0,0,0,0
8.2786,1783969860.0454,1,1,0.5000,-0.0000,1.42237,-0.01959,-2.63499,1.08380,1.57083,0.11673,-0.12760,-0.48150,0.03052,,,,,,,,,,,,,,,,,,,,,,,,,,0,0,0,0,0
8.3096,1783969860.0764,1,1,0.5000,-0.0000,1.42237,-0.01974,-2.63507,1.08396,1.57083,0.11673,-0.12760,-0.48146,0.03045,,,,,,,,,,,,,,,,,,,,,,,,,,0,0,0,0,0
8.3100,1783969860.0768,1,1,0.5000,-0.0000,1.42237,-0.01974,-2.63507,1.08396,1.57083,0.11673,-0.12760,-0.48146,0.03045,,,,,,,,,,,,,,,,,,,,,,,,,,0,0,0,0,0
8.3145,1783969860.0813,1,1,0.5000,-0.0000,1.42237,-0.01977,-2.63508,1.08400,1.57083,0.11673,-0.12760,-0.48146,0.03044,,,,,,,,,,,,,,,,,,,,,,,,,,0,0,0,0,0
8.3194,1783969860.0862,1,1,0.5000,-0.0000,1.42237,-0.01981,-2.63509,1.08405,1.57083,0.11673,-0.12760,-0.48146,0.03042,,,,,,,,,,,,,,,,,,,,,,,,,,0,0,0,0,0
8.3198,1783969860.0866,1,1,0.5000,-0.0000,1.42237,-0.01981,-2.63509,1.08405,1.57083,0.11673,-0.12760,-0.48146,0.03042,,,,,,,,,,,,,,,,,,,,,,,,,,0,0,0,0,0
8.3308,1783969860.0975,1,1,0.5000,-0.0000,1.42237,-0.01990,-2.63512,1.08415,1.57083,0.11673,-0.12760,-0.48145,0.03039,,,,,,,,,,,,,,,,,,,,,,,,,,0,0,0,0,0
8.3424,1783969860.1091,1,1,0.5000,-0.0000,1.42237,-0.01995,-2.63512,1.08421,1.57083,0.11673,-0.12760,-0.48145,0.03038,,,,,,,,,,,,,,,,,,,,,,,,,,0,0,0,0,0
8.3599,1783969860.1267,1,1,0.5000,-0.0000,1.42237,-0.02002,-2.63514,1.08430,1.57083,0.11673,-0.12760,-0.48145,0.03035,,,,,,,,,,,,,,,,,,,,,,,,,,0,0,0,0,0
8.3616,1783969860.1284,1,1,0.5000,-0.0000,1.42237,-0.02004,-2.63514,1.08432,1.57083,0.11673,-0.12760,-0.48145,0.03034,,,,,,,,,,,,,,,,,,,,,,,,,,0,0,0,0,0
8.3619,1783969860.1287,1,1,0.5000,-0.0000,1.42237,-0.02004,-2.63514,1.08432,1.57083,0.11673,-0.12760,-0.48145,0.03034,,,,,,,,,,,,,,,,,,,,,,,,,,0,0,0,0,0
8.3858,1783969860.1526,1,1,0.5000,-0.0000,1.42237,-0.02025,-2.63517,1.08457,1.57083,0.11673,-0.12760,-0.48146,0.03028,,,,,,,,,,,,,,,,,,,,,,,,,,0,0,0,0,0
8.3861,1783969860.1529,1,1,0.5000,-0.0000,1.42237,-0.02025,-2.63517,1.08457,1.57083,0.11673,-0.12760,-0.48146,0.03028,,,,,,,,,,,,,,,,,,,,,,,,,,0,0,0,0,0
8.3909,1783969860.1577,1,1,0.5000,-0.0000,1.42237,-0.02026,-2.63517,1.08457,1.57083,0.11673,-0.12760,-0.48146,0.03028,,,,,,,,,,,,,,,,,,,,,,,,,,0,0,0,0,0
8.3912,1783969860.1580,1,1,0.5000,-0.0000,1.42237,-0.02026,-2.63517,1.08457,1.57083,0.11673,-0.12760,-0.48146,0.03028,,,,,,,,,,,,,,,,,,,,,,,,,,0,0,0,0,0
8.3940,1783969860.1608,1,1,0.5000,-0.0000,1.42237,-0.02027,-2.63517,1.08459,1.57083,0.11673,-0.12760,-0.48146,0.03027,,,,,,,,,,,,,,,,,,,,,,,,,,0,0,0,0,0
8.3943,1783969860.1611,1,1,0.5000,-0.0000,1.42237,-0.02027,-2.63517,1.08459,1.57083,0.11673,-0.12760,-0.48146,0.03027,,,,,,,,,,,,,,,,,,,,,,,,,,0,0,0,0,0
8.4188,1783969860.1856,1,1,0.5000,-0.0000,1.42237,-0.02047,-2.63518,1.08483,1.57083,0.11673,-0.12760,-0.48149,0.03023,,,,,,,,,,,,,,,,,,,,,,,,,,0,0,0,0,0
8.4196,1783969860.1864,1,1,0.5000,-0.0000,1.42237,-0.02047,-2.63518,1.08483,1.57083,0.11673,-0.12760,-0.48149,0.03023,,,,,,,,,,,,,,,,,,,,,,,,,,0,0,0,0,0
8.4199,1783969860.1867,1,1,0.5000,-0.0000,1.42237,-0.02047,-2.63518,1.08483,1.57083,0.11673,-0.12760,-0.48149,0.03023,,,,,,,,,,,,,,,,,,,,,,,,,,0,0,0,0,0
8.4210,1783969860.1878,1,1,0.5000,-0.0000,1.42237,-0.02051,-2.63517,1.08488,1.57083,0.11673,-0.12759,-0.48150,0.03022,,,,,,,,,,,,,,,,,,,,,,,,,,0,0,0,0,0
8.4930,1783969860.2598,1,1,0.5000,-0.0000,1.42237,-0.02069,-2.63514,1.08511,1.57083,0.11673,-0.12759,-0.48156,0.03019,,,,,,,,,,,,,,,,,,,,,,,,,,0,0,0,0,0
8.4934,1783969860.2601,1,1,0.5000,-0.0000,1.42237,-0.02069,-2.63514,1.08511,1.57083,0.11673,-0.12759,-0.48156,0.03019,,,,,,,,,,,,,,,,,,,,,,,,,,0,0,0,0,0
8.4951,1783969860.2619,1,1,0.5000,-0.0000,1.42237,-0.02069,-2.63514,1.08511,1.57083,0.11673,-0.12759,-0.48156,0.03019,,,,,,,,,,,,,,,,,,,,,,,,,,0,0,0,0,0
8.4954,1783969860.2622,1,1,0.5000,-0.0000,1.42237,-0.02069,-2.63514,1.08511,1.57083,0.11673,-0.12759,-0.48156,0.03019,,,,,,,,,,,,,,,,,,,,,,,,,,0,0,0,0,0
8.5011,1783969860.2678,1,1,0.5000,-0.0000,1.42237,-0.02069,-2.63514,1.08511,1.57083,0.11673,-0.12759,-0.48156,0.03019,,,,,,,,,,,,,,,,,,,,,,,,,,0,0,0,0,0
8.5014,1783969860.2682,1,1,0.5000,-0.0000,1.42237,-0.02069,-2.63514,1.08511,1.57083,0.11673,-0.12759,-0.48156,0.03019,,,,,,,,,,,,,,,,,,,,,,,,,,0,0,0,0,0
8.5032,1783969860.2700,1,1,0.5000,-0.0000,1.42237,-0.02069,-2.63514,1.08511,1.57083,0.11673,-0.12759,-0.48156,0.03019,,,,,,,,,,,,,,,,,,,,,,,,,,0,0,0,0,0
8.5055,1783969860.2722,1,1,0.5000,-0.0000,1.42237,-0.02069,-2.63514,1.08511,1.57083,0.11673,-0.12759,-0.48156,0.03019,,,,,,,,,,,,,,,,,,,,,,,,,,0,0,0,0,0
8.5057,1783969860.2725,1,1,0.5000,-0.0000,1.42237,-0.02069,-2.63514,1.08511,1.57083,0.11673,-0.12759,-0.48156,0.03019,,,,,,,,,,,,,,,,,,,,,,,,,,0,0,0,0,0
8.5061,1783969860.2728,1,1,0.5000,-0.0000,1.42237,-0.02069,-2.63514,1.08511,1.57083,0.11673,-0.12759,-0.48156,0.03019,,,,,,,,,,,,,,,,,,,,,,,,,,0,0,0,0,0
8.5063,1783969860.2731,1,1,0.5000,-0.0000,1.42237,-0.02069,-2.63514,1.08511,1.57083,0.11673,-0.12759,-0.48156,0.03019,,,,,,,,,,,,,,,,,,,,,,,,,,0,0,0,0,0
8.5067,1783969860.2734,1,1,0.5000,-0.0000,1.42237,-0.02069,-2.63514,1.08511,1.57083,0.11673,-0.12759,-0.48156,0.03019,,,,,,,,,,,,,,,,,,,,,,,,,,0,0,0,0,0
8.5069,1783969860.2737,1,1,0.5000,-0.0000,1.42237,-0.02069,-2.63514,1.08511,1.57083,0.11673,-0.12759,-0.48156,0.03019,,,,,,,,,,,,,,,,,,,,,,,,,,0,0,0,0,0
8.5184,1783969860.2851,1,1,0.5000,-0.0000,1.42237,-0.02069,-2.63514,1.08511,1.57083,0.11673,-0.12759,-0.48156,0.03019,,,,,,,,,,,,,,,,,,,,,,,,,,0,0,0,0,0
8.5418,1783969860.3086,1,1,0.5000,-0.0000,1.42237,-0.02069,-2.63514,1.08511,1.57083,0.11673,-0.12759,-0.48156,0.03019,,,,,,,,,,,,,,,,,,,,,,,,,,0,0,0,0,0
8.5437,1783969860.3105,1,1,0.5000,-0.0000,1.42237,-0.02069,-2.63514,1.08511,1.57083,0.11673,-0.12759,-0.48156,0.03019,,,,,,,,,,,,,,,,,,,,,,,,,,0,0,0,0,0
8.5447,1783969860.3115,1,1,0.5000,-0.0000,1.42237,-0.02069,-2.63514,1.08511,1.57083,0.11673,-0.12759,-0.48156,0.03019,,,,,,,,,,,,,,,,,,,,,,,,,,0,0,0,0,0
8.5501,1783969860.3168,1,1,0.5000,-0.0000,1.42237,-0.02069,-2.63514,1.08511,1.57083,0.11673,-0.12759,-0.48156,0.03019,,,,,,,,,,,,,,,,,,,,,,,,,,0,0,0,0,0
8.5503,1783969860.3171,1,1,0.5000,-0.0000,1.42237,-0.02069,-2.63514,1.08511,1.57083,0.11673,-0.12759,-0.48156,0.03019,,,,,,,,,,,,,,,,,,,,,,,,,,0,0,0,0,0
8.5616,1783969860.3284,1,1,0.5000,-0.0000,1.42237,-0.02069,-2.63514,1.08511,1.57083,0.11673,-0.12759,-0.48156,0.03019,,,,,,,,,,,,,,,,,,,,,,,,,,0,0,0,0,0
8.5691,1783969860.3359,1,1,0.5000,-0.0000,1.42237,-0.02069,-2.63514,1.08511,1.57083,0.11673,-0.12759,-0.48156,0.03019,,,,,,,,,,,,,,,,,,,,,,,,,,0,0,0,0,0
8.5797,1783969860.3465,1,1,0.5000,-0.0000,1.42237,-0.02069,-2.63514,1.08511,1.57083,0.11673,-0.12759,-0.48156,0.03019,,,,,,,,,,,,,,,,,,,,,,,,,,0,0,0,0,0
8.5910,1783969860.3577,1,1,0.5000,-0.0000,1.42237,-0.02069,-2.63514,1.08511,1.57083,0.11673,-0.12759,-0.48156,0.03019,,,,,,,,,,,,,,,,,,,,,,,,,,0,0,0,0,0
8.5984,1783969860.3652,1,1,0.5000,-0.0000,1.42237,-0.02069,-2.63514,1.08511,1.57083,0.11673,-0.12759,-0.48156,0.03019,,,,,,,,,,,,,,,,,,,,,,,,,,0,0,0,0,0
8.6195,1783969860.3863,1,1,0.5000,-0.0000,1.42237,-0.02069,-2.63514,1.08511,1.57083,0.11673,-0.12759,-0.48156,0.03019,,,,,,,,,,,,,,,,,,,,,,,,,,0,0,0,0,0
8.6251,1783969860.3919,1,1,0.5000,-0.0000,1.42237,-0.02069,-2.63514,1.08511,1.57083,0.11673,-0.12759,-0.48156,0.03019,,,,,,,,,,,,,,,,,,,,,,,,,,0,0,0,0,0
8.6353,1783969860.4021,1,1,0.5000,-0.0000,1.42237,-0.02069,-2.63514,1.08511,1.57083,0.11673,-0.12759,-0.48156,0.03019,,,,,,,,,,,,,,,,,,,,,,,,,,0,0,0,0,0
8.6458,1783969860.4126,1,1,0.5000,-0.0000,1.42237,-0.02069,-2.63516,1.08513,1.57083,0.11673,-0.12759,-0.48155,0.03018,,,,,,,,,,,,,,,,,,,,,,,,,,0,0,0,0,0
8.6508,1783969860.4175,1,1,0.5000,-0.0000,1.42237,-0.02070,-2.63516,1.08513,1.57083,0.11673,-0.12759,-0.48154,0.03018,,,,,,,,,,,,,,,,,,,,,,,,,,0,0,0,0,0
8.6511,1783969860.4179,1,1,0.5000,-0.0000,1.42237,-0.02070,-2.63516,1.08513,1.57083,0.11673,-0.12759,-0.48154,0.03018,,,,,,,,,,,,,,,,,,,,,,,,,,0,0,0,0,0
8.6882,1783969860.4550,1,1,0.5000,-0.0000,1.42237,-0.02076,-2.63524,1.08521,1.57083,0.11673,-0.12759,-0.48149,0.03013,,,,,,,,,,,,,,,,,,,,,,,,,,0,0,0,0,0
8.6931,1783969860.4599,1,1,0.5000,-0.0000,1.42237,-0.02077,-2.63525,1.08522,1.57083,0.11673,-0.12759,-0.48149,0.03013,,,,,,,,,,,,,,,,,,,,,,,,,,0,0,0,0,0
8.6934,1783969860.4602,1,1,0.5000,-0.0000,1.42237,-0.02077,-2.63525,1.08522,1.57083,0.11673,-0.12759,-0.48149,0.03013,,,,,,,,,,,,,,,,,,,,,,,,,,0,0,0,0,0
8.6939,1783969860.4606,1,1,0.5000,-0.0000,1.42237,-0.02077,-2.63525,1.08522,1.57083,0.11673,-0.12759,-0.48149,0.03013,,,,,,,,,,,,,,,,,,,,,,,,,,0,0,0,0,0
8.7097,1783969860.4765,1,1,0.5000,-0.0000,1.42237,-0.02083,-2.63529,1.08529,1.57083,0.11673,-0.12760,-0.48147,0.03009,,,,,,,,,,,,,,,,,,,,,,,,,,0,0,0,0,0
8.7266,1783969860.4934,1,1,0.5000,-0.0000,1.42237,-0.02087,-2.63530,1.08534,1.57083,0.11673,-0.12760,-0.48147,0.03008,,,,,,,,,,,,,,,,,,,,,,,,,,0,0,0,0,0
8.7280,1783969860.4948,1,1,0.5000,-0.0000,1.42237,-0.02087,-2.63530,1.08534,1.57083,0.11673,-0.12760,-0.48147,0.03008,,,,,,,,,,,,,,,,,,,,,,,,,,0,0,0,0,0
8.7284,1783969860.4952,1,1,0.5000,-0.0000,1.42237,-0.02087,-2.63530,1.08534,1.57083,0.11673,-0.12760,-0.48147,0.03008,,,,,,,,,,,,,,,,,,,,,,,,,,0,0,0,0,0
8.7294,1783969860.4962,1,1,0.5000,-0.0000,1.42237,-0.02090,-2.63531,1.08538,1.57083,0.11673,-0.12760,-0.48146,0.03007,,,,,,,,,,,,,,,,,,,,,,,,,,0,0,0,0,0
8.7423,1783969860.5091,1,1,0.5000,-0.0000,1.42237,-0.02103,-2.63534,1.08552,1.57083,0.11673,-0.12760,-0.48146,0.03002,,,,,,,,,,,,,,,,,,,,,,,,,,0,0,0,0,0
8.7502,1783969860.5169,1,1,0.5000,-0.0000,1.42237,-0.02103,-2.63534,1.08553,1.57083,0.11673,-0.12760,-0.48146,0.03002,,,,,,,,,,,,,,,,,,,,,,,,,,0,0,0,0,0
8.7612,1783969860.5280,1,1,0.5000,-0.0000,1.42237,-0.02111,-2.63536,1.08562,1.57083,0.11673,-0.12760,-0.48146,0.02999,,,,,,,,,,,,,,,,,,,,,,,,,,0,0,0,0,0
8.7618,1783969860.5285,1,1,0.5000,-0.0000,1.42237,-0.02111,-2.63536,1.08562,1.57083,0.11673,-0.12760,-0.48146,0.02999,,,,,,,,,,,,,,,,,,,,,,,,,,0,0,0,0,0
8.7787,1783969860.5455,1,1,0.5000,-0.0000,1.42237,-0.02126,-2.63539,1.08579,1.57083,0.11673,-0.12760,-0.48146,0.02994,,,,,,,,,,,,,,,,,,,,,,,,,,0,0,0,0,0
8.7906,1783969860.5574,1,1,0.5000,-0.0000,1.42237,-0.02130,-2.63540,1.08585,1.57083,0.11673,-0.12760,-0.48146,0.02993,,,,,,,,,,,,,,,,,,,,,,,,,,0,0,0,0,0
8.7944,1783969860.5612,1,1,0.5000,-0.0000,1.42237,-0.02134,-2.63540,1.08589,1.57083,0.11673,-0.12760,-0.48146,0.02992,,,,,,,,,,,,,,,,,,,,,,,,,,0,0,0,0,0
8.7947,1783969860.5615,1,1,0.5000,-0.0000,1.42237,-0.02134,-2.63540,1.08589,1.57083,0.11673,-0.12760,-0.48146,0.02992,,,,,,,,,,,,,,,,,,,,,,,,,,0,0,0,0,0
8.7993,1783969860.5661,1,1,0.5000,-0.0000,1.42237,-0.02138,-2.63541,1.08593,1.57083,0.11673,-0.12760,-0.48146,0.02990,,,,,,,,,,,,,,,,,,,,,,,,,,0,0,0,0,0
8.7997,1783969860.5665,1,1,0.5000,-0.0000,1.42237,-0.02138,-2.63541,1.08593,1.57083,0.11673,-0.12760,-0.48146,0.02990,,,,,,,,,,,,,,,,,,,,,,,,,,0,0,0,0,0
8.8131,1783969860.5799,1,1,0.5000,-0.0000,1.42236,-0.02158,-2.63544,1.08617,1.57083,0.11673,-0.12760,-0.48147,0.02984,,,,,,,,,,,,,,,,,,,,,,,,,,0,0,0,0,0
8.8135,1783969860.5803,1,1,0.5000,-0.0000,1.42236,-0.02158,-2.63544,1.08617,1.57083,0.11673,-0.12760,-0.48147,0.02984,,,,,,,,,,,,,,,,,,,,,,,,,,0,0,0,0,0
8.8213,1783969860.5881,1,1,0.5000,-0.0000,1.42236,-0.02168,-2.63545,1.08629,1.57083,0.11673,-0.12760,-0.48147,0.02981,,,,,,,,,,,,,,,,,,,,,,,,,,0,0,0,0,0
8.8335,1783969860.6003,1,1,0.5000,-0.0000,1.42236,-0.02180,-2.63547,1.08644,1.57083,0.11673,-0.12759,-0.48148,0.02978,,,,,,,,,,,,,,,,,,,,,,,,,,0,0,0,0,0
8.8402,1783969860.6070,1,1,0.5000,-0.0000,1.42236,-0.02182,-2.63547,1.08647,1.57083,0.11673,-0.12759,-0.48148,0.02977,,,,,,,,,,,,,,,,,,,,,,,,,,0,0,0,0,0
8.8509,1783969860.6177,1,1,0.5000,-0.0000,1.42236,-0.02182,-2.63547,1.08647,1.57083,0.11673,-0.12759,-0.48148,0.02977,,,,,,,,,,,,,,,,,,,,,,,,,,0,0,0,0,0
8.8684,1783969860.6352,1,1,0.5000,-0.0000,1.42236,-0.02182,-2.63547,1.08647,1.57083,0.11673,-0.12759,-0.48148,0.02977,,,,,,,,,,,,,,,,,,,,,,,,,,0,0,0,0,0
8.8728,1783969860.6396,1,1,0.5000,-0.0000,1.42236,-0.02182,-2.63547,1.08647,1.57083,0.11673,-0.12759,-0.48148,0.02977,,,,,,,,,,,,,,,,,,,,,,,,,,0,0,0,0,0
8.8808,1783969860.6476,1,1,0.5000,-0.0000,1.42236,-0.02182,-2.63547,1.08647,1.57083,0.11673,-0.12759,-0.48148,0.02977,,,,,,,,,,,,,,,,,,,,,,,,,,0,0,0,0,0
8.8811,1783969860.6478,1,1,0.5000,-0.0000,1.42236,-0.02182,-2.63547,1.08647,1.57083,0.11673,-0.12759,-0.48148,0.02977,,,,,,,,,,,,,,,,,,,,,,,,,,0,0,0,0,0
8.9241,1783969860.6909,1,1,0.5000,-0.0000,1.42236,-0.02182,-2.63547,1.08647,1.57083,0.11673,-0.12759,-0.48148,0.02977,,,,,,,,,,,,,,,,,,,,,,,,,,0,0,0,0,0
8.9263,1783969860.6930,1,1,0.5000,-0.0000,1.42236,-0.02182,-2.63547,1.08647,1.57083,0.11673,-0.12759,-0.48148,0.02977,,,,,,,,,,,,,,,,,,,,,,,,,,0,0,0,0,0
8.9265,1783969860.6933,1,1,0.5000,-0.0000,1.42236,-0.02182,-2.63547,1.08647,1.57083,0.11673,-0.12759,-0.48148,0.02977,,,,,,,,,,,,,,,,,,,,,,,,,,0,0,0,0,0
8.9283,1783969860.6951,1,1,0.5000,-0.0000,1.42236,-0.02182,-2.63547,1.08647,1.57083,0.11673,-0.12759,-0.48148,0.02977,,,,,,,,,,,,,,,,,,,,,,,,,,0,0,0,0,0
8.9289,1783969860.6957,1,1,0.5000,-0.0000,1.42236,-0.02182,-2.63547,1.08647,1.57083,0.11673,-0.12759,-0.48148,0.02977,,,,,,,,,,,,,,,,,,,,,,,,,,0,0,0,0,0
8.9419,1783969860.7086,1,1,0.5000,-0.0000,1.42236,-0.02182,-2.63547,1.08647,1.57083,0.11673,-0.12759,-0.48148,0.02977,,,,,,,,,,,,,,,,,,,,,,,,,,0,0,0,0,0
8.9422,1783969860.7090,1,1,0.5000,-0.0000,1.42236,-0.02182,-2.63547,1.08647,1.57083,0.11673,-0.12759,-0.48148,0.02977,,,,,,,,,,,,,,,,,,,,,,,,,,0,0,0,0,0
8.9546,1783969860.7214,1,1,0.5000,-0.0000,1.42236,-0.02182,-2.63547,1.08647,1.57083,0.11673,-0.12759,-0.48148,0.02977,,,,,,,,,,,,,,,,,,,,,,,,,,0,0,0,0,0
8.9635,1783969860.7302,1,1,0.5000,-0.0000,1.42236,-0.02182,-2.63547,1.08647,1.57083,0.11673,-0.12759,-0.48148,0.02977,,,,,,,,,,,,,,,,,,,,,,,,,,0,0,0,0,0
8.9763,1783969860.7431,1,1,0.5000,-0.0000,1.42236,-0.02182,-2.63547,1.08647,1.57083,0.11673,-0.12759,-0.48148,0.02977,,,,,,,,,,,,,,,,,,,,,,,,,,0,0,0,0,0
8.9778,1783969860.7446,1,1,0.5000,-0.0000,1.42236,-0.02182,-2.63547,1.08647,1.57083,0.11673,-0.12759,-0.48148,0.02977,,,,,,,,,,,,,,,,,,,,,,,,,,0,0,0,0,0
8.9794,1783969860.7462,1,1,0.5000,-0.0000,1.42236,-0.02182,-2.63547,1.08647,1.57083,0.11673,-0.12759,-0.48148,0.02977,,,,,,,,,,,,,,,,,,,,,,,,,,0,0,0,0,0
8.9798,1783969860.7466,1,1,0.5000,-0.0000,1.42236,-0.02182,-2.63547,1.08647,1.57083,0.11673,-0.12759,-0.48148,0.02977,,,,,,,,,,,,,,,,,,,,,,,,,,0,0,0,0,0
8.9922,1783969860.7590,1,1,0.5000,-0.0000,1.42236,-0.02182,-2.63547,1.08647,1.57083,0.11673,-0.12759,-0.48148,0.02977,,,,,,,,,,,,,,,,,,,,,,,,,,0,0,0,0,0
8.9928,1783969860.7596,1,1,0.5000,-0.0000,1.42236,-0.02182,-2.63547,1.08647,1.57083,0.11673,-0.12759,-0.48148,0.02977,,,,,,,,,,,,,,,,,,,,,,,,,,0,0,0,0,0
9.0009,1783969860.7677,1,1,0.5000,-0.0000,1.42236,-0.02182,-2.63547,1.08647,1.57083,0.11673,-0.12759,-0.48148,0.02977,,,,,,,,,,,,,,,,,,,,,,,,,,0,0,0,0,0
9.0240,1783969860.7908,1,1,0.5000,-0.0000,1.42236,-0.02182,-2.63547,1.08647,1.57083,0.11673,-0.12759,-0.48148,0.02977,,,,,,,,,,,,,,,,,,,,,,,,,,0,0,0,0,0
9.0244,1783969860.7912,1,1,0.5000,-0.0000,1.42236,-0.02182,-2.63547,1.08647,1.57083,0.11673,-0.12759,-0.48148,0.02977,,,,,,,,,,,,,,,,,,,,,,,,,,0,0,0,0,0
9.0294,1783969860.7961,1,1,0.5000,-0.0000,1.42236,-0.02182,-2.63547,1.08647,1.57083,0.11673,-0.12759,-0.48148,0.02977,,,,,,,,,,,,,,,,,,,,,,,,,,0,0,0,0,0
9.0341,1783969860.8009,1,1,0.5000,-0.0000,1.42236,-0.02182,-2.63547,1.08647,1.57083,0.11673,-0.12759,-0.48148,0.02977,,,,,,,,,,,,,,,,,,,,,,,,,,0,0,0,0,0
9.0816,1783969860.8484,1,1,0.5000,-0.0000,1.42236,-0.02185,-2.63547,1.08652,1.57083,0.11673,-0.12759,-0.48149,0.02977,,,,,,,,,,,,,,,,,,,,,,,,,,0,0,0,0,0
9.1604,1783969860.9271,1,1,0.5000,-0.0000,1.42236,-0.02214,-2.63559,1.08686,1.57083,0.11672,-0.12760,-0.48145,0.02964,,,,,,,,,,,,,,,,,,,,,,,,,,0,0,0,0,0
9.1617,1783969860.9285,1,1,0.5000,-0.0000,1.42236,-0.02214,-2.63559,1.08686,1.57083,0.11672,-0.12760,-0.48145,0.02964,,,,,,,,,,,,,,,,,,,,,,,,,,0,0,0,0,0
9.1621,1783969860.9289,1,1,0.5000,-0.0000,1.42236,-0.02214,-2.63559,1.08686,1.57083,0.11672,-0.12760,-0.48145,0.02964,,,,,,,,,,,,,,,,,,,,,,,,,,0,0,0,0,0
9.1658,1783969860.9326,1,1,0.5000,-0.0000,1.42236,-0.02215,-2.63559,1.08687,1.57083,0.11672,-0.12760,-0.48145,0.02964,,,,,,,,,,,,,,,,,,,,,,,,,,0,0,0,0,0
9.2451,1783969861.0118,1,1,0.5000,-0.0000,1.42236,-0.02273,-2.63568,1.08756,1.57083,0.11672,-0.12759,-0.48147,0.02946,,,,,,,,,,,,,,,,,,,,,,,,,,0,0,0,0,0
9.2512,1783969861.0180,1,1,0.5000,-0.0000,1.42236,-0.02276,-2.63568,1.08759,1.57083,0.11672,-0.12759,-0.48147,0.02945,,,,,,,,,,,,,,,,,,,,,,,,,,0,0,0,0,0
9.2803,1783969861.0471,1,1,0.5000,-0.0000,1.42236,-0.02302,-2.63567,1.08791,1.57083,0.11672,-0.12759,-0.48152,0.02939,,,,,,,,,,,,,,,,,,,,,,,,,,0,0,0,0,0
9.2841,1783969861.0509,1,1,0.5000,-0.0000,1.42236,-0.02305,-2.63566,1.08795,1.57083,0.11672,-0.12758,-0.48153,0.02939,,,,,,,,,,,,,,,,,,,,,,,,,,0,0,0,0,0
9.2848,1783969861.0516,1,1,0.5000,-0.0000,1.42236,-0.02308,-2.63566,1.08798,1.57083,0.11672,-0.12758,-0.48154,0.02939,,,,,,,,,,,,,,,,,,,,,,,,,,0,0,0,0,0
9.2930,1783969861.0598,1,1,0.5000,-0.0000,1.42236,-0.02309,-2.63565,1.08801,1.57083,0.11672,-0.12758,-0.48155,0.02938,,,,,,,,,,,,,,,,,,,,,,,,,,0,0,0,0,0
9.2934,1783969861.0602,1,1,0.5000,-0.0000,1.42236,-0.02309,-2.63565,1.08801,1.57083,0.11672,-0.12758,-0.48155,0.02938,,,,,,,,,,,,,,,,,,,,,,,,,,0,0,0,0,0
9.2952,1783969861.0620,1,1,0.5000,-0.0000,1.42236,-0.02309,-2.63565,1.08801,1.57083,0.11672,-0.12758,-0.48155,0.02938,,,,,,,,,,,,,,,,,,,,,,,,,,0,0,0,0,0
9.2956,1783969861.0624,1,1,0.5000,-0.0000,1.42236,-0.02309,-2.63565,1.08801,1.57083,0.11672,-0.12758,-0.48155,0.02938,,,,,,,,,,,,,,,,,,,,,,,,,,0,0,0,0,0
9.3100,1783969861.0767,1,1,0.5000,-0.0000,1.42236,-0.02309,-2.63565,1.08801,1.57083,0.11672,-0.12758,-0.48155,0.02938,,,,,,,,,,,,,,,,,,,,,,,,,,0,0,0,0,0
9.3113,1783969861.0781,1,1,0.5000,-0.0000,1.42236,-0.02309,-2.63565,1.08801,1.57083,0.11672,-0.12758,-0.48155,0.02938,,,,,,,,,,,,,,,,,,,,,,,,,,0,0,0,0,0
9.3118,1783969861.0785,1,1,0.5000,-0.0000,1.42236,-0.02309,-2.63565,1.08801,1.57083,0.11672,-0.12758,-0.48155,0.02938,,,,,,,,,,,,,,,,,,,,,,,,,,0,0,0,0,0
9.3152,1783969861.0819,1,1,0.5000,-0.0000,1.42236,-0.02309,-2.63565,1.08801,1.57083,0.11672,-0.12758,-0.48155,0.02938,,,,,,,,,,,,,,,,,,,,,,,,,,0,0,0,0,0
9.3211,1783969861.0879,1,1,0.5000,-0.0000,1.42236,-0.02309,-2.63565,1.08801,1.57083,0.11672,-0.12758,-0.48155,0.02938,,,,,,,,,,,,,,,,,,,,,,,,,,0,0,0,0,0
9.3233,1783969861.0901,1,1,0.5000,-0.0000,1.42236,-0.02309,-2.63565,1.08801,1.57083,0.11672,-0.12758,-0.48155,0.02938,,,,,,,,,,,,,,,,,,,,,,,,,,0,0,0,0,0
9.3239,1783969861.0907,1,1,0.5000,-0.0000,1.42236,-0.02309,-2.63565,1.08801,1.57083,0.11672,-0.12758,-0.48155,0.02938,,,,,,,,,,,,,,,,,,,,,,,,,,0,0,0,0,0
9.3250,1783969861.0918,1,1,0.5000,-0.0000,1.42236,-0.02309,-2.63565,1.08801,1.57083,0.11672,-0.12758,-0.48155,0.02938,,,,,,,,,,,,,,,,,,,,,,,,,,0,0,0,0,0
9.3321,1783969861.0989,1,1,0.5000,-0.0000,1.42236,-0.02309,-2.63565,1.08801,1.57083,0.11672,-0.12758,-0.48155,0.02938,,,,,,,,,,,,,,,,,,,,,,,,,,0,0,0,0,0
9.3336,1783969861.1003,1,1,0.5000,-0.0000,1.42236,-0.02309,-2.63565,1.08801,1.57083,0.11672,-0.12758,-0.48155,0.02938,,,,,,,,,,,,,,,,,,,,,,,,,,0,0,0,0,0
9.3338,1783969861.1006,1,1,0.5000,-0.0000,1.42236,-0.02309,-2.63565,1.08801,1.57083,0.11672,-0.12758,-0.48155,0.02938,,,,,,,,,,,,,,,,,,,,,,,,,,0,0,0,0,0
9.3342,1783969861.1010,1,1,0.5000,-0.0000,1.42236,-0.02309,-2.63565,1.08801,1.57083,0.11672,-0.12758,-0.48155,0.02938,,,,,,,,,,,,,,,,,,,,,,,,,,0,0,0,0,0
9.3368,1783969861.1036,1,1,0.5000,-0.0000,1.42236,-0.02309,-2.63565,1.08801,1.57083,0.11672,-0.12758,-0.48155,0.02938,,,,,,,,,,,,,,,,,,,,,,,,,,0,0,0,0,0
9.3441,1783969861.1109,1,1,0.5000,-0.0000,1.42236,-0.02309,-2.63565,1.08801,1.57083,0.11672,-0.12758,-0.48155,0.02938,,,,,,,,,,,,,,,,,,,,,,,,,,0,0,0,0,0
9.3451,1783969861.1118,1,1,0.5000,-0.0000,1.42236,-0.02309,-2.63565,1.08801,1.57083,0.11672,-0.12758,-0.48155,0.02938,,,,,,,,,,,,,,,,,,,,,,,,,,0,0,0,0,0
9.3454,1783969861.1121,1,1,0.5000,-0.0000,1.42236,-0.02309,-2.63565,1.08801,1.57083,0.11672,-0.12758,-0.48155,0.02938,,,,,,,,,,,,,,,,,,,,,,,,,,0,0,0,0,0
9.3560,1783969861.1228,1,1,0.5000,-0.0000,1.42236,-0.02309,-2.63565,1.08801,1.57083,0.11672,-0.12758,-0.48155,0.02938,,,,,,,,,,,,,,,,,,,,,,,,,,0,0,0,0,0
9.3769,1783969861.1437,1,1,0.5000,-0.0000,1.42236,-0.02309,-2.63565,1.08801,1.57083,0.11672,-0.12758,-0.48155,0.02938,,,,,,,,,,,,,,,,,,,,,,,,,,0,0,0,0,0
9.3865,1783969861.1533,1,1,0.5000,-0.0000,1.42236,-0.02309,-2.63565,1.08801,1.57083,0.11672,-0.12758,-0.48155,0.02938,,,,,,,,,,,,,,,,,,,,,,,,,,0,0,0,0,0
9.3930,1783969861.1598,1,1,0.5000,-0.0000,1.42236,-0.02309,-2.63565,1.08801,1.57083,0.11672,-0.12758,-0.48155,0.02938,,,,,,,,,,,,,,,,,,,,,,,,,,0,0,0,0,0
9.3984,1783969861.1651,1,1,0.5000,-0.0000,1.42236,-0.02309,-2.63565,1.08801,1.57083,0.11672,-0.12758,-0.48155,0.02938,,,,,,,,,,,,,,,,,,,,,,,,,,0,0,0,0,0
9.4039,1783969861.1707,1,1,0.5000,-0.0000,1.42236,-0.02309,-2.63565,1.08801,1.57083,0.11672,-0.12758,-0.48155,0.02938,,,,,,,,,,,,,,,,,,,,,,,,,,0,0,0,0,0
9.4043,1783969861.1710,1,1,0.5000,-0.0000,1.42236,-0.02309,-2.63565,1.08801,1.57083,0.11672,-0.12758,-0.48155,0.02938,,,,,,,,,,,,,,,,,,,,,,,,,,0,0,0,0,0
9.4303,1783969861.1970,1,1,0.5000,-0.0000,1.42236,-0.02309,-2.63565,1.08801,1.57083,0.11672,-0.12758,-0.48155,0.02938,,,,,,,,,,,,,,,,,,,,,,,,,,0,0,0,0,0
9.4349,1783969861.2017,1,1,0.5000,-0.0000,1.42236,-0.02309,-2.63565,1.08801,1.57083,0.11672,-0.12758,-0.48155,0.02938,,,,,,,,,,,,,,,,,,,,,,,,,,0,0,0,0,0
9.4353,1783969861.2021,1,1,0.5000,-0.0000,1.42236,-0.02309,-2.63565,1.08801,1.57083,0.11672,-0.12758,-0.48155,0.02938,,,,,,,,,,,,,,,,,,,,,,,,,,0,0,0,0,0
9.4358,1783969861.2025,1,1,0.5000,-0.0000,1.42236,-0.02309,-2.63565,1.08801,1.57083,0.11672,-0.12758,-0.48155,0.02938,,,,,,,,,,,,,,,,,,,,,,,,,,0,0,0,0,0
9.4409,1783969861.2077,1,1,0.5000,-0.0000,1.42236,-0.02309,-2.63565,1.08801,1.57083,0.11672,-0.12758,-0.48155,0.02938,,,,,,,,,,,,,,,,,,,,,,,,,,0,0,0,0,0
9.4411,1783969861.2079,1,1,0.5000,-0.0000,1.42236,-0.02309,-2.63565,1.08801,1.57083,0.11672,-0.12758,-0.48155,0.02938,,,,,,,,,,,,,,,,,,,,,,,,,,0,0,0,0,0
9.4499,1783969861.2166,1,1,0.5000,-0.0000,1.42236,-0.02309,-2.63565,1.08801,1.57083,0.11672,-0.12758,-0.48155,0.02938,,,,,,,,,,,,,,,,,,,,,,,,,,0,0,0,0,0
9.4633,1783969861.2301,1,1,0.5000,-0.0000,1.42236,-0.02309,-2.63565,1.08801,1.57083,0.11672,-0.12758,-0.48155,0.02938,,,,,,,,,,,,,,,,,,,,,,,,,,0,0,0,0,0
9.4664,1783969861.2332,1,1,0.5000,-0.0000,1.42236,-0.02309,-2.63565,1.08801,1.57083,0.11672,-0.12758,-0.48155,0.02938,,,,,,,,,,,,,,,,,,,,,,,,,,0,0,0,0,0
9.4706,1783969861.2374,1,1,0.5000,-0.0000,1.42236,-0.02309,-2.63565,1.08801,1.57083,0.11672,-0.12758,-0.48155,0.02938,,,,,,,,,,,,,,,,,,,,,,,,,,0,0,0,0,0
9.4709,1783969861.2377,1,1,0.5000,-0.0000,1.42236,-0.02309,-2.63565,1.08801,1.57083,0.11672,-0.12758,-0.48155,0.02938,,,,,,,,,,,,,,,,,,,,,,,,,,0,0,0,0,0
9.4726,1783969861.2394,1,1,0.5000,-0.0000,1.42236,-0.02309,-2.63565,1.08801,1.57083,0.11672,-0.12758,-0.48155,0.02938,,,,,,,,,,,,,,,,,,,,,,,,,,0,0,0,0,0
9.4728,1783969861.2395,1,1,0.5000,-0.0000,1.42236,-0.02309,-2.63565,1.08801,1.57083,0.11672,-0.12758,-0.48155,0.02938,,,,,,,,,,,,,,,,,,,,,,,,,,0,0,0,0,0
9.4867,1783969861.2535,1,1,0.5000,-0.0000,1.42236,-0.02309,-2.63565,1.08801,1.57083,0.11672,-0.12758,-0.48155,0.02938,,,,,,,,,,,,,,,,,,,,,,,,,,0,0,0,0,0
9.5047,1783969861.2715,1,1,0.5000,-0.0000,1.42236,-0.02310,-2.63566,1.08801,1.57083,0.11672,-0.12758,-0.48154,0.02938,,,,,,,,,,,,,,,,,,,,,,,,,,0,0,0,0,0
9.5052,1783969861.2720,1,1,0.5000,-0.0000,1.42236,-0.02310,-2.63566,1.08801,1.57083,0.11672,-0.12758,-0.48154,0.02938,,,,,,,,,,,,,,,,,,,,,,,,,,0,0,0,0,0
9.5061,1783969861.2729,1,1,0.5000,-0.0000,1.42236,-0.02310,-2.63566,1.08801,1.57083,0.11672,-0.12758,-0.48154,0.02938,,,,,,,,,,,,,,,,,,,,,,,,,,0,0,0,0,0
9.5066,1783969861.2734,1,1,0.5000,-0.0000,1.42236,-0.02310,-2.63566,1.08801,1.57083,0.11672,-0.12758,-0.48154,0.02938,,,,,,,,,,,,,,,,,,,,,,,,,,0,0,0,0,0
9.5093,1783969861.2761,1,1,0.5000,-0.0000,1.42236,-0.02311,-2.63566,1.08802,1.57083,0.11672,-0.12758,-0.48154,0.02938,,,,,,,,,,,,,,,,,,,,,,,,,,0,0,0,0,0
9.5096,1783969861.2764,1,1,0.5000,-0.0000,1.42236,-0.02311,-2.63566,1.08802,1.57083,0.11672,-0.12758,-0.48154,0.02938,,,,,,,,,,,,,,,,,,,,,,,,,,0,0,0,0,0
9.5105,1783969861.2772,1,1,0.5000,-0.0000,1.42236,-0.02311,-2.63566,1.08802,1.57083,0.11672,-0.12758,-0.48154,0.02938,,,,,,,,,,,,,,,,,,,,,,,,,,0,0,0,0,0
9.5107,1783969861.2775,1,1,0.5000,-0.0000,1.42236,-0.02311,-2.63566,1.08802,1.57083,0.11672,-0.12758,-0.48154,0.02938,,,,,,,,,,,,,,,,,,,,,,,,,,0,0,0,0,0
9.5134,1783969861.2802,1,1,0.5000,-0.0000,1.42236,-0.02311,-2.63567,1.08803,1.57083,0.11672,-0.12758,-0.48153,0.02937,,,,,,,,,,,,,,,,,,,,,,,,,,0,0,0,0,0
9.5137,1783969861.2805,1,1,0.5000,-0.0000,1.42236,-0.02311,-2.63567,1.08803,1.57083,0.11672,-0.12758,-0.48153,0.02937,,,,,,,,,,,,,,,,,,,,,,,,,,0,0,0,0,0
9.5147,1783969861.2815,1,1,0.5000,-0.0000,1.42236,-0.02311,-2.63567,1.08803,1.57083,0.11672,-0.12758,-0.48153,0.02937,,,,,,,,,,,,,,,,,,,,,,,,,,0,0,0,0,0
9.5150,1783969861.2818,1,1,0.5000,-0.0000,1.42236,-0.02311,-2.63567,1.08803,1.57083,0.11672,-0.12758,-0.48153,0.02937,,,,,,,,,,,,,,,,,,,,,,,,,,0,0,0,0,0
9.5203,1783969861.2870,1,1,0.5000,-0.0000,1.42236,-0.02312,-2.63569,1.08805,1.57083,0.11672,-0.12758,-0.48152,0.02936,,,,,,,,,,,,,,,,,,,,,,,,,,0,0,0,0,0
9.5208,1783969861.2876,1,1,0.5000,-0.0000,1.42236,-0.02312,-2.63569,1.08805,1.57083,0.11672,-0.12758,-0.48152,0.02936,,,,,,,,,,,,,,,,,,,,,,,,,,0,0,0,0,0
9.5302,1783969861.2970,1,1,0.5000,-0.0000,1.42236,-0.02314,-2.63570,1.08806,1.57083,0.11672,-0.12759,-0.48152,0.02935,,,,,,,,,,,,,,,,,,,,,,,,,,0,0,0,0,0
9.5402,1783969861.3070,1,1,0.5000,-0.0000,1.42236,-0.02317,-2.63572,1.08810,1.57083,0.11672,-0.12759,-0.48150,0.02933,,,,,,,,,,,,,,,,,,,,,,,,,,0,0,0,0,0
9.5511,1783969861.3179,1,1,0.5000,-0.0000,1.42236,-0.02325,-2.63578,1.08819,1.57083,0.11672,-0.12759,-0.48147,0.02929,,,,,,,,,,,,,,,,,,,,,,,,,,0,0,0,0,0
9.5752,1783969861.3420,1,1,0.5000,-0.0000,1.42236,-0.02333,-2.63581,1.08829,1.57084,0.11672,-0.12759,-0.48146,0.02926,,,,,,,,,,,,,,,,,,,,,,,,,,0,0,0,0,0
9.5907,1783969861.3575,1,1,0.5000,-0.0000,1.42236,-0.02344,-2.63584,1.08842,1.57084,0.11672,-0.12759,-0.48145,0.02922,,,,,,,,,,,,,,,,,,,,,,,,,,0,0,0,0,0
9.5931,1783969861.3599,1,1,0.5000,-0.0000,1.42236,-0.02344,-2.63585,1.08843,1.57084,0.11672,-0.12759,-0.48145,0.02921,,,,,,,,,,,,,,,,,,,,,,,,,,0,0,0,0,0
9.5934,1783969861.3602,1,1,0.5000,-0.0000,1.42236,-0.02344,-2.63585,1.08843,1.57084,0.11672,-0.12759,-0.48145,0.02921,,,,,,,,,,,,,,,,,,,,,,,,,,0,0,0,0,0
9.6024,1783969861.3691,1,1,0.5000,-0.0000,1.42236,-0.02348,-2.63585,1.08847,1.57084,0.11672,-0.12759,-0.48145,0.02920,,,,,,,,,,,,,,,,,,,,,,,,,,0,0,0,0,0
9.6154,1783969861.3821,1,1,0.5000,-0.0000,1.42236,-0.02355,-2.63587,1.08855,1.57084,0.11672,-0.12759,-0.48145,0.02918,,,,,,,,,,,,,,,,,,,,,,,,,,0,0,0,0,0
9.6185,1783969861.3852,1,1,0.5000,-0.0000,1.42236,-0.02355,-2.63587,1.08856,1.57084,0.11672,-0.12759,-0.48145,0.02918,,,,,,,,,,,,,,,,,,,,,,,,,,0,0,0,0,0
9.6291,1783969861.3959,1,1,0.5000,-0.0000,1.42236,-0.02364,-2.63588,1.08866,1.57084,0.11672,-0.12759,-0.48145,0.02915,,,,,,,,,,,,,,,,,,,,,,,,,,0,0,0,0,0
9.6318,1783969861.3986,1,1,0.5000,-0.0000,1.42236,-0.02364,-2.63588,1.08866,1.57084,0.11672,-0.12759,-0.48145,0.02915,,,,,,,,,,,,,,,,,,,,,,,,,,0,0,0,0,0
9.6403,1783969861.4071,1,1,0.5000,-0.0000,1.42236,-0.02374,-2.63590,1.08878,1.57084,0.11672,-0.12759,-0.48146,0.02912,,,,,,,,,,,,,,,,,,,,,,,,,,0,0,0,0,0
9.6521,1783969861.4189,1,1,0.5000,-0.0000,1.42236,-0.02380,-2.63591,1.08885,1.57084,0.11672,-0.12759,-0.48146,0.02910,,,,,,,,,,,,,,,,,,,,,,,,,,0,0,0,0,0
9.6579,1783969861.4247,1,1,0.5000,-0.0000,1.42236,-0.02384,-2.63592,1.08889,1.57084,0.11672,-0.12759,-0.48146,0.02909,,,,,,,,,,,,,,,,,,,,,,,,,,0,0,0,0,0
9.6686,1783969861.4354,1,1,0.5000,-0.0000,1.42236,-0.02390,-2.63592,1.08897,1.57084,0.11672,-0.12759,-0.48146,0.02907,,,,,,,,,,,,,,,,,,,,,,,,,,0,0,0,0,0
9.6811,1783969861.4479,1,1,0.5000,-0.0000,1.42236,-0.02399,-2.63593,1.08908,1.57084,0.11672,-0.12759,-0.48147,0.02904,,,,,,,,,,,,,,,,,,,,,,,,,,0,0,0,0,0
9.6931,1783969861.4599,1,1,0.5000,-0.0000,1.42236,-0.02404,-2.63593,1.08914,1.57084,0.11672,-0.12759,-0.48148,0.02903,,,,,,,,,,,,,,,,,,,,,,,,,,0,0,0,0,0
9.6935,1783969861.4602,1,1,0.5000,-0.0000,1.42236,-0.02404,-2.63593,1.08914,1.57084,0.11672,-0.12759,-0.48148,0.02903,,,,,,,,,,,,,,,,,,,,,,,,,,0,0,0,0,0
9.6979,1783969861.4647,1,1,0.5000,-0.0000,1.42236,-0.02406,-2.63593,1.08917,1.57084,0.11672,-0.12759,-0.48149,0.02903,,,,,,,,,,,,,,,,,,,,,,,,,,0,0,0,0,0
9.7103,1783969861.4770,1,1,0.5000,-0.0000,1.42236,-0.02416,-2.63591,1.08929,1.57084,0.11672,-0.12758,-0.48151,0.02901,,,,,,,,,,,,,,,,,,,,,,,,,,0,0,0,0,0
9.7183,1783969861.4850,1,1,0.5000,-0.0000,1.42236,-0.02422,-2.63590,1.08937,1.57084,0.11672,-0.12758,-0.48153,0.02900,,,,,,,,,,,,,,,,,,,,,,,,,,0,0,0,0,0
9.7349,1783969861.5017,1,1,0.5000,-0.0000,1.42235,-0.02430,-2.63586,1.08947,1.57084,0.11672,-0.12757,-0.48158,0.02900,,,,,,,,,,,,,,,,,,,,,,,,,,0,0,0,0,0
9.7435,1783969861.5103,1,1,0.5000,-0.0000,1.42235,-0.02430,-2.63585,1.08948,1.57084,0.11672,-0.12757,-0.48159,0.02901,,,,,,,,,,,,,,,,,,,,,,,,,,0,0,0,0,0
9.7500,1783969861.5168,1,1,0.5000,-0.0000,1.42235,-0.02430,-2.63585,1.08948,1.57084,0.11672,-0.12757,-0.48159,0.02901,,,,,,,,,,,,,,,,,,,,,,,,,,0,0,0,0,0
9.7503,1783969861.5170,1,1,0.5000,-0.0000,1.42235,-0.02430,-2.63585,1.08948,1.57084,0.11672,-0.12757,-0.48159,0.02901,,,,,,,,,,,,,,,,,,,,,,,,,,0,0,0,0,0
9.7611,1783969861.5279,1,1,0.5000,-0.0000,1.42235,-0.02430,-2.63585,1.08948,1.57084,0.11672,-0.12757,-0.48159,0.02901,,,,,,,,,,,,,,,,,,,,,,,,,,0,0,0,0,0
9.7615,1783969861.5283,1,1,0.5000,-0.0000,1.42235,-0.02430,-2.63585,1.08948,1.57084,0.11672,-0.12757,-0.48159,0.02901,,,,,,,,,,,,,,,,,,,,,,,,,,0,0,0,0,0
9.7733,1783969861.5401,1,1,0.5000,-0.0000,1.42235,-0.02430,-2.63585,1.08948,1.57084,0.11672,-0.12757,-0.48159,0.02901,,,,,,,,,,,,,,,,,,,,,,,,,,0,0,0,0,0
9.7806,1783969861.5473,1,1,0.5000,-0.0000,1.42235,-0.02430,-2.63585,1.08948,1.57084,0.11672,-0.12757,-0.48159,0.02901,,,,,,,,,,,,,,,,,,,,,,,,,,0,0,0,0,0
9.7809,1783969861.5476,1,1,0.5000,-0.0000,1.42235,-0.02430,-2.63585,1.08948,1.57084,0.11672,-0.12757,-0.48159,0.02901,,,,,,,,,,,,,,,,,,,,,,,,,,0,0,0,0,0
9.7900,1783969861.5568,1,1,0.5000,-0.0000,1.42235,-0.02430,-2.63585,1.08948,1.57084,0.11672,-0.12757,-0.48159,0.02901,,,,,,,,,,,,,,,,,,,,,,,,,,0,0,0,0,0
9.8000,1783969861.5668,1,1,0.5000,-0.0000,1.42235,-0.02430,-2.63585,1.08948,1.57084,0.11672,-0.12757,-0.48159,0.02901,,,,,,,,,,,,,,,,,,,,,,,,,,0,0,0,0,0
9.8149,1783969861.5817,1,1,0.5000,-0.0000,1.42235,-0.02430,-2.63585,1.08948,1.57084,0.11672,-0.12757,-0.48159,0.02901,,,,,,,,,,,,,,,,,,,,,,,,,,0,0,0,0,0
9.8220,1783969861.5888,1,1,0.5000,-0.0000,1.42235,-0.02430,-2.63585,1.08948,1.57084,0.11672,-0.12757,-0.48159,0.02901,,,,,,,,,,,,,,,,,,,,,,,,,,0,0,0,0,0
9.8499,1783969861.6167,1,1,0.5000,-0.0000,1.42235,-0.02430,-2.63585,1.08948,1.57084,0.11672,-0.12757,-0.48159,0.02901,,,,,,,,,,,,,,,,,,,,,,,,,,0,0,0,0,0
9.8503,1783969861.6171,1,1,0.5000,-0.0000,1.42235,-0.02430,-2.63585,1.08948,1.57084,0.11672,-0.12757,-0.48159,0.02901,,,,,,,,,,,,,,,,,,,,,,,,,,0,0,0,0,0
9.8507,1783969861.6175,1,1,0.5000,-0.0000,1.42235,-0.02430,-2.63585,1.08948,1.57084,0.11672,-0.12757,-0.48159,0.02901,,,,,,,,,,,,,,,,,,,,,,,,,,0,0,0,0,0
9.8509,1783969861.6177,1,1,0.5000,-0.0000,1.42235,-0.02430,-2.63585,1.08948,1.57084,0.11672,-0.12757,-0.48159,0.02901,,,,,,,,,,,,,,,,,,,,,,,,,,0,0,0,0,0
9.8638,1783969861.6306,1,1,0.5000,-0.0000,1.42235,-0.02430,-2.63585,1.08948,1.57084,0.11672,-0.12757,-0.48159,0.02901,,,,,,,,,,,,,,,,,,,,,,,,,,0,0,0,0,0
9.8682,1783969861.6350,1,1,0.5000,-0.0000,1.42235,-0.02430,-2.63585,1.08948,1.57084,0.11672,-0.12757,-0.48159,0.02901,,,,,,,,,,,,,,,,,,,,,,,,,,0,0,0,0,0
9.8689,1783969861.6357,1,1,0.5000,-0.0000,1.42235,-0.02430,-2.63585,1.08948,1.57084,0.11672,-0.12757,-0.48159,0.02901,,,,,,,,,,,,,,,,,,,,,,,,,,0,0,0,0,0
9.8791,1783969861.6459,1,1,0.5000,-0.0000,1.42235,-0.02430,-2.63585,1.08948,1.57084,0.11672,-0.12757,-0.48159,0.02901,,,,,,,,,,,,,,,,,,,,,,,,,,0,0,0,0,0
9.8794,1783969861.6462,1,1,0.5000,-0.0000,1.42235,-0.02430,-2.63585,1.08948,1.57084,0.11672,-0.12757,-0.48159,0.02901,,,,,,,,,,,,,,,,,,,,,,,,,,0,0,0,0,0
9.8933,1783969861.6601,1,1,0.5000,-0.0000,1.42235,-0.02430,-2.63585,1.08948,1.57084,0.11672,-0.12757,-0.48159,0.02901,,,,,,,,,,,,,,,,,,,,,,,,,,0,0,0,0,0
9.9002,1783969861.6670,1,1,0.5000,-0.0000,1.42235,-0.02430,-2.63585,1.08948,1.57084,0.11672,-0.12757,-0.48159,0.02901,,,,,,,,,,,,,,,,,,,,,,,,,,0,0,0,0,0
9.9008,1783969861.6676,1,1,0.5000,-0.0000,1.42235,-0.02430,-2.63585,1.08948,1.57084,0.11672,-0.12757,-0.48159,0.02901,,,,,,,,,,,,,,,,,,,,,,,,,,0,0,0,0,0
9.9153,1783969861.6820,1,1,0.5000,-0.0000,1.42235,-0.02430,-2.63585,1.08948,1.57084,0.11672,-0.12757,-0.48159,0.02901,,,,,,,,,,,,,,,,,,,,,,,,,,0,0,0,0,0
9.9158,1783969861.6825,1,1,0.5000,-0.0000,1.42235,-0.02430,-2.63585,1.08948,1.57084,0.11672,-0.12757,-0.48159,0.02901,,,,,,,,,,,,,,,,,,,,,,,,,,0,0,0,0,0
9.9193,1783969861.6861,1,1,0.5000,-0.0000,1.42235,-0.02430,-2.63585,1.08948,1.57084,0.11672,-0.12757,-0.48159,0.02901,,,,,,,,,,,,,,,,,,,,,,,,,,0,0,0,0,0
9.9197,1783969861.6865,1,1,0.5000,-0.0000,1.42235,-0.02430,-2.63585,1.08948,1.57084,0.11672,-0.12757,-0.48159,0.02901,,,,,,,,,,,,,,,,,,,,,,,,,,0,0,0,0,0
9.9521,1783969861.7189,1,1,0.5000,-0.0000,1.42235,-0.02435,-2.63594,1.08955,1.57084,0.11672,-0.12758,-0.48153,0.02896,,,,,,,,,,,,,,,,,,,,,,,,,,0,0,0,0,0
9.9525,1783969861.7192,1,1,0.5000,-0.0000,1.42235,-0.02435,-2.63594,1.08955,1.57084,0.11672,-0.12758,-0.48153,0.02896,,,,,,,,,,,,,,,,,,,,,,,,,,0,0,0,0,0
9.9563,1783969861.7231,1,1,0.5000,-0.0000,1.42235,-0.02436,-2.63595,1.08955,1.57084,0.11672,-0.12758,-0.48153,0.02895,,,,,,,,,,,,,,,,,,,,,,,,,,0,0,0,0,0
9.9573,1783969861.7241,1,1,0.5000,-0.0000,1.42235,-0.02436,-2.63595,1.08956,1.57084,0.11672,-0.12758,-0.48152,0.02895,,,,,,,,,,,,,,,,,,,,,,,,,,0,0,0,0,0
9.9578,1783969861.7245,1,1,0.5000,-0.0000,1.42235,-0.02436,-2.63595,1.08956,1.57084,0.11672,-0.12758,-0.48152,0.02895,,,,,,,,,,,,,,,,,,,,,,,,,,0,0,0,0,0
9.9581,1783969861.7249,1,1,0.5000,-0.0000,1.42235,-0.02436,-2.63595,1.08956,1.57084,0.11672,-0.12758,-0.48152,0.02895,,,,,,,,,,,,,,,,,,,,,,,,,,0,0,0,0,0
9.9756,1783969861.7423,1,1,0.5000,-0.0000,1.42235,-0.02441,-2.63599,1.08961,1.57084,0.11672,-0.12759,-0.48150,0.02892,,,,,,,,,,,,,,,,,,,,,,,,,,0,0,0,0,0
9.9795,1783969861.7463,1,1,0.5000,-0.0000,1.42235,-0.02441,-2.63600,1.08961,1.57084,0.11672,-0.12759,-0.48150,0.02892,,,,,,,,,,,,,,,,,,,,,,,,,,0,0,0,0,0
9.9798,1783969861.7466,1,1,0.5000,-0.0000,1.42235,-0.02441,-2.63600,1.08961,1.57084,0.11672,-0.12759,-0.48150,0.02892,,,,,,,,,,,,,,,,,,,,,,,,,,0,0,0,0,0
9.9909,1783969861.7576,1,1,0.5000,-0.0000,1.42235,-0.02446,-2.63602,1.08967,1.57084,0.11672,-0.12759,-0.48148,0.02889,,,,,,,,,,,,,,,,,,,,,,,,,,0,0,0,0,0
9.9982,1783969861.7650,1,1,0.5000,-0.0000,1.42235,-0.02452,-2.63605,1.08974,1.57084,0.11672,-0.12759,-0.48147,0.02887,,,,,,,,,,,,,,,,,,,,,,,,,,0,0,0,0,0
10.0235,1783969861.7903,1,1,0.5000,-0.0000,1.42235,-0.02463,-2.63608,1.08987,1.57084,0.11672,-0.12759,-0.48146,0.02883,,,,,,,,,,,,,,,,,,,,,,,,,,0,0,0,0,0
10.0243,1783969861.7911,1,1,0.5000,-0.0000,1.42235,-0.02463,-2.63608,1.08987,1.57084,0.11672,-0.12759,-0.48146,0.02883,,,,,,,,,,,,,,,,,,,,,,,,,,0,0,0,0,0
10.0248,1783969861.7916,1,1,0.5000,-0.0000,1.42235,-0.02467,-2.63609,1.08991,1.57084,0.11672,-0.12759,-0.48146,0.02881,,,,,,,,,,,,,,,,,,,,,,,,,,0,0,0,0,0
10.0403,1783969861.8071,1,1,0.5000,-0.0000,1.42235,-0.02476,-2.63612,1.09002,1.57084,0.11672,-0.12759,-0.48146,0.02878,,,,,,,,,,,,,,,,,,,,,,,,,,0,0,0,0,0
10.0494,1783969861.8162,1,1,0.5000,-0.0000,1.42235,-0.02481,-2.63613,1.09008,1.57084,0.11672,-0.12759,-0.48146,0.02876,,,,,,,,,,,,,,,,,,,,,,,,,,0,0,0,0,0
10.0498,1783969861.8165,1,1,0.5000,-0.0000,1.42235,-0.02481,-2.63613,1.09008,1.57084,0.11672,-0.12759,-0.48146,0.02876,,,,,,,,,,,,,,,,,,,,,,,,,,0,0,0,0,0
10.0574,1783969861.8242,1,1,0.5000,-0.0000,1.42235,-0.02489,-2.63614,1.09018,1.57084,0.11672,-0.12759,-0.48146,0.02874,,,,,,,,,,,,,,,,,,,,,,,,,,0,0,0,0,0
10.0633,1783969861.8301,1,1,0.5000,-0.0000,1.42235,-0.02489,-2.63614,1.09018,1.57084,0.11672,-0.12759,-0.48146,0.02874,,,,,,,,,,,,,,,,,,,,,,,,,,0,0,0,0,0
10.0637,1783969861.8305,1,1,0.5000,-0.0000,1.42235,-0.02489,-2.63614,1.09018,1.57084,0.11672,-0.12759,-0.48146,0.02874,,,,,,,,,,,,,,,,,,,,,,,,,,0,0,0,0,0
10.0718,1783969861.8385,1,1,0.5000,-0.0000,1.42235,-0.02492,-2.63614,1.09021,1.57084,0.11672,-0.12759,-0.48146,0.02873,,,,,,,,,,,,,,,,,,,,,,,,,,0,0,0,0,0
10.0804,1783969861.8472,1,1,0.5000,-0.0000,1.42235,-0.02498,-2.63615,1.09028,1.57084,0.11672,-0.12759,-0.48146,0.02871,,,,,,,,,,,,,,,,,,,,,,,,,,0,0,0,0,0
10.0984,1783969861.8652,1,1,0.5000,-0.0000,1.42235,-0.02513,-2.63618,1.09047,1.57084,0.11672,-0.12759,-0.48147,0.02866,,,,,,,,,,,,,,,,,,,,,,,,,,0,0,0,0,0
10.1054,1783969861.8722,1,1,0.5000,-0.0000,1.42235,-0.02517,-2.63618,1.09051,1.57084,0.11672,-0.12759,-0.48147,0.02865,,,,,,,,,,,,,,,,,,,,,,,,,,0,0,0,0,0
10.1058,1783969861.8726,1,1,0.5000,-0.0000,1.42235,-0.02517,-2.63618,1.09051,1.57084,0.11672,-0.12759,-0.48147,0.02865,,,,,,,,,,,,,,,,,,,,,,,,,,0,0,0,0,0
10.1127,1783969861.8794,1,1,0.5000,-0.0000,1.42235,-0.02519,-2.63617,1.09054,1.57084,0.11672,-0.12759,-0.48148,0.02865,,,,,,,,,,,,,,,,,,,,,,,,,,0,0,0,0,0
10.1132,1783969861.8800,1,1,0.5000,-0.0000,1.42235,-0.02522,-2.63617,1.09058,1.57084,0.11672,-0.12759,-0.48148,0.02864,,,,,,,,,,,,,,,,,,,,,,,,,,0,0,0,0,0
10.1217,1783969861.8885,1,1,0.5000,-0.0000,1.42235,-0.02529,-2.63617,1.09067,1.57084,0.11672,-0.12758,-0.48150,0.02863,,,,,,,,,,,,,,,,,,,,,,,,,,0,0,0,0,0
10.1293,1783969861.8961,1,1,0.5000,-0.0000,1.42235,-0.02537,-2.63616,1.09076,1.57084,0.11672,-0.12758,-0.48152,0.02861,,,,,,,,,,,,,,,,,,,,,,,,,,0,0,0,0,0
10.1414,1783969861.9081,1,1,0.5000,-0.0000,1.42235,-0.02546,-2.63614,1.09088,1.57084,0.11672,-0.12758,-0.48155,0.02860,,,,,,,,,,,,,,,,,,,,,,,,,,0,0,0,0,0
10.1502,1783969861.9170,1,1,0.5000,-0.0000,1.42235,-0.02550,-2.63612,1.09092,1.57084,0.11672,-0.12757,-0.48157,0.02860,,,,,,,,,,,,,,,,,,,,,,,,,,0,0,0,0,0
10.1505,1783969861.9173,1,1,0.5000,-0.0000,1.42235,-0.02550,-2.63612,1.09092,1.57084,0.11672,-0.12757,-0.48157,0.02860,,,,,,,,,,,,,,,,,,,,,,,,,,0,0,0,0,0
10.1593,1783969861.9260,1,1,0.5000,-0.0000,1.42235,-0.02551,-2.63610,1.09093,1.57084,0.11672,-0.12757,-0.48158,0.02860,,,,,,,,,,,,,,,,,,,,,,,,,,0,0,0,0,0
10.1734,1783969861.9402,1,1,0.5000,-0.0000,1.42235,-0.02551,-2.63610,1.09093,1.57084,0.11672,-0.12757,-0.48158,0.02860,,,,,,,,,,,,,,,,,,,,,,,,,,0,0,0,0,0
10.1736,1783969861.9404,1,1,0.5000,-0.0000,1.42235,-0.02551,-2.63610,1.09093,1.57084,0.11672,-0.12757,-0.48158,0.02860,,,,,,,,,,,,,,,,,,,,,,,,,,0,0,0,0,0
10.1824,1783969861.9492,1,1,0.5000,-0.0000,1.42235,-0.02551,-2.63610,1.09093,1.57084,0.11672,-0.12757,-0.48158,0.02860,,,,,,,,,,,,,,,,,,,,,,,,,,0,0,0,0,0
10.1880,1783969861.9548,1,1,0.5000,-0.0000,1.42235,-0.02551,-2.63610,1.09093,1.57084,0.11672,-0.12757,-0.48158,0.02860,,,,,,,,,,,,,,,,,,,,,,,,,,0,0,0,0,0
10.1884,1783969861.9551,1,1,0.5000,-0.0000,1.42235,-0.02551,-2.63610,1.09093,1.57084,0.11672,-0.12757,-0.48158,0.02860,,,,,,,,,,,,,,,,,,,,,,,,,,0,0,0,0,0
10.2016,1783969861.9684,1,1,0.5000,-0.0000,1.42235,-0.02551,-2.63610,1.09093,1.57084,0.11672,-0.12757,-0.48158,0.02860,,,,,,,,,,,,,,,,,,,,,,,,,,0,0,0,0,0
10.2019,1783969861.9686,1,1,0.5000,-0.0000,1.42235,-0.02551,-2.63610,1.09093,1.57084,0.11672,-0.12757,-0.48158,0.02860,,,,,,,,,,,,,,,,,,,,,,,,,,0,0,0,0,0
10.2079,1783969861.9747,1,1,0.5000,-0.0000,1.42235,-0.02551,-2.63610,1.09093,1.57084,0.11672,-0.12757,-0.48158,0.02860,,,,,,,,,,,,,,,,,,,,,,,,,,0,0,0,0,0
10.2223,1783969861.9891,1,1,0.5000,-0.0000,1.42235,-0.02551,-2.63610,1.09093,1.57084,0.11672,-0.12757,-0.48158,0.02860,,,,,,,,,,,,,,,,,,,,,,,,,,0,0,0,0,0
10.2457,1783969862.0125,1,1,0.5000,-0.0000,1.42235,-0.02551,-2.63610,1.09093,1.57084,0.11672,-0.12757,-0.48158,0.02860,,,,,,,,,,,,,,,,,,,,,,,,,,0,0,0,0,0
10.2460,1783969862.0128,1,1,0.5000,-0.0000,1.42235,-0.02551,-2.63610,1.09093,1.57084,0.11672,-0.12757,-0.48158,0.02860,,,,,,,,,,,,,,,,,,,,,,,,,,0,0,0,0,0
10.2535,1783969862.0203,1,1,0.5000,-0.0000,1.42235,-0.02551,-2.63610,1.09093,1.57084,0.11672,-0.12757,-0.48158,0.02860,,,,,,,,,,,,,,,,,,,,,,,,,,0,0,0,0,0
10.2590,1783969862.0258,1,1,0.5000,-0.0000,1.42235,-0.02551,-2.63610,1.09093,1.57084,0.11672,-0.12757,-0.48158,0.02860,,,,,,,,,,,,,,,,,,,,,,,,,,0,0,0,0,0
10.2729,1783969862.0396,1,1,0.5000,-0.0000,1.42235,-0.02551,-2.63610,1.09093,1.57084,0.11672,-0.12757,-0.48158,0.02860,,,,,,,,,,,,,,,,,,,,,,,,,,0,0,0,0,0
10.2732,1783969862.0400,1,1,0.5000,-0.0000,1.42235,-0.02551,-2.63610,1.09093,1.57084,0.11672,-0.12757,-0.48158,0.02860,,,,,,,,,,,,,,,,,,,,,,,,,,0,0,0,0,0
10.2824,1783969862.0492,1,1,0.5000,-0.0000,1.42235,-0.02551,-2.63610,1.09093,1.57084,0.11672,-0.12757,-0.48158,0.02860,,,,,,,,,,,,,,,,,,,,,,,,,,0,0,0,0,0
10.2828,1783969862.0496,1,1,0.5000,-0.0000,1.42235,-0.02551,-2.63610,1.09093,1.57084,0.11672,-0.12757,-0.48158,0.02860,,,,,,,,,,,,,,,,,,,,,,,,,,0,0,0,0,0
10.2939,1783969862.0606,1,1,0.5000,-0.0000,1.42235,-0.02551,-2.63610,1.09093,1.57084,0.11672,-0.12757,-0.48158,0.02860,,,,,,,,,,,,,,,,,,,,,,,,,,0,0,0,0,0
10.2941,1783969862.0609,1,1,0.5000,-0.0000,1.42235,-0.02551,-2.63610,1.09093,1.57084,0.11672,-0.12757,-0.48158,0.02860,,,,,,,,,,,,,,,,,,,,,,,,,,0,0,0,0,0
10.3017,1783969862.0684,1,1,0.5000,-0.0000,1.42235,-0.02551,-2.63610,1.09093,1.57084,0.11672,-0.12757,-0.48158,0.02860,,,,,,,,,,,,,,,,,,,,,,,,,,0,0,0,0,0
10.3083,1783969862.0750,1,1,0.5000,-0.0000,1.42235,-0.02551,-2.63610,1.09093,1.57084,0.11672,-0.12757,-0.48158,0.02860,,,,,,,,,,,,,,,,,,,,,,,,,,0,0,0,0,0
10.3244,1783969862.0911,1,1,0.5000,-0.0000,1.42235,-0.02551,-2.63610,1.09093,1.57084,0.11672,-0.12757,-0.48158,0.02860,,,,,,,,,,,,,,,,,,,,,,,,,,0,0,0,0,0
10.3285,1783969862.0953,1,1,0.5000,-0.0000,1.42235,-0.02551,-2.63610,1.09093,1.57084,0.11672,-0.12757,-0.48158,0.02860,,,,,,,,,,,,,,,,,,,,,,,,,,0,0,0,0,0
10.3389,1783969862.1057,1,1,0.5000,-0.0000,1.42235,-0.02551,-2.63610,1.09093,1.57084,0.11672,-0.12757,-0.48158,0.02860,,,,,,,,,,,,,,,,,,,,,,,,,,0,0,0,0,0
10.3492,1783969862.1160,1,1,0.5000,-0.0000,1.42235,-0.02551,-2.63611,1.09094,1.57084,0.11672,-0.12757,-0.48158,0.02860,,,,,,,,,,,,,,,,,,,,,,,,,,0,0,0,0,0
10.3702,1783969862.1370,1,1,0.5000,-0.0000,1.42235,-0.02554,-2.63616,1.09097,1.57084,0.11672,-0.12758,-0.48155,0.02857,,,,,,,,,,,,,,,,,,,,,,,,,,0,0,0,0,0
10.3706,1783969862.1374,1,1,0.5000,-0.0000,1.42235,-0.02554,-2.63616,1.09097,1.57084,0.11672,-0.12758,-0.48155,0.02857,,,,,,,,,,,,,,,,,,,,,,,,,,0,0,0,0,0
10.3724,1783969862.1392,1,1,0.5000,-0.0000,1.42235,-0.02554,-2.63616,1.09097,1.57084,0.11672,-0.12758,-0.48155,0.02857,,,,,,,,,,,,,,,,,,,,,,,,,,0,0,0,0,0
10.3731,1783969862.1399,1,1,0.5000,-0.0000,1.42235,-0.02554,-2.63616,1.09097,1.57084,0.11672,-0.12758,-0.48155,0.02857,,,,,,,,,,,,,,,,,,,,,,,,,,0,0,0,0,0
10.3867,1783969862.1535,1,1,0.5000,-0.0000,1.42235,-0.02561,-2.63623,1.09106,1.57084,0.11672,-0.12758,-0.48150,0.02852,,,,,,,,,,,,,,,,,,,,,,,,,,0,0,0,0,0
10.3870,1783969862.1537,1,1,0.5000,-0.0000,1.42235,-0.02561,-2.63623,1.09106,1.57084,0.11672,-0.12758,-0.48150,0.02852,,,,,,,,,,,,,,,,,,,,,,,,,,0,0,0,0,0
10.3941,1783969862.1608,1,1,0.5000,-0.0000,1.42235,-0.02566,-2.63628,1.09111,1.57084,0.11672,-0.12759,-0.48147,0.02849,,,,,,,,,,,,,,,,,,,,,,,,,,0,0,0,0,0
10.4040,1783969862.1708,1,1,0.5000,-0.0000,1.42235,-0.02567,-2.63628,1.09112,1.57084,0.11672,-0.12759,-0.48147,0.02849,,,,,,,,,,,,,,,,,,,,,,,,,,0,0,0,0,0
10.4045,1783969862.1713,1,1,0.5000,-0.0000,1.42235,-0.02567,-2.63628,1.09112,1.57084,0.11672,-0.12759,-0.48147,0.02849,,,,,,,,,,,,,,,,,,,,,,,,,,0,0,0,0,0
10.4101,1783969862.1769,1,1,0.5000,-0.0000,1.42235,-0.02569,-2.63629,1.09115,1.57084,0.11672,-0.12759,-0.48147,0.02848,,,,,,,,,,,,,,,,,,,,,,,,,,0,0,0,0,0
10.4193,1783969862.1861,1,1,0.5000,-0.0000,1.42235,-0.02574,-2.63631,1.09120,1.57084,0.11672,-0.12759,-0.48146,0.02846,,,,,,,,,,,,,,,,,,,,,,,,,,0,0,0,0,0
10.5339,1783969862.3007,1,1,0.5000,-0.0000,1.42235,-0.02643,-2.63643,1.09203,1.57084,0.11672,-0.12758,-0.48148,0.02824,,,,,,,,,,,,,,,,,,,,,,,,,,0,0,0,0,0
10.5350,1783969862.3018,1,1,0.5000,-0.0000,1.42235,-0.02643,-2.63643,1.09203,1.57084,0.11672,-0.12758,-0.48148,0.02824,,,,,,,,,,,,,,,,,,,,,,,,,,0,0,0,0,0
10.5506,1783969862.3174,1,1,0.5000,-0.0000,1.42235,-0.02655,-2.63641,1.09219,1.57084,0.11672,-0.12758,-0.48151,0.02822,,,,,,,,,,,,,,,,,,,,,,,,,,0,0,0,0,0
10.5525,1783969862.3193,1,1,0.5000,-0.0000,1.42235,-0.02655,-2.63641,1.09219,1.57084,0.11672,-0.12758,-0.48151,0.02822,,,,,,,,,,,,,,,,,,,,,,,,,,0,0,0,0,0
10.5529,1783969862.3197,1,1,0.5000,-0.0000,1.42235,-0.02655,-2.63641,1.09219,1.57084,0.11672,-0.12758,-0.48151,0.02822,,,,,,,,,,,,,,,,,,,,,,,,,,0,0,0,0,0
10.5534,1783969862.3202,1,1,0.5000,-0.0000,1.42235,-0.02655,-2.63641,1.09219,1.57084,0.11672,-0.12758,-0.48151,0.02822,,,,,,,,,,,,,,,,,,,,,,,,,,0,0,0,0,0
10.5541,1783969862.3208,1,1,0.5000,-0.0000,1.42235,-0.02659,-2.63641,1.09223,1.57084,0.11672,-0.12758,-0.48152,0.02821,,,,,,,,,,,,,,,,,,,,,,,,,,0,0,0,0,0
10.5555,1783969862.3223,1,1,0.5000,-0.0000,1.42235,-0.02659,-2.63641,1.09223,1.57084,0.11672,-0.12758,-0.48152,0.02821,,,,,,,,,,,,,,,,,,,,,,,,,,0,0,0,0,0
10.5560,1783969862.3227,1,1,0.5000,-0.0000,1.42235,-0.02659,-2.63641,1.09223,1.57084,0.11672,-0.12758,-0.48152,0.02821,,,,,,,,,,,,,,,,,,,,,,,,,,0,0,0,0,0
10.5626,1783969862.3294,1,1,0.5000,-0.0000,1.42235,-0.02665,-2.63640,1.09231,1.57084,0.11672,-0.12758,-0.48154,0.02820,,,,,,,,,,,,,,,,,,,,,,,,,,0,0,0,0,0
10.5629,1783969862.3297,1,1,0.5000,-0.0000,1.42235,-0.02665,-2.63640,1.09231,1.57084,0.11672,-0.12758,-0.48154,0.02820,,,,,,,,,,,,,,,,,,,,,,,,,,0,0,0,0,0
10.5634,1783969862.3301,1,1,0.5000,-0.0000,1.42235,-0.02665,-2.63640,1.09231,1.57084,0.11672,-0.12758,-0.48154,0.02820,,,,,,,,,,,,,,,,,,,,,,,,,,0,0,0,0,0
10.5637,1783969862.3304,1,1,0.5000,-0.0000,1.42235,-0.02665,-2.63640,1.09231,1.57084,0.11672,-0.12758,-0.48154,0.02820,,,,,,,,,,,,,,,,,,,,,,,,,,0,0,0,0,0
10.5653,1783969862.3321,1,1,0.5000,-0.0000,1.42235,-0.02665,-2.63640,1.09231,1.57084,0.11672,-0.12758,-0.48154,0.02820,,,,,,,,,,,,,,,,,,,,,,,,,,0,0,0,0,0
10.5660,1783969862.3327,1,1,0.5000,-0.0000,1.42235,-0.02668,-2.63639,1.09234,1.57084,0.11672,-0.12757,-0.48155,0.02820,,,,,,,,,,,,,,,,,,,,,,,,,,0,0,0,0,0
10.5699,1783969862.3367,1,1,0.5000,-0.0000,1.42235,-0.02670,-2.63638,1.09237,1.57084,0.11672,-0.12757,-0.48156,0.02820,,,,,,,,,,,,,,,,,,,,,,,,,,0,0,0,0,0
10.5857,1783969862.3525,1,1,0.5000,-0.0000,1.42235,-0.02672,-2.63635,1.09240,1.57084,0.11672,-0.12757,-0.48158,0.02820,,,,,,,,,,,,,,,,,,,,,,,,,,0,0,0,0,0
10.5892,1783969862.3560,1,1,0.5000,-0.0000,1.42235,-0.02672,-2.63635,1.09240,1.57084,0.11672,-0.12757,-0.48158,0.02820,,,,,,,,,,,,,,,,,,,,,,,,,,0,0,0,0,0
10.5899,1783969862.3567,1,1,0.5000,-0.0000,1.42235,-0.02672,-2.63635,1.09240,1.57084,0.11672,-0.12757,-0.48158,0.02820,,,,,,,,,,,,,,,,,,,,,,,,,,0,0,0,0,0
10.6047,1783969862.3714,1,1,0.5000,-0.0000,1.42235,-0.02672,-2.63635,1.09240,1.57084,0.11672,-0.12757,-0.48158,0.02820,,,,,,,,,,,,,,,,,,,,,,,,,,0,0,0,0,0
10.6084,1783969862.3752,1,1,0.5000,-0.0000,1.42235,-0.02672,-2.63635,1.09240,1.57084,0.11672,-0.12757,-0.48158,0.02820,,,,,,,,,,,,,,,,,,,,,,,,,,0,0,0,0,0
10.6198,1783969862.3866,1,1,0.5000,-0.0000,1.42235,-0.02672,-2.63635,1.09240,1.57084,0.11672,-0.12757,-0.48158,0.02820,,,,,,,,,,,,,,,,,,,,,,,,,,0,0,0,0,0
10.6309,1783969862.3977,1,1,0.5000,-0.0000,1.42235,-0.02672,-2.63635,1.09240,1.57084,0.11672,-0.12757,-0.48158,0.02820,,,,,,,,,,,,,,,,,,,,,,,,,,0,0,0,0,0
10.6409,1783969862.4077,1,1,0.5000,-0.0000,1.42235,-0.02672,-2.63635,1.09240,1.57084,0.11672,-0.12757,-0.48158,0.02820,,,,,,,,,,,,,,,,,,,,,,,,,,0,0,0,0,0
10.6546,1783969862.4213,1,1,0.5000,-0.0000,1.42235,-0.02672,-2.63635,1.09240,1.57084,0.11672,-0.12757,-0.48158,0.02820,,,,,,,,,,,,,,,,,,,,,,,,,,0,0,0,0,0
10.6637,1783969862.4305,1,1,0.5000,-0.0000,1.42235,-0.02672,-2.63635,1.09240,1.57084,0.11672,-0.12757,-0.48158,0.02820,,,,,,,,,,,,,,,,,,,,,,,,,,0,0,0,0,0
10.6693,1783969862.4361,1,1,0.5000,-0.0000,1.42235,-0.02672,-2.63635,1.09240,1.57084,0.11672,-0.12757,-0.48158,0.02820,,,,,,,,,,,,,,,,,,,,,,,,,,0,0,0,0,0
10.6699,1783969862.4367,1,1,0.5000,-0.0000,1.42235,-0.02672,-2.63635,1.09240,1.57084,0.11672,-0.12757,-0.48158,0.02820,,,,,,,,,,,,,,,,,,,,,,,,,,0,0,0,0,0
10.7700,1783969862.5368,1,1,0.5000,-0.0000,1.42235,-0.02673,-2.63637,1.09241,1.57084,0.11672,-0.12757,-0.48157,0.02819,,,,,,,,,,,,,,,,,,,,,,,,,,0,0,0,0,0
10.7709,1783969862.5377,1,1,0.5000,-0.0000,1.42235,-0.02673,-2.63637,1.09241,1.57084,0.11672,-0.12757,-0.48157,0.02819,,,,,,,,,,,,,,,,,,,,,,,,,,0,0,0,0,0
10.7732,1783969862.5400,1,1,0.5000,-0.0000,1.42235,-0.02673,-2.63637,1.09241,1.57084,0.11672,-0.12757,-0.48157,0.02819,,,,,,,,,,,,,,,,,,,,,,,,,,0,0,0,0,0
10.7739,1783969862.5407,1,1,0.5000,-0.0000,1.42235,-0.02673,-2.63639,1.09242,1.57084,0.11672,-0.12757,-0.48156,0.02819,,,,,,,,,,,,,,,,,,,,,,,,,,0,0,0,0,0
10.7745,1783969862.5413,1,1,0.5000,-0.0000,1.42235,-0.02673,-2.63639,1.09242,1.57084,0.11672,-0.12757,-0.48156,0.02819,,,,,,,,,,,,,,,,,,,,,,,,,,0,0,0,0,0
10.7748,1783969862.5416,1,1,0.5000,-0.0000,1.42235,-0.02673,-2.63639,1.09242,1.57084,0.11672,-0.12757,-0.48156,0.02819,,,,,,,,,,,,,,,,,,,,,,,,,,0,0,0,0,0
10.7756,1783969862.5424,1,1,0.5000,-0.0000,1.42235,-0.02673,-2.63639,1.09242,1.57084,0.11672,-0.12757,-0.48156,0.02819,,,,,,,,,,,,,,,,,,,,,,,,,,0,0,0,0,0
10.7761,1783969862.5428,1,1,0.5000,-0.0000,1.42235,-0.02673,-2.63639,1.09242,1.57084,0.11672,-0.12757,-0.48156,0.02819,,,,,,,,,,,,,,,,,,,,,,,,,,0,0,0,0,0
10.7765,1783969862.5433,1,1,0.5000,-0.0000,1.42235,-0.02673,-2.63639,1.09242,1.57084,0.11672,-0.12757,-0.48156,0.02819,,,,,,,,,,,,,,,,,,,,,,,,,,0,0,0,0,0
10.7781,1783969862.5449,1,1,0.5000,-0.0000,1.42235,-0.02674,-2.63640,1.09243,1.57084,0.11672,-0.12757,-0.48155,0.02818,,,,,,,,,,,,,,,,,,,,,,,,,,0,0,0,0,0
10.7790,1783969862.5458,1,1,0.5000,-0.0000,1.42235,-0.02674,-2.63640,1.09243,1.57084,0.11672,-0.12757,-0.48155,0.02818,,,,,,,,,,,,,,,,,,,,,,,,,,0,0,0,0,0
10.7795,1783969862.5462,1,1,0.5000,-0.0000,1.42235,-0.02674,-2.63640,1.09243,1.57084,0.11672,-0.12757,-0.48155,0.02818,,,,,,,,,,,,,,,,,,,,,,,,,,0,0,0,0,0
10.7884,1783969862.5552,1,1,0.5000,-0.0000,1.42235,-0.02675,-2.63642,1.09244,1.57084,0.11672,-0.12757,-0.48154,0.02817,,,,,,,,,,,,,,,,,,,,,,,,,,0,0,0,0,0
10.7986,1783969862.5654,1,1,0.5000,-0.0000,1.42235,-0.02677,-2.63644,1.09246,1.57084,0.11672,-0.12758,-0.48153,0.02816,,,,,,,,,,,,,,,,,,,,,,,,,,0,0,0,0,0
10.8139,1783969862.5806,1,1,0.5000,-0.0000,1.42235,-0.02682,-2.63649,1.09252,1.57084,0.11672,-0.12758,-0.48150,0.02812,,,,,,,,,,,,,,,,,,,,,,,,,,0,0,0,0,0
10.8141,1783969862.5809,1,1,0.5000,-0.0000,1.42235,-0.02682,-2.63649,1.09252,1.57084,0.11672,-0.12758,-0.48150,0.02812,,,,,,,,,,,,,,,,,,,,,,,,,,0,0,0,0,0
10.8180,1783969862.5848,1,1,0.5000,-0.0000,1.42235,-0.02683,-2.63649,1.09253,1.57084,0.11672,-0.12758,-0.48150,0.02812,,,,,,,,,,,,,,,,,,,,,,,,,,0,0,0,0,0
10.8185,1783969862.5852,1,1,0.5000,-0.0000,1.42235,-0.02683,-2.63649,1.09253,1.57084,0.11672,-0.12758,-0.48150,0.02812,,,,,,,,,,,,,,,,,,,,,,,,,,0,0,0,0,0
10.8394,1783969862.6062,1,1,0.5000,-0.0000,1.42235,-0.02694,-2.63654,1.09265,1.57084,0.11672,-0.12758,-0.48148,0.02807,,,,,,,,,,,,,,,,,,,,,,,,,,0,0,0,0,0
10.8407,1783969862.6075,1,1,0.5000,-0.0000,1.42235,-0.02694,-2.63654,1.09265,1.57084,0.11672,-0.12758,-0.48148,0.02807,,,,,,,,,,,,,,,,,,,,,,,,,,0,0,0,0,0
10.8409,1783969862.6077,1,1,0.5000,-0.0000,1.42235,-0.02694,-2.63654,1.09265,1.57084,0.11672,-0.12758,-0.48148,0.02807,,,,,,,,,,,,,,,,,,,,,,,,,,0,0,0,0,0
10.8508,1783969862.6176,1,1,0.5000,-0.0000,1.42235,-0.02697,-2.63655,1.09270,1.57084,0.11672,-0.12758,-0.48147,0.02805,,,,,,,,,,,,,,,,,,,,,,,,,,0,0,0,0,0
10.8511,1783969862.6179,1,1,0.5000,-0.0000,1.42235,-0.02697,-2.63655,1.09270,1.57084,0.11672,-0.12758,-0.48147,0.02805,,,,,,,,,,,,,,,,,,,,,,,,,,0,0,0,0,0
10.8704,1783969862.6372,1,1,0.5000,-0.0000,1.42235,-0.02708,-2.63658,1.09282,1.57084,0.11672,-0.12759,-0.48146,0.02801,,,,,,,,,,,,,,,,,,,,,,,,,,0,0,0,0,0
10.8719,1783969862.6387,1,1,0.5000,-0.0000,1.42235,-0.02713,-2.63659,1.09288,1.57084,0.11672,-0.12759,-0.48146,0.02800,,,,,,,,,,,,,,,,,,,,,,,,,,0,0,0,0,0
10.8811,1783969862.6479,1,1,0.5000,-0.0000,1.42235,-0.02717,-2.63660,1.09293,1.57084,0.11672,-0.12759,-0.48146,0.02798,,,,,,,,,,,,,,,,,,,,,,,,,,0,0,0,0,0
10.8884,1783969862.6552,1,1,0.5000,-0.0000,1.42235,-0.02720,-2.63661,1.09296,1.57084,0.11672,-0.12759,-0.48146,0.02797,,,,,,,,,,,,,,,,,,,,,,,,,,0,0,0,0,0
10.9045,1783969862.6713,1,1,0.5000,-0.0000,1.42235,-0.02731,-2.63663,1.09309,1.57084,0.11672,-0.12759,-0.48146,0.02794,,,,,,,,,,,,,,,,,,,,,,,,,,0,0,0,0,0
10.9123,1783969862.6791,1,1,0.5000,-0.0000,1.42235,-0.02733,-2.63663,1.09312,1.57084,0.11672,-0.12759,-0.48146,0.02793,,,,,,,,,,,,,,,,,,,,,,,,,,0,0,0,0,0
10.9196,1783969862.6864,1,1,0.5000,-0.0000,1.42234,-0.02740,-2.63664,1.09319,1.57084,0.11672,-0.12758,-0.48146,0.02791,,,,,,,,,,,,,,,,,,,,,,,,,,0,0,0,0,0
10.9278,1783969862.6946,1,1,0.5000,-0.0000,1.42234,-0.02749,-2.63666,1.09331,1.57084,0.11672,-0.12758,-0.48147,0.02788,,,,,,,,,,,,,,,,,,,,,,,,,,0,0,0,0,0
10.9382,1783969862.7050,1,1,0.5000,-0.0000,1.42234,-0.02755,-2.63666,1.09337,1.57084,0.11672,-0.12758,-0.48147,0.02786,,,,,,,,,,,,,,,,,,,,,,,,,,0,0,0,0,0
10.9481,1783969862.7149,1,1,0.5000,-0.0000,1.42234,-0.02758,-2.63666,1.09341,1.57084,0.11672,-0.12758,-0.48148,0.02786,,,,,,,,,,,,,,,,,,,,,,,,,,0,0,0,0,0
10.9638,1783969862.7306,1,1,0.5000,-0.0000,1.42234,-0.02771,-2.63666,1.09357,1.57084,0.11672,-0.12758,-0.48150,0.02783,,,,,,,,,,,,,,,,,,,,,,,,,,0,0,0,0,0
10.9702,1783969862.7370,1,1,0.5000,-0.0000,1.42234,-0.02778,-2.63665,1.09366,1.57084,0.11672,-0.12758,-0.48152,0.02781,,,,,,,,,,,,,,,,,,,,,,,,,,0,0,0,0,0
10.9706,1783969862.7374,1,1,0.5000,-0.0000,1.42234,-0.02778,-2.63665,1.09366,1.57084,0.11672,-0.12758,-0.48152,0.02781,,,,,,,,,,,,,,,,,,,,,,,,,,0,0,0,0,0
10.9823,1783969862.7491,1,1,0.5000,-0.0000,1.42234,-0.02788,-2.63663,1.09378,1.57084,0.11672,-0.12757,-0.48155,0.02780,,,,,,,,,,,,,,,,,,,,,,,,,,0,0,0,0,0
11.0009,1783969862.7677,1,1,0.5000,-0.0000,1.42234,-0.02793,-2.63660,1.09385,1.57084,0.11672,-0.12757,-0.48158,0.02780,,,,,,,,,,,,,,,,,,,,,,,,,,0,0,0,0,0
11.0035,1783969862.7703,1,1,0.5000,-0.0000,1.42234,-0.02793,-2.63660,1.09385,1.57084,0.11672,-0.12757,-0.48158,0.02780,,,,,,,,,,,,,,,,,,,,,,,,,,0,0,0,0,0
11.0039,1783969862.7707,1,1,0.5000,-0.0000,1.42234,-0.02793,-2.63660,1.09385,1.57084,0.11672,-0.12757,-0.48158,0.02780,,,,,,,,,,,,,,,,,,,,,,,,,,0,0,0,0,0
11.0078,1783969862.7746,1,1,0.5000,-0.0000,1.42234,-0.02793,-2.63660,1.09385,1.57084,0.11672,-0.12757,-0.48158,0.02780,,,,,,,,,,,,,,,,,,,,,,,,,,0,0,0,0,0
11.0083,1783969862.7751,1,1,0.5000,-0.0000,1.42234,-0.02793,-2.63660,1.09385,1.57084,0.11672,-0.12757,-0.48158,0.02780,,,,,,,,,,,,,,,,,,,,,,,,,,0,0,0,0,0
11.0184,1783969862.7852,1,1,0.5000,-0.0000,1.42234,-0.02793,-2.63660,1.09385,1.57084,0.11672,-0.12757,-0.48158,0.02780,,,,,,,,,,,,,,,,,,,,,,,,,,0,0,0,0,0
11.0187,1783969862.7855,1,1,0.5000,-0.0000,1.42234,-0.02793,-2.63660,1.09385,1.57084,0.11672,-0.12757,-0.48158,0.02780,,,,,,,,,,,,,,,,,,,,,,,,,,0,0,0,0,0
11.0280,1783969862.7947,1,1,0.5000,-0.0000,1.42234,-0.02793,-2.63660,1.09385,1.57084,0.11672,-0.12757,-0.48158,0.02780,,,,,,,,,,,,,,,,,,,,,,,,,,0,0,0,0,0
11.0410,1783969862.8078,1,1,0.5000,-0.0000,1.42234,-0.02793,-2.63660,1.09385,1.57084,0.11672,-0.12757,-0.48158,0.02780,,,,,,,,,,,,,,,,,,,,,,,,,,0,0,0,0,0
11.0504,1783969862.8171,1,1,0.5000,-0.0000,1.42234,-0.02793,-2.63660,1.09385,1.57084,0.11672,-0.12757,-0.48158,0.02780,,,,,,,,,,,,,,,,,,,,,,,,,,0,0,0,0,0
11.0637,1783969862.8304,1,1,0.5000,-0.0000,1.42234,-0.02793,-2.63660,1.09385,1.57084,0.11672,-0.12757,-0.48158,0.02780,,,,,,,,,,,,,,,,,,,,,,,,,,0,0,0,0,0
11.0719,1783969862.8387,1,1,0.5000,-0.0000,1.42234,-0.02793,-2.63660,1.09385,1.57084,0.11672,-0.12757,-0.48158,0.02780,,,,,,,,,,,,,,,,,,,,,,,,,,0,0,0,0,0
11.0850,1783969862.8518,1,1,0.5000,-0.0000,1.42234,-0.02793,-2.63660,1.09385,1.57084,0.11672,-0.12757,-0.48158,0.02780,,,,,,,,,,,,,,,,,,,,,,,,,,0,0,0,0,0
11.0956,1783969862.8624,1,1,0.5000,-0.0000,1.42234,-0.02793,-2.63660,1.09385,1.57084,0.11672,-0.12757,-0.48158,0.02780,,,,,,,,,,,,,,,,,,,,,,,,,,0,0,0,0,0
11.1050,1783969862.8718,1,1,0.5000,-0.0000,1.42234,-0.02793,-2.63660,1.09385,1.57084,0.11672,-0.12757,-0.48158,0.02780,,,,,,,,,,,,,,,,,,,,,,,,,,0,0,0,0,0
11.1079,1783969862.8747,1,1,0.5000,-0.0000,1.42234,-0.02793,-2.63660,1.09385,1.57084,0.11672,-0.12757,-0.48158,0.02780,,,,,,,,,,,,,,,,,,,,,,,,,,0,0,0,0,0
11.1289,1783969862.8956,1,1,0.5000,-0.0000,1.42234,-0.02793,-2.63660,1.09385,1.57084,0.11672,-0.12757,-0.48158,0.02780,,,,,,,,,,,,,,,,,,,,,,,,,,0,0,0,0,0
11.1306,1783969862.8974,1,1,0.5000,-0.0000,1.42234,-0.02793,-2.63660,1.09385,1.57084,0.11672,-0.12757,-0.48158,0.02780,,,,,,,,,,,,,,,,,,,,,,,,,,0,0,0,0,0
11.1311,1783969862.8979,1,1,0.5000,-0.0000,1.42234,-0.02793,-2.63660,1.09385,1.57084,0.11672,-0.12757,-0.48158,0.02780,,,,,,,,,,,,,,,,,,,,,,,,,,0,0,0,0,0
11.1436,1783969862.9104,1,1,0.5000,-0.0000,1.42234,-0.02793,-2.63660,1.09385,1.57084,0.11672,-0.12757,-0.48158,0.02780,,,,,,,,,,,,,,,,,,,,,,,,,,0,0,0,0,0
11.1487,1783969862.9154,1,1,0.5000,-0.0000,1.42234,-0.02793,-2.63660,1.09385,1.57084,0.11672,-0.12757,-0.48158,0.02780,,,,,,,,,,,,,,,,,,,,,,,,,,0,0,0,0,0
11.1489,1783969862.9157,1,1,0.5000,-0.0000,1.42234,-0.02793,-2.63660,1.09385,1.57084,0.11672,-0.12757,-0.48158,0.02780,,,,,,,,,,,,,,,,,,,,,,,,,,0,0,0,0,0
11.1658,1783969862.9326,1,1,0.5000,-0.0000,1.42234,-0.02793,-2.63660,1.09385,1.57084,0.11672,-0.12757,-0.48158,0.02780,,,,,,,,,,,,,,,,,,,,,,,,,,0,0,0,0,0
11.1707,1783969862.9374,1,1,0.5000,-0.0000,1.42234,-0.02793,-2.63660,1.09385,1.57084,0.11672,-0.12757,-0.48158,0.02780,,,,,,,,,,,,,,,,,,,,,,,,,,0,0,0,0,0
11.1806,1783969862.9473,1,1,0.5000,-0.0000,1.42234,-0.02793,-2.63660,1.09385,1.57084,0.11672,-0.12757,-0.48158,0.02780,,,,,,,,,,,,,,,,,,,,,,,,,,0,0,0,0,0
11.1908,1783969862.9575,1,1,0.5000,-0.0000,1.42234,-0.02793,-2.63662,1.09386,1.57084,0.11672,-0.12757,-0.48157,0.02780,,,,,,,,,,,,,,,,,,,,,,,,,,0,0,0,0,0
11.1999,1783969862.9667,1,1,0.5000,-0.0000,1.42234,-0.02794,-2.63663,1.09387,1.57084,0.11671,-0.12757,-0.48156,0.02779,,,,,,,,,,,,,,,,,,,,,,,,,,0,0,0,0,0
11.2137,1783969862.9804,1,1,0.5000,-0.0000,1.42234,-0.02794,-2.63665,1.09387,1.57084,0.11671,-0.12757,-0.48155,0.02778,,,,,,,,,,,,,,,,,,,,,,,,,,0,0,0,0,0
11.2264,1783969862.9932,1,1,0.5000,-0.0000,1.42234,-0.02798,-2.63669,1.09392,1.57084,0.11671,-0.12757,-0.48152,0.02775,,,,,,,,,,,,,,,,,,,,,,,,,,0,0,0,0,0
11.2290,1783969862.9957,1,1,0.5000,-0.0000,1.42234,-0.02798,-2.63669,1.09392,1.57084,0.11671,-0.12757,-0.48152,0.02775,,,,,,,,,,,,,,,,,,,,,,,,,,0,0,0,0,0
11.2411,1783969863.0079,1,1,0.5000,-0.0000,1.42234,-0.02802,-2.63673,1.09396,1.57084,0.11671,-0.12758,-0.48150,0.02772,,,,,,,,,,,,,,,,,,,,,,,,,,0,0,0,0,0
11.2481,1783969863.0149,1,1,0.5000,-0.0000,1.42234,-0.02803,-2.63674,1.09398,1.57084,0.11671,-0.12758,-0.48149,0.02772,,,,,,,,,,,,,,,,,,,,,,,,,,0,0,0,0,0
11.2707,1783969863.0374,1,1,0.5000,-0.0000,1.42234,-0.02811,-2.63678,1.09407,1.57084,0.11671,-0.12758,-0.48147,0.02768,,,,,,,,,,,,,,,,,,,,,,,,,,0,0,0,0,0
11.2711,1783969863.0379,1,1,0.5000,-0.0000,1.42234,-0.02811,-2.63678,1.09407,1.57084,0.11671,-0.12758,-0.48147,0.02768,,,,,,,,,,,,,,,,,,,,,,,,,,0,0,0,0,0
11.2742,1783969863.0410,1,1,0.5000,-0.0000,1.42234,-0.02814,-2.63679,1.09410,1.57084,0.11671,-0.12758,-0.48147,0.02767,,,,,,,,,,,,,,,,,,,,,,,,,,0,0,0,0,0
11.2745,1783969863.0413,1,1,0.5000,-0.0000,1.42234,-0.02814,-2.63679,1.09410,1.57084,0.11671,-0.12758,-0.48147,0.02767,,,,,,,,,,,,,,,,,,,,,,,,,,0,0,0,0,0
11.2802,1783969863.0470,1,1,0.5000,-0.0000,1.42234,-0.02817,-2.63680,1.09414,1.57084,0.11671,-0.12758,-0.48147,0.02766,,,,,,,,,,,,,,,,,,,,,,,,,,0,0,0,0,0
11.2805,1783969863.0473,1,1,0.5000,-0.0000,1.42234,-0.02817,-2.63680,1.09414,1.57084,0.11671,-0.12758,-0.48147,0.02766,,,,,,,,,,,,,,,,,,,,,,,,,,0,0,0,0,0
11.2879,1783969863.0547,1,1,0.5000,-0.0000,1.42234,-0.02825,-2.63682,1.09424,1.57084,0.11671,-0.12758,-0.48146,0.02763,,,,,,,,,,,,,,,,,,,,,,,,,,0,0,0,0,0
11.2986,1783969863.0654,1,1,0.5000,-0.0000,1.42234,-0.02831,-2.63684,1.09430,1.57084,0.11671,-0.12758,-0.48146,0.02761,,,,,,,,,,,,,,,,,,,,,,,,,,0,0,0,0,0
11.2991,1783969863.0658,1,1,0.5000,-0.0000,1.42234,-0.02831,-2.63684,1.09430,1.57084,0.11671,-0.12758,-0.48146,0.02761,,,,,,,,,,,,,,,,,,,,,,,,,,0,0,0,0,0
11.3106,1783969863.0774,1,1,0.5000,-0.0000,1.42234,-0.02839,-2.63685,1.09439,1.57084,0.11671,-0.12758,-0.48146,0.02758,,,,,,,,,,,,,,,,,,,,,,,,,,0,0,0,0,0
11.3109,1783969863.0777,1,1,0.5000,-0.0000,1.42234,-0.02839,-2.63685,1.09439,1.57084,0.11671,-0.12758,-0.48146,0.02758,,,,,,,,,,,,,,,,,,,,,,,,,,0,0,0,0,0
11.3203,1783969863.0871,1,1,0.5000,-0.0000,1.42234,-0.02848,-2.63687,1.09450,1.57084,0.11671,-0.12758,-0.48146,0.02755,,,,,,,,,,,,,,,,,,,,,,,,,,0,0,0,0,0
11.3293,1783969863.0960,1,1,0.5000,-0.0000,1.42234,-0.02853,-2.63688,1.09456,1.57084,0.11671,-0.12758,-0.48146,0.02753,,,,,,,,,,,,,,,,,,,,,,,,,,0,0,0,0,0
11.3715,1783969863.1383,1,1,0.5000,-0.0000,1.42234,-0.02895,-2.63694,1.09507,1.57084,0.11671,-0.12758,-0.48148,0.02740,,,,,,,,,,,,,,,,,,,,,,,,,,0,0,0,0,0
11.4956,1783969863.2624,1,1,0.5000,-0.0000,1.42234,-0.02910,-2.63696,1.09526,1.57084,0.11671,-0.12758,-0.48149,0.02736,,,,,,,,,,,,,,,,,,,,,,,,,,0,0,0,0,0
11.5051,1783969863.2719,1,1,0.5000,-0.0000,1.42234,-0.02910,-2.63696,1.09526,1.57084,0.11671,-0.12758,-0.48149,0.02736,,,,,,,,,,,,,,,,,,,,,,,,,,0,0,0,0,0
11.5064,1783969863.2732,1,1,0.5000,-0.0000,1.42234,-0.02910,-2.63696,1.09526,1.57084,0.11671,-0.12758,-0.48149,0.02736,,,,,,,,,,,,,,,,,,,,,,,,,,0,0,0,0,0
11.5066,1783969863.2734,1,1,0.5000,-0.0000,1.42234,-0.02910,-2.63696,1.09526,1.57084,0.11671,-0.12758,-0.48149,0.02736,,,,,,,,,,,,,,,,,,,,,,,,,,0,0,0,0,0
11.5145,1783969863.2813,1,1,0.5000,-0.0000,1.42234,-0.02910,-2.63696,1.09526,1.57084,0.11671,-0.12758,-0.48149,0.02736,,,,,,,,,,,,,,,,,,,,,,,,,,0,0,0,0,0
11.5187,1783969863.2855,1,1,0.5000,-0.0000,1.42234,-0.02910,-2.63696,1.09526,1.57084,0.11671,-0.12758,-0.48149,0.02736,,,,,,,,,,,,,,,,,,,,,,,,,,0,0,0,0,0
11.5191,1783969863.2859,1,1,0.5000,-0.0000,1.42234,-0.02910,-2.63696,1.09526,1.57084,0.11671,-0.12758,-0.48149,0.02736,,,,,,,,,,,,,,,,,,,,,,,,,,0,0,0,0,0
11.5216,1783969863.2884,1,1,0.5000,-0.0000,1.42234,-0.02910,-2.63696,1.09526,1.57084,0.11671,-0.12758,-0.48149,0.02736,,,,,,,,,,,,,,,,,,,,,,,,,,0,0,0,0,0
11.5219,1783969863.2887,1,1,0.5000,-0.0000,1.42234,-0.02910,-2.63696,1.09526,1.57084,0.11671,-0.12758,-0.48149,0.02736,,,,,,,,,,,,,,,,,,,,,,,,,,0,0,0,0,0
11.5248,1783969863.2916,1,1,0.5000,-0.0000,1.42234,-0.02910,-2.63696,1.09526,1.57084,0.11671,-0.12758,-0.48149,0.02736,,,,,,,,,,,,,,,,,,,,,,,,,,0,0,0,0,0
11.5252,1783969863.2920,1,1,0.5000,-0.0000,1.42234,-0.02910,-2.63696,1.09526,1.57084,0.11671,-0.12758,-0.48149,0.02736,,,,,,,,,,,,,,,,,,,,,,,,,,0,0,0,0,0
11.5255,1783969863.2923,1,1,0.5000,-0.0000,1.42234,-0.02910,-2.63696,1.09526,1.57084,0.11671,-0.12758,-0.48149,0.02736,,,,,,,,,,,,,,,,,,,,,,,,,,0,0,0,0,0
11.5305,1783969863.2973,1,1,0.5000,-0.0000,1.42234,-0.02910,-2.63696,1.09526,1.57084,0.11671,-0.12758,-0.48149,0.02736,,,,,,,,,,,,,,,,,,,,,,,,,,0,0,0,0,0
11.5314,1783969863.2982,1,1,0.5000,-0.0000,1.42234,-0.02910,-2.63696,1.09526,1.57084,0.11671,-0.12758,-0.48149,0.02736,,,,,,,,,,,,,,,,,,,,,,,,,,0,0,0,0,0
11.5317,1783969863.2985,1,1,0.5000,-0.0000,1.42234,-0.02910,-2.63696,1.09526,1.57084,0.11671,-0.12758,-0.48149,0.02736,,,,,,,,,,,,,,,,,,,,,,,,,,0,0,0,0,0
11.5353,1783969863.3021,1,1,0.5000,-0.0000,1.42234,-0.02910,-2.63696,1.09526,1.57084,0.11671,-0.12758,-0.48149,0.02736,,,,,,,,,,,,,,,,,,,,,,,,,,0,0,0,0,0
11.5356,1783969863.3024,1,1,0.5000,-0.0000,1.42234,-0.02910,-2.63696,1.09526,1.57084,0.11671,-0.12758,-0.48149,0.02736,,,,,,,,,,,,,,,,,,,,,,,,,,0,0,0,0,0
11.5421,1783969863.3088,1,1,0.5000,-0.0000,1.42234,-0.02910,-2.63696,1.09526,1.57084,0.11671,-0.12758,-0.48149,0.02736,,,,,,,,,,,,,,,,,,,,,,,,,,0,0,0,0,0
11.5428,1783969863.3095,1,1,0.5000,-0.0000,1.42234,-0.02910,-2.63696,1.09526,1.57084,0.11671,-0.12758,-0.48149,0.02736,,,,,,,,,,,,,,,,,,,,,,,,,,0,0,0,0,0
11.5523,1783969863.3191,1,1,0.5000,-0.0000,1.42234,-0.02910,-2.63696,1.09526,1.57084,0.11671,-0.12758,-0.48149,0.02736,,,,,,,,,,,,,,,,,,,,,,,,,,0,0,0,0,0
11.5600,1783969863.3268,1,1,0.5000,-0.0000,1.42234,-0.02910,-2.63696,1.09526,1.57084,0.11671,-0.12758,-0.48149,0.02736,,,,,,,,,,,,,,,,,,,,,,,,,,0,0,0,0,0
11.5886,1783969863.3554,1,1,0.5000,-0.0000,1.42234,-0.02910,-2.63696,1.09526,1.57084,0.11671,-0.12758,-0.48149,0.02736,,,,,,,,,,,,,,,,,,,,,,,,,,0,0,0,0,0
11.5906,1783969863.3574,1,1,0.5000,-0.0000,1.42234,-0.02910,-2.63696,1.09526,1.57084,0.11671,-0.12758,-0.48149,0.02736,,,,,,,,,,,,,,,,,,,,,,,,,,0,0,0,0,0
11.5987,1783969863.3655,1,1,0.5000,-0.0000,1.42234,-0.02910,-2.63696,1.09526,1.57084,0.11671,-0.12758,-0.48149,0.02736,,,,,,,,,,,,,,,,,,,,,,,,,,0,0,0,0,0
11.5990,1783969863.3658,1,1,0.5000,-0.0000,1.42234,-0.02910,-2.63696,1.09526,1.57084,0.11671,-0.12758,-0.48149,0.02736,,,,,,,,,,,,,,,,,,,,,,,,,,0,0,0,0,0
11.6093,1783969863.3761,1,1,0.5000,-0.0000,1.42234,-0.02911,-2.63696,1.09526,1.57084,0.11671,-0.12758,-0.48149,0.02736,,,,,,,,,,,,,,,,,,,,,,,,,,0,0,0,0,0
11.6200,1783969863.3868,1,1,0.5000,-0.0000,1.42234,-0.02912,-2.63696,1.09529,1.57085,0.11671,-0.12758,-0.48149,0.02736,,,,,,,,,,,,,,,,,,,,,,,,,,0,0,0,0,0
11.6205,1783969863.3872,1,1,0.5000,-0.0000,1.42234,-0.02912,-2.63696,1.09529,1.57085,0.11671,-0.12758,-0.48149,0.02736,,,,,,,,,,,,,,,,,,,,,,,,,,0,0,0,0,0
11.6323,1783969863.3991,1,1,0.5000,-0.0000,1.42234,-0.02913,-2.63696,1.09530,1.57085,0.11671,-0.12758,-0.48149,0.02735,,,,,,,,,,,,,,,,,,,,,,,,,,0,0,0,0,0
11.6406,1783969863.4074,1,1,0.5000,-0.0000,1.42234,-0.02915,-2.63698,1.09533,1.57085,0.11671,-0.12758,-0.48148,0.02734,,,,,,,,,,,,,,,,,,,,,,,,,,0,0,0,0,0
11.6510,1783969863.4177,1,1,0.5000,-0.0000,1.42234,-0.02921,-2.63703,1.09540,1.57085,0.11671,-0.12758,-0.48146,0.02731,,,,,,,,,,,,,,,,,,,,,,,,,,0,0,0,0,0
11.6640,1783969863.4308,1,1,0.5000,-0.0000,1.42234,-0.02923,-2.63703,1.09541,1.57085,0.11671,-0.12758,-0.48146,0.02730,,,,,,,,,,,,,,,,,,,,,,,,,,0,0,0,0,0
11.6797,1783969863.4465,1,1,0.5000,-0.0000,1.42234,-0.02932,-2.63707,1.09551,1.57085,0.11671,-0.12758,-0.48144,0.02726,,,,,,,,,,,,,,,,,,,,,,,,,,0,0,0,0,0
11.6843,1783969863.4511,1,1,0.5000,-0.0000,1.42234,-0.02934,-2.63708,1.09554,1.57085,0.11671,-0.12759,-0.48143,0.02725,,,,,,,,,,,,,,,,,,,,,,,,,,0,0,0,0,0
11.6933,1783969863.4601,1,1,0.5000,-0.0000,1.42234,-0.02935,-2.63708,1.09555,1.57085,0.11671,-0.12759,-0.48143,0.02725,,,,,,,,,,,,,,,,,,,,,,,,,,0,0,0,0,0
11.6979,1783969863.4647,1,1,0.5000,-0.0000,1.42234,-0.02936,-2.63708,1.09557,1.57085,0.11671,-0.12759,-0.48143,0.02724,,,,,,,,,,,,,,,,,,,,,,,,,,0,0,0,0,0
11.7080,1783969863.4748,1,1,0.5000,-0.0000,1.42234,-0.02945,-2.63710,1.09567,1.57085,0.11671,-0.12759,-0.48143,0.02721,,,,,,,,,,,,,,,,,,,,,,,,,,0,0,0,0,0
11.7189,1783969863.4857,1,1,0.5000,-0.0000,1.42234,-0.02948,-2.63711,1.09570,1.57085,0.11671,-0.12758,-0.48143,0.02721,,,,,,,,,,,,,,,,,,,,,,,,,,0,0,0,0,0
11.7363,1783969863.5031,1,1,0.5000,-0.0000,1.42234,-0.02965,-2.63713,1.09591,1.57085,0.11671,-0.12758,-0.48144,0.02715,,,,,,,,,,,,,,,,,,,,,,,,,,0,0,0,0,0
11.7449,1783969863.5116,1,1,0.5000,-0.0000,1.42234,-0.02977,-2.63715,1.09605,1.57085,0.11671,-0.12758,-0.48144,0.02711,,,,,,,,,,,,,,,,,,,,,,,,,,0,0,0,0,0
11.7452,1783969863.5120,1,1,0.5000,-0.0000,1.42234,-0.02977,-2.63715,1.09605,1.57085,0.11671,-0.12758,-0.48144,0.02711,,,,,,,,,,,,,,,,,,,,,,,,,,0,0,0,0,0
11.7612,1783969863.5280,1,1,0.5000,-0.0000,1.42234,-0.02981,-2.63715,1.09609,1.57085,0.11671,-0.12758,-0.48145,0.02710,,,,,,,,,,,,,,,,,,,,,,,,,,0,0,0,0,0
11.7660,1783969863.5327,1,1,0.5000,-0.0000,1.42234,-0.02984,-2.63716,1.09613,1.57085,0.11671,-0.12758,-0.48145,0.02709,,,,,,,,,,,,,,,,,,,,,,,,,,0,0,0,0,0
11.7667,1783969863.5335,1,1,0.5000,-0.0000,1.42234,-0.02988,-2.63716,1.09617,1.57085,0.11671,-0.12758,-0.48145,0.02708,,,,,,,,,,,,,,,,,,,,,,,,,,0,0,0,0,0
11.7689,1783969863.5356,1,1,0.5000,-0.0000,1.42234,-0.02988,-2.63716,1.09617,1.57085,0.11671,-0.12758,-0.48145,0.02708,,,,,,,,,,,,,,,,,,,,,,,,,,0,0,0,0,0
11.7814,1783969863.5482,1,1,0.5000,-0.0000,1.42234,-0.02996,-2.63717,1.09626,1.57085,0.11671,-0.12758,-0.48145,0.02706,,,,,,,,,,,,,,,,,,,,,,,,,,0,0,0,0,0
11.7906,1783969863.5573,1,1,0.5000,-0.0000,1.42234,-0.02999,-2.63717,1.09630,1.57085,0.11671,-0.12758,-0.48146,0.02705,,,,,,,,,,,,,,,,,,,,,,,,,,0,0,0,0,0
11.7983,1783969863.5651,1,1,0.5000,-0.0000,1.42234,-0.03002,-2.63717,1.09633,1.57085,0.11671,-0.12758,-0.48146,0.02704,,,,,,,,,,,,,,,,,,,,,,,,,,0,0,0,0,0
11.8090,1783969863.5758,1,1,0.5000,-0.0000,1.42234,-0.03011,-2.63717,1.09645,1.57085,0.11671,-0.12758,-0.48148,0.02702,,,,,,,,,,,,,,,,,,,,,,,,,,0,0,0,0,0
11.8185,1783969863.5853,1,1,0.5000,-0.0000,1.42234,-0.03022,-2.63716,1.09659,1.57085,0.11671,-0.12757,-0.48151,0.02700,,,,,,,,,,,,,,,,,,,,,,,,,,0,0,0,0,0
11.8299,1783969863.5967,1,1,0.5000,-0.0000,1.42233,-0.03029,-2.63715,1.09667,1.57085,0.11671,-0.12757,-0.48153,0.02699,,,,,,,,,,,,,,,,,,,,,,,,,,0,0,0,0,0
11.8387,1783969863.6055,1,1,0.5000,-0.0000,1.42233,-0.03035,-2.63712,1.09675,1.57085,0.11671,-0.12756,-0.48156,0.02699,,,,,,,,,,,,,,,,,,,,,,,,,,0,0,0,0,0
11.8484,1783969863.6152,1,1,0.5000,-0.0000,1.42233,-0.03035,-2.63712,1.09675,1.57085,0.11671,-0.12756,-0.48156,0.02699,,,,,,,,,,,,,,,,,,,,,,,,,,0,0,0,0,0
11.8601,1783969863.6269,1,1,0.5000,-0.0000,1.42233,-0.03035,-2.63712,1.09675,1.57085,0.11671,-0.12756,-0.48156,0.02699,,,,,,,,,,,,,,,,,,,,,,,,,,0,0,0,0,0
11.8694,1783969863.6362,1,1,0.5000,-0.0000,1.42233,-0.03035,-2.63712,1.09675,1.57085,0.11671,-0.12756,-0.48156,0.02699,,,,,,,,,,,,,,,,,,,,,,,,,,0,0,0,0,0
11.8698,1783969863.6365,1,1,0.5000,-0.0000,1.42233,-0.03035,-2.63712,1.09675,1.57085,0.11671,-0.12756,-0.48156,0.02699,,,,,,,,,,,,,,,,,,,,,,,,,,0,0,0,0,0
11.8832,1783969863.6500,1,1,0.5000,-0.0000,1.42233,-0.03035,-2.63712,1.09675,1.57085,0.11671,-0.12756,-0.48156,0.02699,,,,,,,,,,,,,,,,,,,,,,,,,,0,0,0,0,0
11.8942,1783969863.6610,1,1,0.5000,-0.0000,1.42233,-0.03035,-2.63712,1.09675,1.57085,0.11671,-0.12756,-0.48156,0.02699,,,,,,,,,,,,,,,,,,,,,,,,,,0,0,0,0,0
11.9040,1783969863.6708,1,1,0.5000,-0.0000,1.42233,-0.03035,-2.63712,1.09675,1.57085,0.11671,-0.12756,-0.48156,0.02699,,,,,,,,,,,,,,,,,,,,,,,,,,0,0,0,0,0
11.9115,1783969863.6783,1,1,0.5000,-0.0000,1.42233,-0.03035,-2.63712,1.09675,1.57085,0.11671,-0.12756,-0.48156,0.02699,,,,,,,,,,,,,,,,,,,,,,,,,,0,0,0,0,0
11.9211,1783969863.6879,1,1,0.5000,-0.0000,1.42233,-0.03035,-2.63712,1.09675,1.57085,0.11671,-0.12756,-0.48156,0.02699,,,,,,,,,,,,,,,,,,,,,,,,,,0,0,0,0,0
11.9298,1783969863.6966,1,1,0.5000,-0.0000,1.42233,-0.03035,-2.63712,1.09675,1.57085,0.11671,-0.12756,-0.48156,0.02699,,,,,,,,,,,,,,,,,,,,,,,,,,0,0,0,0,0
11.9396,1783969863.7063,1,1,0.5000,-0.0000,1.42233,-0.03035,-2.63712,1.09675,1.57085,0.11671,-0.12756,-0.48156,0.02699,,,,,,,,,,,,,,,,,,,,,,,,,,0,0,0,0,0
11.9401,1783969863.7068,1,1,0.5000,-0.0000,1.42233,-0.03035,-2.63712,1.09675,1.57085,0.11671,-0.12756,-0.48156,0.02699,,,,,,,,,,,,,,,,,,,,,,,,,,0,0,0,0,0
11.9558,1783969863.7226,1,1,0.5000,-0.0000,1.42233,-0.03035,-2.63712,1.09675,1.57085,0.11671,-0.12756,-0.48156,0.02699,,,,,,,,,,,,,,,,,,,,,,,,,,0,0,0,0,0
11.9627,1783969863.7295,1,1,0.5000,-0.0000,1.42233,-0.03035,-2.63712,1.09675,1.57085,0.11671,-0.12756,-0.48156,0.02699,,,,,,,,,,,,,,,,,,,,,,,,,,0,0,0,0,0
11.9710,1783969863.7378,1,1,0.5000,-0.0000,1.42233,-0.03035,-2.63712,1.09675,1.57085,0.11671,-0.12756,-0.48156,0.02699,,,,,,,,,,,,,,,,,,,,,,,,,,0,0,0,0,0
11.9952,1783969863.7620,1,1,0.5000,-0.0000,1.42233,-0.03035,-2.63712,1.09675,1.57085,0.11671,-0.12756,-0.48156,0.02699,,,,,,,,,,,,,,,,,,,,,,,,,,0,0,0,0,0
11.9956,1783969863.7624,1,1,0.5000,-0.0000,1.42233,-0.03035,-2.63712,1.09675,1.57085,0.11671,-0.12756,-0.48156,0.02699,,,,,,,,,,,,,,,,,,,,,,,,,,0,0,0,0,0
11.9997,1783969863.7665,1,1,0.5000,-0.0000,1.42233,-0.03035,-2.63712,1.09675,1.57085,0.11671,-0.12756,-0.48156,0.02699,,,,,,,,,,,,,,,,,,,,,,,,,,0,0,0,0,0
12.0005,1783969863.7673,1,1,0.5000,-0.0000,1.42233,-0.03035,-2.63712,1.09675,1.57085,0.11671,-0.12756,-0.48156,0.02699,,,,,,,,,,,,,,,,,,,,,,,,,,0,0,0,0,0
12.0153,1783969863.7820,1,1,0.5000,-0.0000,1.42233,-0.03035,-2.63712,1.09675,1.57085,0.11671,-0.12756,-0.48156,0.02699,,,,,,,,,,,,,,,,,,,,,,,,,,0,0,0,0,0
12.0230,1783969863.7898,1,1,0.5000,-0.0000,1.42233,-0.03035,-2.63712,1.09675,1.57085,0.11671,-0.12756,-0.48156,0.02699,,,,,,,,,,,,,,,,,,,,,,,,,,0,0,0,0,0
12.0339,1783969863.8007,1,1,0.5000,-0.0000,1.42233,-0.03035,-2.63713,1.09676,1.57085,0.11671,-0.12757,-0.48155,0.02699,,,,,,,,,,,,,,,,,,,,,,,,,,0,0,0,0,0
12.0430,1783969863.8097,1,1,0.5000,-0.0000,1.42233,-0.03036,-2.63714,1.09677,1.57085,0.11671,-0.12757,-0.48154,0.02698,,,,,,,,,,,,,,,,,,,,,,,,,,0,0,0,0,0
12.0432,1783969863.8100,1,1,0.5000,-0.0000,1.42233,-0.03036,-2.63714,1.09677,1.57085,0.11671,-0.12757,-0.48154,0.02698,,,,,,,,,,,,,,,,,,,,,,,,,,0,0,0,0,0
12.0517,1783969863.8185,1,1,0.5000,-0.0000,1.42233,-0.03036,-2.63715,1.09677,1.57085,0.11671,-0.12757,-0.48154,0.02698,,,,,,,,,,,,,,,,,,,,,,,,,,0,0,0,0,0
12.0715,1783969863.8383,1,1,0.5000,-0.0000,1.42233,-0.03041,-2.63720,1.09684,1.57085,0.11671,-0.12757,-0.48151,0.02694,,,,,,,,,,,,,,,,,,,,,,,,,,0,0,0,0,0
12.0723,1783969863.8391,1,1,0.5000,-0.0000,1.42233,-0.03041,-2.63720,1.09684,1.57085,0.11671,-0.12757,-0.48151,0.02694,,,,,,,,,,,,,,,,,,,,,,,,,,0,0,0,0,0
12.0726,1783969863.8394,1,1,0.5000,-0.0000,1.42233,-0.03041,-2.63720,1.09684,1.57085,0.11671,-0.12757,-0.48151,0.02694,,,,,,,,,,,,,,,,,,,,,,,,,,0,0,0,0,0
12.0933,1783969863.8600,1,1,0.5000,-0.0000,1.42233,-0.03052,-2.63731,1.09696,1.57085,0.11671,-0.12758,-0.48144,0.02686,,,,,,,,,,,,,,,,,,,,,,,,,,0,0,0,0,0
12.1001,1783969863.8669,1,1,0.5000,-0.0000,1.42233,-0.03058,-2.63736,1.09703,1.57085,0.11671,-0.12759,-0.48141,0.02683,,,,,,,,,,,,,,,,,,,,,,,,,,0,0,0,0,0
12.1010,1783969863.8678,1,1,0.5000,-0.0000,1.42233,-0.03058,-2.63736,1.09703,1.57085,0.11671,-0.12759,-0.48141,0.02683,,,,,,,,,,,,,,,,,,,,,,,,,,0,0,0,0,0
12.1094,1783969863.8762,1,1,0.5000,-0.0000,1.42233,-0.03061,-2.63738,1.09706,1.57085,0.11671,-0.12759,-0.48140,0.02681,,,,,,,,,,,,,,,,,,,,,,,,,,0,0,0,0,0
12.1257,1783969863.8925,1,1,0.5000,0.0342,1.42233,-0.03066,-2.63738,1.09712,1.57085,0.11671,-0.12759,-0.48141,0.02680,,,,,,,,,,,,,,,,,,,,,,,,,,0,0,0,0,0
12.1313,1783969863.8981,1,1,0.5000,0.7058,1.42233,-0.03071,-2.63738,1.09718,1.57085,0.11671,-0.12759,-0.48141,0.02678,,,,,,,,,,,,,,,,,,,,,,,,,,0,0,0,0,0
12.2148,1783969863.9815,1,1,0.5000,0.1241,1.42233,-0.03120,-2.63741,1.09778,1.57085,0.11671,-0.12758,-0.48147,0.02666,,,,,,,,,,,,,,,,,,,,,,,,,,0,0,0,0,0
12.2179,1783969863.9847,1,1,0.5000,0.0211,1.42233,-0.03120,-2.63741,1.09778,1.57085,0.11671,-0.12758,-0.48147,0.02666,,,,,,,,,,,,,,,,,,,,,,,,,,0,0,0,0,0
12.2183,1783969863.9851,1,1,0.5000,0.0104,1.42233,-0.03120,-2.63741,1.09778,1.57085,0.11671,-0.12758,-0.48147,0.02666,,,,,,,,,,,,,,,,,,,,,,,,,,0,0,0,0,0
12.2307,1783969863.9975,1,1,0.5000,0.0013,1.42233,-0.03132,-2.63740,1.09793,1.57085,0.11671,-0.12757,-0.48149,0.02663,,,,,,,,,,,,,,,,,,,,,,,,,,0,0,0,0,0
12.2419,1783969864.0087,1,1,0.5000,0.0003,1.42233,-0.03145,-2.63740,1.09809,1.57085,0.11671,-0.12757,-0.48152,0.02661,,,,,,,,,,,,,,,,,,,,,,,,,,0,0,0,0,0
12.2423,1783969864.0090,1,1,0.5000,0.0003,1.42233,-0.03145,-2.63740,1.09809,1.57085,0.11671,-0.12757,-0.48152,0.02661,,,,,,,,,,,,,,,,,,,,,,,,,,0,0,0,0,0
12.2535,1783969864.0203,1,1,0.5000,0.0001,1.42233,-0.03154,-2.63738,1.09821,1.57085,0.11671,-0.12756,-0.48155,0.02659,,,,,,,,,,,,,,,,,,,,,,,,,,0,0,0,0,0
12.2601,1783969864.0268,1,1,0.5000,0.0821,1.42233,-0.03156,-2.63737,1.09823,1.57085,0.11671,-0.12756,-0.48156,0.02659,,,,,,,,,,,,,,,,,,,,,,,,,,0,0,0,0,0
12.2725,1783969864.0393,1,1,0.5000,0.2907,1.42233,-0.03156,-2.63737,1.09823,1.57085,0.11671,-0.12756,-0.48156,0.02659,,,,,,,,,,,,,,,,,,,,,,,,,,0,0,0,0,0
12.2796,1783969864.0463,1,1,0.5000,0.1802,1.42233,-0.03156,-2.63737,1.09823,1.57085,0.11671,-0.12756,-0.48156,0.02659,,,,,,,,,,,,,,,,,,,,,,,,,,0,0,0,0,0
12.2799,1783969864.0467,1,1,0.5000,0.1491,1.42233,-0.03156,-2.63737,1.09823,1.57085,0.11671,-0.12756,-0.48156,0.02659,,,,,,,,,,,,,,,,,,,,,,,,,,0,0,0,0,0
12.2942,1783969864.0609,1,1,0.5000,0.0472,1.42233,-0.03156,-2.63737,1.09823,1.57085,0.11671,-0.12756,-0.48156,0.02659,,,,,,,,,,,,,,,,,,,,,,,,,,0,0,0,0,0
12.3029,1783969864.0697,1,1,0.5000,0.0124,1.42233,-0.03156,-2.63737,1.09823,1.57085,0.11671,-0.12756,-0.48156,0.02659,,,,,,,,,,,,,,,,,,,,,,,,,,0,0,0,0,0
12.3106,1783969864.0774,1,1,0.5000,0.0068,1.42233,-0.03156,-2.63737,1.09823,1.57085,0.11671,-0.12756,-0.48156,0.02659,,,,,,,,,,,,,,,,,,,,,,,,,,0,0,0,0,0
12.3112,1783969864.0780,1,1,0.5000,0.0039,1.42233,-0.03156,-2.63737,1.09823,1.57085,0.11671,-0.12756,-0.48156,0.02659,,,,,,,,,,,,,,,,,,,,,,,,,,0,0,0,0,0
12.3202,1783969864.0870,1,1,0.5000,0.0015,1.42233,-0.03156,-2.63737,1.09823,1.57085,0.11671,-0.12756,-0.48156,0.02659,,,,,,,,,,,,,,,,,,,,,,,,,,0,0,0,0,0
12.3353,1783969864.1021,1,1,0.5000,0.0007,1.42233,-0.03156,-2.63737,1.09823,1.57085,0.11671,-0.12756,-0.48156,0.02659,,,,,,,,,,,,,,,,,,,,,,,,,,0,0,0,0,0
12.3392,1783969864.1059,1,1,0.5000,0.0270,1.42233,-0.03156,-2.63737,1.09823,1.57085,0.11671,-0.12756,-0.48156,0.02659,,,,,,,,,,,,,,,,,,,,,,,,,,0,0,0,0,0
12.3498,1783969864.1166,1,1,0.5000,0.0263,1.42233,-0.03156,-2.63737,1.09823,1.57085,0.11671,-0.12756,-0.48156,0.02659,,,,,,,,,,,,,,,,,,,,,,,,,,0,0,0,0,0
12.3502,1783969864.1170,1,1,0.5000,0.0231,1.42233,-0.03156,-2.63737,1.09823,1.57085,0.11671,-0.12756,-0.48156,0.02659,,,,,,,,,,,,,,,,,,,,,,,,,,0,0,0,0,0
12.3598,1783969864.1266,1,1,0.5000,0.0167,1.42233,-0.03156,-2.63737,1.09823,1.57085,0.11671,-0.12756,-0.48156,0.02659,,,,,,,,,,,,,,,,,,,,,,,,,,0,0,0,0,0
12.3758,1783969864.1426,1,1,0.5000,0.0107,1.42233,-0.03156,-2.63737,1.09823,1.57085,0.11671,-0.12756,-0.48156,0.02659,,,,,,,,,,,,,,,,,,,,,,,,,,0,0,0,0,0
12.3830,1783969864.1498,1,1,0.5000,0.0066,1.42233,-0.03156,-2.63737,1.09823,1.57085,0.11671,-0.12756,-0.48156,0.02659,,,,,,,,,,,,,,,,,,,,,,,,,,0,0,0,0,0
12.4058,1783969864.1726,1,1,0.5000,0.0280,1.42233,-0.03156,-2.63737,1.09823,1.57085,0.11671,-0.12756,-0.48156,0.02659,,,,,,,,,,,,,,,,,,,,,,,,,,0,0,0,0,0
12.4150,1783969864.1818,1,1,0.5000,0.8512,1.42233,-0.03156,-2.63737,1.09823,1.57085,0.11671,-0.12756,-0.48156,0.02659,,,,,,,,,,,,,,,,,,,,,,,,,,0,0,0,0,0
12.4154,1783969864.1822,1,1,0.5000,0.8032,1.42233,-0.03156,-2.63737,1.09823,1.57085,0.11671,-0.12756,-0.48156,0.02659,,,,,,,,,,,,,,,,,,,,,,,,,,0,0,0,0,0
12.4233,1783969864.1901,1,1,0.5000,0.3120,1.42233,-0.03156,-2.63737,1.09823,1.57085,0.11671,-0.12756,-0.48156,0.02659,,,,,,,,,,,,,,,,,,,,,,,,,,0,0,0,0,0
12.4349,1783969864.2017,1,1,0.5000,0.0290,1.42233,-0.03156,-2.63737,1.09823,1.57085,0.11671,-0.12756,-0.48156,0.02659,,,,,,,,,,,,,,,,,,,,,,,,,,0,0,0,0,0
12.4435,1783969864.2103,1,1,0.5000,0.0033,1.42233,-0.03156,-2.63737,1.09823,1.57085,0.11671,-0.12756,-0.48156,0.02659,,,,,,,,,,,,,,,,,,,,,,,,,,0,0,0,0,0
12.4530,1783969864.2197,1,1,0.5000,0.0006,1.42233,-0.03156,-2.63737,1.09823,1.57085,0.11671,-0.12756,-0.48156,0.02659,,,,,,,,,,,,,,,,,,,,,,,,,,0,0,0,0,0
12.4627,1783969864.2295,1,1,0.5000,0.0001,1.42233,-0.03156,-2.63737,1.09823,1.57085,0.11671,-0.12756,-0.48156,0.02659,,,,,,,,,,,,,,,,,,,,,,,,,,0,0,0,0,0
12.4833,1783969864.2501,1,1,0.5000,0.0432,1.42233,-0.03156,-2.63737,1.09823,1.57085,0.11671,-0.12756,-0.48156,0.02659,,,,,,,,,,,,,,,,,,,,,,,,,,0,0,0,0,0
12.4855,1783969864.2523,1,1,0.5000,0.0764,1.42233,-0.03156,-2.63737,1.09823,1.57085,0.11671,-0.12756,-0.48156,0.02659,,,,,,,,,,,,,,,,,,,,,,,,,,0,0,0,0,0
12.5080,1783969864.2747,1,1,0.5000,0.0519,1.42233,-0.03156,-2.63737,1.09823,1.57085,0.11671,-0.12756,-0.48156,0.02659,,,,,,,,,,,,,,,,,,,,,,,,,,0,0,0,0,0
12.5111,1783969864.2779,1,1,0.5000,0.0278,1.42233,-0.03156,-2.63737,1.09823,1.57085,0.11671,-0.12756,-0.48156,0.02659,,,,,,,,,,,,,,,,,,,,,,,,,,0,0,0,0,0
12.5127,1783969864.2795,1,1,0.5000,0.0205,1.42233,-0.03156,-2.63737,1.09823,1.57085,0.11671,-0.12756,-0.48156,0.02659,,,,,,,,,,,,,,,,,,,,,,,,,,0,0,0,0,0
12.5131,1783969864.2799,1,1,0.5000,0.0129,1.42233,-0.03156,-2.63737,1.09823,1.57085,0.11671,-0.12756,-0.48156,0.02659,,,,,,,,,,,,,,,,,,,,,,,,,,0,0,0,0,0
12.5237,1783969864.2905,1,1,0.5000,0.0219,1.42233,-0.03156,-2.63737,1.09823,1.57085,0.11671,-0.12756,-0.48156,0.02659,,,,,,,,,,,,,,,,,,,,,,,,,,0,0,0,0,0
12.5354,1783969864.3022,1,1,0.5000,0.5104,1.42233,-0.03156,-2.63737,1.09823,1.57085,0.11671,-0.12756,-0.48156,0.02659,,,,,,,,,,,,,,,,,,,,,,,,,,0,0,0,0,0
12.5457,1783969864.3125,1,1,0.5000,0.8034,1.42233,-0.03156,-2.63737,1.09823,1.57085,0.11671,-0.12756,-0.48156,0.02659,,,,,,,,,,,,,,,,,,,,,,,,,,0,0,0,0,0
12.5505,1783969864.3173,1,1,0.5000,0.7422,1.42233,-0.03156,-2.63737,1.09823,1.57085,0.11671,-0.12756,-0.48156,0.02659,,,,,,,,,,,,,,,,,,,,,,,,,,0,0,0,0,0
12.5511,1783969864.3179,1,1,0.5000,0.4969,1.42233,-0.03156,-2.63737,1.09823,1.57085,0.11671,-0.12756,-0.48156,0.02659,,,,,,,,,,,,,,,,,,,,,,,,,,0,0,0,0,0
12.5640,1783969864.3308,1,1,0.5000,0.0787,1.42233,-0.03156,-2.63737,1.09823,1.57085,0.11671,-0.12756,-0.48156,0.02659,,,,,,,,,,,,,,,,,,,,,,,,,,0,0,0,0,0
12.5767,1783969864.3435,1,1,0.5000,0.0081,1.42233,-0.03156,-2.63737,1.09823,1.57085,0.11671,-0.12756,-0.48156,0.02659,,,,,,,,,,,,,,,,,,,,,,,,,,0,0,0,0,0
12.5792,1783969864.3459,1,1,0.5000,0.0036,1.42233,-0.03156,-2.63737,1.09823,1.57085,0.11671,-0.12756,-0.48156,0.02659,,,,,,,,,,,,,,,,,,,,,,,,,,0,0,0,0,0
12.5794,1783969864.3462,1,1,0.5000,0.0012,1.42233,-0.03156,-2.63737,1.09823,1.57085,0.11671,-0.12756,-0.48156,0.02659,,,,,,,,,,,,,,,,,,,,,,,,,,0,0,0,0,0
12.7112,1783969864.4780,1,1,0.5000,0.0003,1.42233,-0.03156,-2.63739,1.09824,1.57085,0.11671,-0.12756,-0.48154,0.02658,,,,,,,,,,,,,,,,,,,,,,,,,,0,0,0,0,0
12.7207,1783969864.4874,1,1,0.5000,0.0120,1.42233,-0.03156,-2.63740,1.09824,1.57085,0.11671,-0.12756,-0.48154,0.02658,,,,,,,,,,,,,,,,,,,,,,,,,,0,0,0,0,0
12.7239,1783969864.4907,1,1,0.5000,0.0711,1.42233,-0.03156,-2.63740,1.09824,1.57085,0.11671,-0.12756,-0.48154,0.02658,,,,,,,,,,,,,,,,,,,,,,,,,,0,0,0,0,0
12.7250,1783969864.4918,1,1,0.5000,0.0789,1.42233,-0.03156,-2.63740,1.09824,1.57085,0.11671,-0.12756,-0.48154,0.02658,,,,,,,,,,,,,,,,,,,,,,,,,,0,0,0,0,0
12.7255,1783969864.4923,1,1,0.5000,0.0450,1.42233,-0.03156,-2.63740,1.09824,1.57085,0.11671,-0.12756,-0.48154,0.02658,,,,,,,,,,,,,,,,,,,,,,,,,,0,0,0,0,0
12.7348,1783969864.5016,1,1,0.5000,0.0224,1.42233,-0.03156,-2.63741,1.09824,1.57085,0.11671,-0.12756,-0.48153,0.02658,,,,,,,,,,,,,,,,,,,,,,,,,,0,0,0,0,0
12.7450,1783969864.5118,1,1,0.5000,0.0186,1.42233,-0.03156,-2.63741,1.09824,1.57085,0.11671,-0.12756,-0.48153,0.02658,,,,,,,,,,,,,,,,,,,,,,,,,,0,0,0,0,0
12.7467,1783969864.5135,1,1,0.5000,0.3141,1.42233,-0.03156,-2.63741,1.09824,1.57085,0.11671,-0.12756,-0.48153,0.02658,,,,,,,,,,,,,,,,,,,,,,,,,,0,0,0,0,0
12.7531,1783969864.5199,1,1,0.5000,0.7160,1.42233,-0.03156,-2.63741,1.09824,1.57085,0.11671,-0.12756,-0.48153,0.02658,,,,,,,,,,,,,,,,,,,,,,,,,,0,0,0,0,0
12.7603,1783969864.5270,1,1,0.5000,0.5301,1.42233,-0.03156,-2.63741,1.09824,1.57085,0.11671,-0.12756,-0.48153,0.02658,,,,,,,,,,,,,,,,,,,,,,,,,,0,0,0,0,0
12.7640,1783969864.5308,1,1,0.5000,0.4227,1.42233,-0.03156,-2.63741,1.09824,1.57085,0.11671,-0.12756,-0.48153,0.02658,,,,,,,,,,,,,,,,,,,,,,,,,,0,0,0,0,0
12.7644,1783969864.5311,1,1,0.5000,0.0203,1.42233,-0.03156,-2.63741,1.09824,1.57085,0.11671,-0.12756,-0.48153,0.02658,,,,,,,,,,,,,,,,,,,,,,,,,,0,0,0,0,0
12.7727,1783969864.5394,1,1,0.5000,0.0028,1.42233,-0.03156,-2.63741,1.09824,1.57085,0.11671,-0.12756,-0.48153,0.02658,,,,,,,,,,,,,,,,,,,,,,,,,,0,0,0,0,0
12.7757,1783969864.5425,1,1,0.5000,0.0017,1.42233,-0.03156,-2.63741,1.09824,1.57085,0.11671,-0.12756,-0.48153,0.02658,,,,,,,,,,,,,,,,,,,,,,,,,,0,0,0,0,0
12.7761,1783969864.5429,1,1,0.5000,0.0006,1.42233,-0.03156,-2.63741,1.09824,1.57085,0.11671,-0.12756,-0.48153,0.02658,,,,,,,,,,,,,,,,,,,,,,,,,,0,0,0,0,0
12.7852,1783969864.5520,1,1,0.5000,0.0003,1.42233,-0.03156,-2.63741,1.09824,1.57085,0.11671,-0.12756,-0.48153,0.02658,,,,,,,,,,,,,,,,,,,,,,,,,,0,0,0,0,0
12.7855,1783969864.5523,1,1,0.5000,0.0002,1.42233,-0.03156,-2.63741,1.09824,1.57085,0.11671,-0.12756,-0.48153,0.02658,,,,,,,,,,,,,,,,,,,,,,,,,,0,0,0,0,0
12.7944,1783969864.5612,1,1,0.5000,0.0693,1.42233,-0.03156,-2.63741,1.09824,1.57085,0.11671,-0.12756,-0.48153,0.02658,,,,,,,,,,,,,,,,,,,,,,,,,,0,0,0,0,0
12.8162,1783969864.5830,1,1,0.5000,0.1687,1.42233,-0.03156,-2.63741,1.09824,1.57085,0.11671,-0.12756,-0.48153,0.02658,,,,,,,,,,,,,,,,,,,,,,,,,,0,0,0,0,0
12.8256,1783969864.5924,1,1,0.5000,0.1139,1.42233,-0.03156,-2.63741,1.09824,1.57085,0.11671,-0.12756,-0.48153,0.02658,,,,,,,,,,,,,,,,,,,,,,,,,,0,0,0,0,0
12.8450,1783969864.6118,1,1,0.5000,0.0580,1.42233,-0.03156,-2.63741,1.09824,1.57085,0.11671,-0.12756,-0.48153,0.02658,,,,,,,,,,,,,,,,,,,,,,,,,,0,0,0,0,0
12.8462,1783969864.6130,1,1,0.5000,0.0386,1.42233,-0.03156,-2.63741,1.09824,1.57085,0.11671,-0.12756,-0.48153,0.02658,,,,,,,,,,,,,,,,,,,,,,,,,,0,0,0,0,0
12.8467,1783969864.6135,1,1,0.5000,0.3005,1.42233,-0.03156,-2.63741,1.09824,1.57085,0.11671,-0.12756,-0.48153,0.02658,,,,,,,,,,,,,,,,,,,,,,,,,,0,0,0,0,0
12.8504,1783969864.6172,1,1,0.5000,0.6451,1.42233,-0.03156,-2.63741,1.09824,1.57085,0.11671,-0.12756,-0.48153,0.02658,,,,,,,,,,,,,,,,,,,,,,,,,,0,0,0,0,0
12.8511,1783969864.6178,1,1,0.5000,0.6578,1.42233,-0.03156,-2.63741,1.09824,1.57085,0.11671,-0.12756,-0.48153,0.02658,,,,,,,,,,,,,,,,,,,,,,,,,,0,0,0,0,0
12.8548,1783969864.6216,1,1,0.5000,0.7285,1.42233,-0.03156,-2.63741,1.09824,1.57085,0.11671,-0.12756,-0.48153,0.02658,,,,,,,,,,,,,,,,,,,,,,,,,,0,0,0,0,0
12.8791,1783969864.6459,1,1,0.5000,0.5290,1.42233,-0.03156,-2.63741,1.09824,1.57085,0.11671,-0.12756,-0.48153,0.02658,,,,,,,,,,,,,,,,,,,,,,,,,,0,0,0,0,0
12.8895,1783969864.6563,1,1,0.5000,0.1010,1.42233,-0.03156,-2.63741,1.09824,1.57085,0.11671,-0.12756,-0.48153,0.02658,,,,,,,,,,,,,,,,,,,,,,,,,,0,0,0,0,0
12.8930,1783969864.6598,1,1,0.5000,0.0373,1.42233,-0.03156,-2.63741,1.09824,1.57085,0.11671,-0.12756,-0.48153,0.02658,,,,,,,,,,,,,,,,,,,,,,,,,,0,0,0,0,0
12.8936,1783969864.6604,1,1,0.5000,0.0018,1.42233,-0.03156,-2.63741,1.09824,1.57085,0.11671,-0.12756,-0.48153,0.02658,,,,,,,,,,,,,,,,,,,,,,,,,,0,0,0,0,0
12.8941,1783969864.6609,1,1,0.5000,0.0013,1.42233,-0.03156,-2.63741,1.09824,1.57085,0.11671,-0.12756,-0.48153,0.02658,,,,,,,,,,,,,,,,,,,,,,,,,,0,0,0,0,0
12.8951,1783969864.6619,1,1,0.5000,0.1000,1.42233,-0.03156,-2.63741,1.09824,1.57085,0.11671,-0.12756,-0.48153,0.02658,,,,,,,,,,,,,,,,,,,,,,,,,,0,0,0,0,0
12.8990,1783969864.6658,1,1,0.5000,0.2333,1.42233,-0.03156,-2.63741,1.09824,1.57085,0.11671,-0.12756,-0.48153,0.02658,,,,,,,,,,,,,,,,,,,,,,,,,,0,0,0,0,0
12.8993,1783969864.6661,1,1,0.5000,0.2745,1.42233,-0.03156,-2.63741,1.09824,1.57085,0.11671,-0.12756,-0.48153,0.02658,,,,,,,,,,,,,,,,,,,,,,,,,,0,0,0,0,0
12.9109,1783969864.6777,1,1,0.5000,0.3341,1.42233,-0.03156,-2.63741,1.09824,1.57085,0.11671,-0.12756,-0.48153,0.02658,,,,,,,,,,,,,,,,,,,,,,,,,,0,0,0,0,0
12.9189,1783969864.6857,1,1,0.5000,0.3010,1.42233,-0.03156,-2.63741,1.09824,1.57085,0.11671,-0.12756,-0.48153,0.02658,,,,,,,,,,,,,,,,,,,,,,,,,,0,0,0,0,0
12.9304,1783969864.6972,1,1,0.5000,0.3507,1.42233,-0.03156,-2.63741,1.09824,1.57085,0.11671,-0.12756,-0.48153,0.02658,,,,,,,,,,,,,,,,,,,,,,,,,,0,0,0,0,0
12.9348,1783969864.7016,1,1,0.5000,0.4004,1.42233,-0.03156,-2.63741,1.09824,1.57085,0.11671,-0.12756,-0.48153,0.02658,,,,,,,,,,,,,,,,,,,,,,,,,,0,0,0,0,0
12.9363,1783969864.7031,1,1,0.5000,0.5036,1.42233,-0.03156,-2.63741,1.09824,1.57085,0.11671,-0.12756,-0.48153,0.02658,,,,,,,,,,,,,,,,,,,,,,,,,,0,0,0,0,0
12.9367,1783969864.7034,1,1,0.5000,0.7097,1.42233,-0.03156,-2.63741,1.09824,1.57085,0.11671,-0.12756,-0.48153,0.02658,,,,,,,,,,,,,,,,,,,,,,,,,,0,0,0,0,0
12.9483,1783969864.7150,1,1,0.5000,0.7142,1.42233,-0.03156,-2.63741,1.09824,1.57085,0.11671,-0.12756,-0.48153,0.02658,,,,,,,,,,,,,,,,,,,,,,,,,,0,0,0,0,0
12.9592,1783969864.7260,1,1,0.5000,0.5940,1.42233,-0.03156,-2.63741,1.09824,1.57085,0.11671,-0.12756,-0.48153,0.02658,,,,,,,,,,,,,,,,,,,,,,,,,,0,0,0,0,0
12.9596,1783969864.7264,1,1,0.5000,0.5645,1.42233,-0.03156,-2.63741,1.09824,1.57085,0.11671,-0.12756,-0.48153,0.02658,,,,,,,,,,,,,,,,,,,,,,,,,,0,0,0,0,0
12.9695,1783969864.7362,1,1,0.5000,0.2087,1.42233,-0.03156,-2.63741,1.09824,1.57085,0.11671,-0.12756,-0.48153,0.02658,,,,,,,,,,,,,,,,,,,,,,,,,,0,0,0,0,0
12.9725,1783969864.7393,1,1,0.5000,0.1815,1.42233,-0.03156,-2.63741,1.09824,1.57085,0.11671,-0.12756,-0.48153,0.02658,,,,,,,,,,,,,,,,,,,,,,,,,,0,0,0,0,0
12.9733,1783969864.7401,1,1,0.5000,0.0240,1.42233,-0.03156,-2.63741,1.09824,1.57085,0.11671,-0.12756,-0.48153,0.02658,,,,,,,,,,,,,,,,,,,,,,,,,,0,0,0,0,0
12.9805,1783969864.7473,1,1,0.5000,0.0028,1.42233,-0.03156,-2.63741,1.09824,1.57085,0.11671,-0.12756,-0.48153,0.02658,,,,,,,,,,,,,,,,,,,,,,,,,,0,0,0,0,0
12.9959,1783969864.7627,1,1,0.5000,0.0160,1.42233,-0.03156,-2.63741,1.09824,1.57085,0.11671,-0.12756,-0.48153,0.02658,,,,,,,,,,,,,,,,,,,,,,,,,,0,0,0,0,0
13.0411,1783969864.8079,1,1,0.5000,0.0687,1.42233,-0.03156,-2.63741,1.09824,1.57085,0.11671,-0.12756,-0.48153,0.02658,,,,,,,,,,,,,,,,,,,,,,,,,,0,0,0,0,0
13.0414,1783969864.8082,1,1,0.5000,0.0774,1.42233,-0.03156,-2.63741,1.09824,1.57085,0.11671,-0.12756,-0.48153,0.02658,,,,,,,,,,,,,,,,,,,,,,,,,,0,0,0,0,0
13.0491,1783969864.8158,1,1,0.5000,0.2110,1.42233,-0.03156,-2.63741,1.09824,1.57085,0.11671,-0.12756,-0.48153,0.02658,,,,,,,,,,,,,,,,,,,,,,,,,,0,0,0,0,0
13.0494,1783969864.8162,1,1,0.5000,0.2318,1.42233,-0.03156,-2.63741,1.09824,1.57085,0.11671,-0.12756,-0.48153,0.02658,,,,,,,,,,,,,,,,,,,,,,,,,,0,0,0,0,0
13.0548,1783969864.8216,1,1,0.5000,0.2743,1.42233,-0.03156,-2.63741,1.09824,1.57085,0.11671,-0.12756,-0.48153,0.02658,,,,,,,,,,,,,,,,,,,,,,,,,,0,0,0,0,0
13.0553,1783969864.8221,1,1,0.5000,0.3203,1.42233,-0.03156,-2.63741,1.09824,1.57085,0.11671,-0.12756,-0.48153,0.02658,,,,,,,,,,,,,,,,,,,,,,,,,,0,0,0,0,0
13.0790,1783969864.8457,1,1,0.5000,0.3203,1.42233,-0.03156,-2.63741,1.09824,1.57085,0.11671,-0.12756,-0.48153,0.02658,,,,,,,,,,,,,,,,,,,,,,,,,,0,0,0,0,0
13.0812,1783969864.8479,1,1,0.5000,0.3276,1.42233,-0.03156,-2.63741,1.09824,1.57085,0.11671,-0.12756,-0.48153,0.02658,,,,,,,,,,,,,,,,,,,,,,,,,,0,0,0,0,0
13.0842,1783969864.8510,1,1,0.5000,0.3894,1.42233,-0.03156,-2.63741,1.09824,1.57085,0.11671,-0.12756,-0.48153,0.02658,,,,,,,,,,,,,,,,,,,,,,,,,,0,0,0,0,0
13.0868,1783969864.8536,1,1,0.5000,0.4361,1.42233,-0.03156,-2.63741,1.09824,1.57085,0.11671,-0.12756,-0.48153,0.02658,,,,,,,,,,,,,,,,,,,,,,,,,,0,0,0,0,0
13.0870,1783969864.8538,1,1,0.5000,0.5611,1.42233,-0.03156,-2.63741,1.09824,1.57085,0.11671,-0.12756,-0.48153,0.02658,,,,,,,,,,,,,,,,,,,,,,,,,,0,0,0,0,0
13.1157,1783969864.8824,1,1,0.5000,0.5782,1.42233,-0.03156,-2.63741,1.09824,1.57085,0.11671,-0.12756,-0.48153,0.02658,,,,,,,,,,,,,,,,,,,,,,,,,,0,0,0,0,0
13.1218,1783969864.8886,1,1,0.5000,0.4930,1.42233,-0.03156,-2.63741,1.09824,1.57085,0.11671,-0.12756,-0.48153,0.02658,,,,,,,,,,,,,,,,,,,,,,,,,,0,0,0,0,0
13.1221,1783969864.8889,1,1,0.5000,0.4886,1.42233,-0.03156,-2.63741,1.09824,1.57085,0.11671,-0.12756,-0.48153,0.02658,,,,,,,,,,,,,,,,,,,,,,,,,,0,0,0,0,0
13.1250,1783969864.8918,1,1,0.5000,0.2069,1.42233,-0.03156,-2.63741,1.09824,1.57085,0.11671,-0.12756,-0.48153,0.02658,,,,,,,,,,,,,,,,,,,,,,,,,,0,0,0,0,0
13.1806,1783969864.9474,1,1,0.5000,0.0293,1.42233,-0.03157,-2.63741,1.09824,1.57085,0.11671,-0.12757,-0.48153,0.02657,,,,,,,,,,,,,,,,,,,,,,,,,,0,0,0,0,0
13.2447,1783969865.0115,1,1,0.5000,0.0038,1.42233,-0.03158,-2.63742,1.09824,1.57085,0.11671,-0.12757,-0.48152,0.02656,,,,,,,,,,,,,,,,,,,,,,,,,,0,0,0,0,0
13.2598,1783969865.0266,1,1,0.5000,0.0133,1.42233,-0.03158,-2.63742,1.09824,1.57085,0.11671,-0.12757,-0.48152,0.02656,,,,,,,,,,,,,,,,,,,,,,,,,,0,0,0,0,0
13.2819,1783969865.0487,1,1,0.5000,0.0723,1.42233,-0.03158,-2.63742,1.09824,1.57085,0.11671,-0.12757,-0.48152,0.02656,,,,,,,,,,,,,,,,,,,,,,,,,,0,0,0,0,0
13.4997,1783969865.2665,1,1,0.5000,0.2020,1.42233,-0.03158,-2.63742,1.09824,1.57085,0.11671,-0.12757,-0.48152,0.02656,,,,,,,,,,,,,,,,,,,,,,,,,,0,0,0,0,0
13.5098,1783969865.2766,1,1,0.5000,0.3130,1.42233,-0.03158,-2.63742,1.09824,1.57085,0.11671,-0.12757,-0.48152,0.02656,,,,,,,,,,,,,,,,,,,,,,,,,,0,0,0,0,0
13.5196,1783969865.2863,1,1,0.5000,0.3511,1.42233,-0.03158,-2.63742,1.09824,1.57085,0.11671,-0.12757,-0.48152,0.02656,,,,,,,,,,,,,,,,,,,,,,,,,,0,0,0,0,0
13.5214,1783969865.2882,1,1,0.5000,0.3910,1.42233,-0.03158,-2.63742,1.09824,1.57085,0.11671,-0.12757,-0.48152,0.02656,,,,,,,,,,,,,,,,,,,,,,,,,,0,0,0,0,0
13.5245,1783969865.2912,1,1,0.5000,0.4354,1.42233,-0.03158,-2.63742,1.09824,1.57085,0.11671,-0.12757,-0.48152,0.02656,,,,,,,,,,,,,,,,,,,,,,,,,,0,0,0,0,0
13.5304,1783969865.2972,1,1,0.5000,0.4342,1.42233,-0.03158,-2.63742,1.09824,1.57085,0.11671,-0.12757,-0.48152,0.02656,,,,,,,,,,,,,,,,,,,,,,,,,,0,0,0,0,0
13.5311,1783969865.2979,1,1,0.5000,0.5169,1.42233,-0.03158,-2.63742,1.09824,1.57085,0.11671,-0.12757,-0.48152,0.02656,,,,,,,,,,,,,,,,,,,,,,,,,,0,0,0,0,0
13.5351,1783969865.3019,1,1,0.5000,0.4844,1.42233,-0.03158,-2.63742,1.09824,1.57085,0.11671,-0.12757,-0.48152,0.02656,,,,,,,,,,,,,,,,,,,,,,,,,,0,0,0,0,0
13.5453,1783969865.3120,1,1,0.5000,0.4494,1.42233,-0.03158,-2.63742,1.09824,1.57085,0.11671,-0.12757,-0.48152,0.02656,,,,,,,,,,,,,,,,,,,,,,,,,,0,0,0,0,0
13.5520,1783969865.3188,1,1,0.5000,0.3126,1.42233,-0.03158,-2.63742,1.09824,1.57085,0.11671,-0.12757,-0.48152,0.02656,,,,,,,,,,,,,,,,,,,,,,,,,,0,0,0,0,0
13.5610,1783969865.3278,1,1,0.5000,0.1207,1.42233,-0.03158,-2.63742,1.09824,1.57085,0.11671,-0.12757,-0.48152,0.02656,,,,,,,,,,,,,,,,,,,,,,,,,,0,0,0,0,0
13.5697,1783969865.3365,1,1,0.5000,0.0595,1.42233,-0.03158,-2.63742,1.09824,1.57085,0.11671,-0.12757,-0.48152,0.02656,,,,,,,,,,,,,,,,,,,,,,,,,,0,0,0,0,0
13.5799,1783969865.3466,1,1,0.5000,0.0416,1.42233,-0.03158,-2.63742,1.09824,1.57085,0.11671,-0.12757,-0.48152,0.02656,,,,,,,,,,,,,,,,,,,,,,,,,,0,0,0,0,0
13.5865,1783969865.3532,1,1,0.5000,0.0782,1.42233,-0.03158,-2.63742,1.09824,1.57085,0.11671,-0.12757,-0.48152,0.02656,,,,,,,,,,,,,,,,,,,,,,,,,,0,0,0,0,0
13.5873,1783969865.3541,1,1,0.5000,0.1292,1.42233,-0.03158,-2.63742,1.09824,1.57085,0.11671,-0.12757,-0.48152,0.02656,,,,,,,,,,,,,,,,,,,,,,,,,,0,0,0,0,0
13.5914,1783969865.3582,1,1,0.5000,0.3955,1.42233,-0.03158,-2.63742,1.09824,1.57085,0.11671,-0.12757,-0.48152,0.02656,,,,,,,,,,,,,,,,,,,,,,,,,,0,0,0,0,0
13.5916,1783969865.3584,1,1,0.5000,0.4001,1.42233,-0.03158,-2.63742,1.09824,1.57085,0.11671,-0.12757,-0.48152,0.02656,,,,,,,,,,,,,,,,,,,,,,,,,,0,0,0,0,0
13.5957,1783969865.3625,1,1,0.5000,0.3994,1.42233,-0.03158,-2.63742,1.09824,1.57085,0.11671,-0.12757,-0.48152,0.02656,,,,,,,,,,,,,,,,,,,,,,,,,,0,0,0,0,0
13.5960,1783969865.3628,1,1,0.5000,0.3988,1.42233,-0.03158,-2.63742,1.09824,1.57085,0.11671,-0.12757,-0.48152,0.02656,,,,,,,,,,,,,,,,,,,,,,,,,,0,0,0,0,0
13.6040,1783969865.3707,1,1,0.5000,0.3978,1.42233,-0.03158,-2.63742,1.09824,1.57085,0.11671,-0.12757,-0.48152,0.02656,,,,,,,,,,,,,,,,,,,,,,,,,,0,0,0,0,0
13.6430,1783969865.4098,1,1,0.5000,0.4178,1.42233,-0.03158,-2.63742,1.09824,1.57085,0.11671,-0.12757,-0.48152,0.02656,,,,,,,,,,,,,,,,,,,,,,,,,,0,0,0,0,0
13.6512,1783969865.4180,1,1,0.5000,0.4002,1.42233,-0.03158,-2.63742,1.09824,1.57085,0.11671,-0.12757,-0.48152,0.02656,,,,,,,,,,,,,,,,,,,,,,,,,,0,0,0,0,0
13.6543,1783969865.4210,1,1,0.5000,0.3061,1.42233,-0.03158,-2.63742,1.09824,1.57085,0.11671,-0.12757,-0.48152,0.02656,,,,,,,,,,,,,,,,,,,,,,,,,,0,0,0,0,0
13.6612,1783969865.4280,1,1,0.5000,0.1477,1.42233,-0.03158,-2.63742,1.09824,1.57085,0.11671,-0.12757,-0.48152,0.02656,,,,,,,,,,,,,,,,,,,,,,,,,,0,0,0,0,0
13.6713,1783969865.4381,1,1,0.5000,0.0598,1.42233,-0.03159,-2.63742,1.09824,1.57085,0.11671,-0.12757,-0.48152,0.02656,,,,,,,,,,,,,,,,,,,,,,,,,,0,0,0,0,0
13.6759,1783969865.4427,1,1,0.5000,0.0506,1.42233,-0.03159,-2.63742,1.09824,1.57085,0.11671,-0.12757,-0.48152,0.02656,,,,,,,,,,,,,,,,,,,,,,,,,,0,0,0,0,0
13.6763,1783969865.4431,1,1,0.5000,0.0477,1.42233,-0.03159,-2.63742,1.09824,1.57085,0.11671,-0.12757,-0.48152,0.02656,,,,,,,,,,,,,,,,,,,,,,,,,,0,0,0,0,0
13.6853,1783969865.4520,1,1,0.5000,0.0751,1.42233,-0.03159,-2.63742,1.09824,1.57085,0.11671,-0.12757,-0.48152,0.02656,,,,,,,,,,,,,,,,,,,,,,,,,,0,0,0,0,0
13.7083,1783969865.4751,1,1,0.5000,0.1235,1.42233,-0.03159,-2.63742,1.09824,1.57085,0.11671,-0.12757,-0.48152,0.02656,,,,,,,,,,,,,,,,,,,,,,,,,,0,0,0,0,0
13.7104,1783969865.4772,1,1,0.5000,0.1479,1.42233,-0.03159,-2.63742,1.09824,1.57085,0.11671,-0.12757,-0.48152,0.02656,,,,,,,,,,,,,,,,,,,,,,,,,,0,0,0,0,0
13.7111,1783969865.4778,1,1,0.5000,0.3261,1.42233,-0.03159,-2.63742,1.09824,1.57085,0.11671,-0.12757,-0.48152,0.02656,,,,,,,,,,,,,,,,,,,,,,,,,,0,0,0,0,0
13.7183,1783969865.4851,1,1,0.5000,0.3619,1.42233,-0.03159,-2.63742,1.09824,1.57085,0.11671,-0.12757,-0.48152,0.02656,,,,,,,,,,,,,,,,,,,,,,,,,,0,0,0,0,0
13.7255,1783969865.4923,1,1,0.5000,0.4292,1.42233,-0.03159,-2.63742,1.09824,1.57085,0.11671,-0.12757,-0.48152,0.02656,,,,,,,,,,,,,,,,,,,,,,,,,,0,0,0,0,0
13.7262,1783969865.4929,1,1,0.5000,0.4287,1.42233,-0.03159,-2.63742,1.09824,1.57085,0.11671,-0.12757,-0.48152,0.02656,,,,,,,,,,,,,,,,,,,,,,,,,,0,0,0,0,0
13.7268,1783969865.4936,1,1,0.5000,0.4388,1.42233,-0.03159,-2.63742,1.09824,1.57085,0.11671,-0.12757,-0.48152,0.02656,,,,,,,,,,,,,,,,,,,,,,,,,,0,0,0,0,0
13.7284,1783969865.4952,1,1,0.5000,0.4468,1.42233,-0.03159,-2.63742,1.09824,1.57085,0.11671,-0.12757,-0.48152,0.02656,,,,,,,,,,,,,,,,,,,,,,,,,,0,0,0,0,0
13.7287,1783969865.4954,1,1,0.5000,0.4219,1.42233,-0.03159,-2.63742,1.09824,1.57085,0.11671,-0.12757,-0.48152,0.02656,,,,,,,,,,,,,,,,,,,,,,,,,,0,0,0,0,0
13.7293,1783969865.4961,1,1,0.5000,0.4171,1.42233,-0.03159,-2.63742,1.09824,1.57085,0.11671,-0.12757,-0.48152,0.02656,,,,,,,,,,,,,,,,,,,,,,,,,,0,0,0,0,0
13.7296,1783969865.4964,1,1,0.5000,0.4084,1.42233,-0.03159,-2.63742,1.09824,1.57085,0.11671,-0.12757,-0.48152,0.02656,,,,,,,,,,,,,,,,,,,,,,,,,,0,0,0,0,0
13.7321,1783969865.4989,1,1,0.5000,0.4032,1.42233,-0.03159,-2.63742,1.09824,1.57085,0.11671,-0.12757,-0.48152,0.02656,,,,,,,,,,,,,,,,,,,,,,,,,,0,0,0,0,0
13.7356,1783969865.5023,1,1,0.5000,0.4031,1.42233,-0.03159,-2.63742,1.09824,1.57085,0.11671,-0.12757,-0.48152,0.02656,,,,,,,,,,,,,,,,,,,,,,,,,,0,0,0,0,0
13.7358,1783969865.5026,1,1,0.5000,0.3912,1.42233,-0.03159,-2.63742,1.09824,1.57085,0.11671,-0.12757,-0.48152,0.02656,,,,,,,,,,,,,,,,,,,,,,,,,,0,0,0,0,0
13.7388,1783969865.5056,1,1,0.5000,0.2671,1.42233,-0.03159,-2.63742,1.09824,1.57085,0.11671,-0.12757,-0.48152,0.02656,,,,,,,,,,,,,,,,,,,,,,,,,,0,0,0,0,0
13.7414,1783969865.5081,1,1,0.5000,0.1497,1.42233,-0.03159,-2.63742,1.09824,1.57085,0.11671,-0.12757,-0.48152,0.02656,,,,,,,,,,,,,,,,,,,,,,,,,,0,0,0,0,0
13.7462,1783969865.5130,1,1,0.5000,0.1968,1.42233,-0.03159,-2.63742,1.09824,1.57085,0.11671,-0.12757,-0.48152,0.02656,,,,,,,,,,,,,,,,,,,,,,,,,,0,0,0,0,0
13.7494,1783969865.5161,1,1,0.5000,0.2501,1.42233,-0.03159,-2.63742,1.09824,1.57085,0.11671,-0.12757,-0.48152,0.02656,,,,,,,,,,,,,,,,,,,,,,,,,,0,0,0,0,0
13.7570,1783969865.5238,1,1,0.5000,0.4605,1.42233,-0.03159,-2.63742,1.09824,1.57085,0.11671,-0.12757,-0.48152,0.02656,,,,,,,,,,,,,,,,,,,,,,,,,,0,0,0,0,0
13.7670,1783969865.5337,1,1,0.5000,0.6179,1.42233,-0.03159,-2.63742,1.09824,1.57085,0.11671,-0.12757,-0.48152,0.02656,,,,,,,,,,,,,,,,,,,,,,,,,,0,0,0,0,0
13.7698,1783969865.5366,1,1,0.5000,0.6298,1.42233,-0.03159,-2.63742,1.09824,1.57085,0.11671,-0.12757,-0.48152,0.02656,,,,,,,,,,,,,,,,,,,,,,,,,,0,0,0,0,0
13.7701,1783969865.5369,1,1,0.5000,0.6089,1.42233,-0.03159,-2.63742,1.09824,1.57085,0.11671,-0.12757,-0.48152,0.02656,,,,,,,,,,,,,,,,,,,,,,,,,,0,0,0,0,0
13.7708,1783969865.5375,1,1,0.5000,0.5868,1.42233,-0.03159,-2.63742,1.09824,1.57085,0.11671,-0.12757,-0.48152,0.02656,,,,,,,,,,,,,,,,,,,,,,,,,,0,0,0,0,0
13.7762,1783969865.5429,1,1,0.5000,0.5506,1.42233,-0.03159,-2.63742,1.09824,1.57085,0.11671,-0.12757,-0.48152,0.02656,,,,,,,,,,,,,,,,,,,,,,,,,,0,0,0,0,0
13.7766,1783969865.5434,1,1,0.5000,0.5297,1.42233,-0.03159,-2.63742,1.09824,1.57085,0.11671,-0.12757,-0.48152,0.02656,,,,,,,,,,,,,,,,,,,,,,,,,,0,0,0,0,0
13.7887,1783969865.5555,1,1,0.5000,0.4685,1.42233,-0.03159,-2.63742,1.09824,1.57085,0.11671,-0.12757,-0.48152,0.02656,,,,,,,,,,,,,,,,,,,,,,,,,,0,0,0,0,0
13.7892,1783969865.5559,1,1,0.5000,0.3089,1.42233,-0.03159,-2.63742,1.09824,1.57085,0.11671,-0.12757,-0.48152,0.02656,,,,,,,,,,,,,,,,,,,,,,,,,,0,0,0,0,0
13.7902,1783969865.5570,1,1,0.5000,0.2719,1.42233,-0.03159,-2.63742,1.09824,1.57085,0.11671,-0.12757,-0.48152,0.02656,,,,,,,,,,,,,,,,,,,,,,,,,,0,0,0,0,0
13.7967,1783969865.5634,1,1,0.5000,0.1969,1.42233,-0.03159,-2.63742,1.09824,1.57085,0.11671,-0.12757,-0.48152,0.02656,,,,,,,,,,,,,,,,,,,,,,,,,,0,0,0,0,0
13.7970,1783969865.5637,1,1,0.5000,0.1915,1.42233,-0.03159,-2.63742,1.09824,1.57085,0.11671,-0.12757,-0.48152,0.02656,,,,,,,,,,,,,,,,,,,,,,,,,,0,0,0,0,0
13.7993,1783969865.5660,1,1,0.5000,0.1795,1.42233,-0.03159,-2.63742,1.09824,1.57085,0.11671,-0.12757,-0.48152,0.02656,,,,,,,,,,,,,,,,,,,,,,,,,,0,0,0,0,0
13.8017,1783969865.5684,1,1,0.5000,0.1796,1.42233,-0.03159,-2.63742,1.09824,1.57085,0.11671,-0.12757,-0.48152,0.02656,,,,,,,,,,,,,,,,,,,,,,,,,,0,0,0,0,0
13.8021,1783969865.5689,1,1,0.5000,0.2053,1.42233,-0.03159,-2.63742,1.09824,1.57085,0.11671,-0.12757,-0.48152,0.02656,,,,,,,,,,,,,,,,,,,,,,,,,,0,0,0,0,0
13.8116,1783969865.5783,1,1,0.5000,0.2614,1.42233,-0.03159,-2.63742,1.09824,1.57085,0.11671,-0.12757,-0.48152,0.02656,,,,,,,,,,,,,,,,,,,,,,,,,,0,0,0,0,0
13.8206,1783969865.5873,1,1,0.5000,0.3681,1.42233,-0.03159,-2.63742,1.09824,1.57085,0.11671,-0.12757,-0.48152,0.02656,,,,,,,,,,,,,,,,,,,,,,,,,,0,0,0,0,0
13.8214,1783969865.5881,1,1,0.5000,0.4341,1.42233,-0.03159,-2.63742,1.09824,1.57085,0.11671,-0.12757,-0.48152,0.02656,,,,,,,,,,,,,,,,,,,,,,,,,,0,0,0,0,0
13.8280,1783969865.5947,1,1,0.5000,0.5380,1.42233,-0.03159,-2.63742,1.09824,1.57085,0.11671,-0.12757,-0.48152,0.02656,,,,,,,,,,,,,,,,,,,,,,,,,,0,0,0,0,0
13.8298,1783969865.5966,1,1,0.5000,0.6060,1.42233,-0.03159,-2.63742,1.09824,1.57085,0.11671,-0.12757,-0.48152,0.02656,,,,,,,,,,,,,,,,,,,,,,,,,,0,0,0,0,0
13.8311,1783969865.5979,1,1,0.5000,0.5453,1.42233,-0.03159,-2.63742,1.09824,1.57085,0.11671,-0.12757,-0.48152,0.02656,,,,,,,,,,,,,,,,,,,,,,,,,,0,0,0,0,0
13.8313,1783969865.5981,1,1,0.5000,0.5258,1.42233,-0.03159,-2.63742,1.09824,1.57085,0.11671,-0.12757,-0.48152,0.02656,,,,,,,,,,,,,,,,,,,,,,,,,,0,0,0,0,0
13.8316,1783969865.5983,1,1,0.5000,0.5192,1.42233,-0.03159,-2.63742,1.09824,1.57085,0.11671,-0.12757,-0.48152,0.02656,,,,,,,,,,,,,,,,,,,,,,,,,,0,0,0,0,0
13.8318,1783969865.5986,1,1,0.5000,0.4876,1.42233,-0.03159,-2.63742,1.09824,1.57085,0.11671,-0.12757,-0.48152,0.02656,,,,,,,,,,,,,,,,,,,,,,,,,,0,0,0,0,0
13.8400,1783969865.6068,1,1,0.5000,0.4173,1.42233,-0.03159,-2.63742,1.09824,1.57085,0.11671,-0.12757,-0.48152,0.02656,,,,,,,,,,,,,,,,,,,,,,,,,,0,0,0,0,0
13.8417,1783969865.6084,1,1,0.5000,0.3432,1.42233,-0.03159,-2.63742,1.09824,1.57085,0.11671,-0.12757,-0.48152,0.02656,,,,,,,,,,,,,,,,,,,,,,,,,,0,0,0,0,0
13.8420,1783969865.6088,1,1,0.5000,0.3335,1.42233,-0.03159,-2.63742,1.09824,1.57085,0.11671,-0.12757,-0.48152,0.02656,,,,,,,,,,,,,,,,,,,,,,,,,,0,0,0,0,0
13.8459,1783969865.6126,1,1,0.5000,0.2992,1.42233,-0.03159,-2.63742,1.09824,1.57085,0.11671,-0.12757,-0.48152,0.02656,,,,,,,,,,,,,,,,,,,,,,,,,,0,0,0,0,0
13.8472,1783969865.6140,1,1,0.5000,0.1588,1.42233,-0.03159,-2.63742,1.09824,1.57085,0.11671,-0.12757,-0.48152,0.02656,,,,,,,,,,,,,,,,,,,,,,,,,,0,0,0,0,0
13.8474,1783969865.6142,1,1,0.5000,0.1605,1.42233,-0.03159,-2.63742,1.09824,1.57085,0.11671,-0.12757,-0.48152,0.02656,,,,,,,,,,,,,,,,,,,,,,,,,,0,0,0,0,0
13.8477,1783969865.6145,1,1,0.5000,0.1885,1.42233,-0.03159,-2.63742,1.09824,1.57085,0.11671,-0.12757,-0.48152,0.02656,,,,,,,,,,,,,,,,,,,,,,,,,,0,0,0,0,0
13.8484,1783969865.6152,1,1,0.5000,0.2166,1.42233,-0.03159,-2.63742,1.09824,1.57085,0.11671,-0.12757,-0.48152,0.02656,,,,,,,,,,,,,,,,,,,,,,,,,,0,0,0,0,0
13.8487,1783969865.6155,1,1,0.5000,0.2893,1.42233,-0.03159,-2.63742,1.09824,1.57085,0.11671,-0.12757,-0.48152,0.02656,,,,,,,,,,,,,,,,,,,,,,,,,,0,0,0,0,0
13.8511,1783969865.6178,1,1,0.5000,0.4230,1.42233,-0.03159,-2.63742,1.09824,1.57085,0.11671,-0.12757,-0.48152,0.02656,,,,,,,,,,,,,,,,,,,,,,,,,,0,0,0,0,0
13.8522,1783969865.6189,1,1,0.5000,0.5025,1.42233,-0.03159,-2.63742,1.09824,1.57085,0.11671,-0.12757,-0.48152,0.02656,,,,,,,,,,,,,,,,,,,,,,,,,,0,0,0,0,0
13.8525,1783969865.6193,1,1,0.5000,0.4783,1.42233,-0.03159,-2.63742,1.09824,1.57085,0.11671,-0.12757,-0.48152,0.02656,,,,,,,,,,,,,,,,,,,,,,,,,,0,0,0,0,0
13.8591,1783969865.6258,1,1,0.5000,0.5588,1.42233,-0.03159,-2.63742,1.09824,1.57085,0.11671,-0.12757,-0.48152,0.02656,,,,,,,,,,,,,,,,,,,,,,,,,,0,0,0,0,0
13.8611,1783969865.6279,1,1,0.5000,0.5278,1.42233,-0.03159,-2.63742,1.09824,1.57085,0.11671,-0.12757,-0.48152,0.02656,,,,,,,,,,,,,,,,,,,,,,,,,,0,0,0,0,0
13.8615,1783969865.6283,1,1,0.5000,0.4807,1.42233,-0.03159,-2.63742,1.09824,1.57085,0.11671,-0.12757,-0.48152,0.02656,,,,,,,,,,,,,,,,,,,,,,,,,,0,0,0,0,0
13.8692,1783969865.6360,1,1,0.5000,0.4652,1.42233,-0.03159,-2.63742,1.09824,1.57085,0.11671,-0.12757,-0.48152,0.02656,,,,,,,,,,,,,,,,,,,,,,,,,,0,0,0,0,0
13.8806,1783969865.6474,1,1,0.5000,0.4179,1.42233,-0.03159,-2.63742,1.09824,1.57085,0.11671,-0.12757,-0.48152,0.02656,,,,,,,,,,,,,,,,,,,,,,,,,,0,0,0,0,0
13.8936,1783969865.6604,1,1,0.5000,0.3727,1.42233,-0.03159,-2.63742,1.09824,1.57085,0.11671,-0.12757,-0.48152,0.02656,,,,,,,,,,,,,,,,,,,,,,,,,,0,0,0,0,0
13.8964,1783969865.6632,1,1,0.5000,0.3286,1.42233,-0.03159,-2.63742,1.09824,1.57085,0.11671,-0.12757,-0.48152,0.02656,,,,,,,,,,,,,,,,,,,,,,,,,,0,0,0,0,0
13.8989,1783969865.6656,1,1,0.5000,0.2903,1.42233,-0.03159,-2.63742,1.09824,1.57085,0.11671,-0.12757,-0.48152,0.02656,,,,,,,,,,,,,,,,,,,,,,,,,,0,0,0,0,0
13.8992,1783969865.6660,1,1,0.5000,0.2472,1.42233,-0.03159,-2.63742,1.09824,1.57085,0.11671,-0.12757,-0.48152,0.02656,,,,,,,,,,,,,,,,,,,,,,,,,,0,0,0,0,0
13.9018,1783969865.6685,1,1,0.5000,0.2459,1.42233,-0.03159,-2.63742,1.09824,1.57085,0.11671,-0.12757,-0.48152,0.02656,,,,,,,,,,,,,,,,,,,,,,,,,,0,0,0,0,0
13.9021,1783969865.6689,1,1,0.5000,0.2150,1.42233,-0.03159,-2.63742,1.09824,1.57085,0.11671,-0.12757,-0.48152,0.02656,,,,,,,,,,,,,,,,,,,,,,,,,,0,0,0,0,0
13.9161,1783969865.6828,1,1,0.5000,0.1958,1.42233,-0.03159,-2.63742,1.09824,1.57085,0.11671,-0.12757,-0.48152,0.02656,,,,,,,,,,,,,,,,,,,,,,,,,,0,0,0,0,0
13.9391,1783969865.7059,1,1,0.5000,0.2349,1.42233,-0.03159,-2.63742,1.09824,1.57085,0.11671,-0.12757,-0.48152,0.02656,,,,,,,,,,,,,,,,,,,,,,,,,,0,0,0,0,0
13.9488,1783969865.7156,1,1,0.5000,0.2869,1.42233,-0.03159,-2.63742,1.09824,1.57085,0.11671,-0.12757,-0.48152,0.02656,,,,,,,,,,,,,,,,,,,,,,,,,,0,0,0,0,0
13.9551,1783969865.7219,1,1,0.5000,0.3947,1.42233,-0.03159,-2.63742,1.09824,1.57085,0.11671,-0.12757,-0.48152,0.02656,,,,,,,,,,,,,,,,,,,,,,,,,,0,0,0,0,0
13.9618,1783969865.7286,1,1,0.5000,0.5128,1.42233,-0.03159,-2.63742,1.09824,1.57085,0.11671,-0.12757,-0.48152,0.02656,,,,,,,,,,,,,,,,,,,,,,,,,,0,0,0,0,0
13.9622,1783969865.7289,1,1,0.5000,0.5261,1.42233,-0.03159,-2.63742,1.09824,1.57085,0.11671,-0.12757,-0.48152,0.02656,,,,,,,,,,,,,,,,,,,,,,,,,,0,0,0,0,0
13.9686,1783969865.7353,1,1,0.5000,0.5019,1.42233,-0.03159,-2.63742,1.09824,1.57085,0.11671,-0.12757,-0.48152,0.02656,,,,,,,,,,,,,,,,,,,,,,,,,,0,0,0,0,0
13.9748,1783969865.7415,1,1,0.5000,0.4755,1.42233,-0.03159,-2.63742,1.09824,1.57085,0.11671,-0.12757,-0.48152,0.02656,,,,,,,,,,,,,,,,,,,,,,,,,,0,0,0,0,0
13.9905,1783969865.7573,1,1,0.5000,0.4347,1.42233,-0.03159,-2.63742,1.09824,1.57085,0.11671,-0.12757,-0.48152,0.02656,,,,,,,,,,,,,,,,,,,,,,,,,,0,0,0,0,0
14.0491,1783969865.8159,1,1,0.5000,0.4085,1.42233,-0.03159,-2.63742,1.09824,1.57085,0.11671,-0.12757,-0.48152,0.02656,,,,,,,,,,,,,,,,,,,,,,,,,,0,0,0,0,0
14.0494,1783969865.8162,1,1,0.5000,0.3836,1.42233,-0.03159,-2.63742,1.09824,1.57085,0.11671,-0.12757,-0.48152,0.02656,,,,,,,,,,,,,,,,,,,,,,,,,,0,0,0,0,0
14.0524,1783969865.8191,1,1,0.5000,0.3302,1.42233,-0.03159,-2.63742,1.09824,1.57085,0.11671,-0.12757,-0.48152,0.02656,,,,,,,,,,,,,,,,,,,,,,,,,,0,0,0,0,0
14.0528,1783969865.8195,1,1,0.5000,0.2627,1.42233,-0.03159,-2.63742,1.09824,1.57085,0.11671,-0.12757,-0.48152,0.02656,,,,,,,,,,,,,,,,,,,,,,,,,,0,0,0,0,0
14.0557,1783969865.8225,1,1,0.5000,0.2568,1.42233,-0.03159,-2.63742,1.09824,1.57085,0.11671,-0.12757,-0.48152,0.02656,,,,,,,,,,,,,,,,,,,,,,,,,,0,0,0,0,0
14.0561,1783969865.8229,1,1,0.5000,0.3051,1.42233,-0.03159,-2.63742,1.09824,1.57085,0.11671,-0.12757,-0.48152,0.02656,,,,,,,,,,,,,,,,,,,,,,,,,,0,0,0,0,0
14.0648,1783969865.8316,1,1,0.5000,0.3990,1.42233,-0.03159,-2.63742,1.09824,1.57085,0.11671,-0.12757,-0.48152,0.02656,,,,,,,,,,,,,,,,,,,,,,,,,,0,0,0,0,0
14.0749,1783969865.8417,1,1,0.5000,0.4916,1.42233,-0.03159,-2.63742,1.09824,1.57085,0.11671,-0.12757,-0.48152,0.02656,,,,,,,,,,,,,,,,,,,,,,,,,,0,0,0,0,0
14.0870,1783969865.8538,1,1,0.5000,0.4895,1.42233,-0.03159,-2.63742,1.09824,1.57085,0.11671,-0.12757,-0.48152,0.02656,,,,,,,,,,,,,,,,,,,,,,,,,,0,0,0,0,0
14.0943,1783969865.8611,1,1,0.5000,0.4768,1.42233,-0.03159,-2.63742,1.09824,1.57085,0.11671,-0.12757,-0.48152,0.02656,,,,,,,,,,,,,,,,,,,,,,,,,,0,0,0,0,0
14.0948,1783969865.8616,1,1,0.5000,0.4577,1.42233,-0.03159,-2.63742,1.09824,1.57085,0.11671,-0.12757,-0.48152,0.02656,,,,,,,,,,,,,,,,,,,,,,,,,,0,0,0,0,0
14.1082,1783969865.8750,1,1,0.5000,0.4354,1.42233,-0.03159,-2.63742,1.09824,1.57085,0.11671,-0.12757,-0.48152,0.02656,,,,,,,,,,,,,,,,,,,,,,,,,,0,0,0,0,0
14.1138,1783969865.8805,1,1,0.5000,0.4344,1.42233,-0.03159,-2.63742,1.09824,1.57085,0.11671,-0.12757,-0.48152,0.02656,,,,,,,,,,,,,,,,,,,,,,,,,,0,0,0,0,0
14.1140,1783969865.8808,1,1,0.5000,0.4046,1.42233,-0.03159,-2.63742,1.09824,1.57085,0.11671,-0.12757,-0.48152,0.02656,,,,,,,,,,,,,,,,,,,,,,,,,,0,0,0,0,0
14.1278,1783969865.8945,1,1,0.5000,0.3878,1.42233,-0.03159,-2.63742,1.09824,1.57085,0.11671,-0.12757,-0.48152,0.02656,,,,,,,,,,,,,,,,,,,,,,,,,,0,0,0,0,0
14.1382,1783969865.9050,1,1,0.5000,0.3639,1.42233,-0.03159,-2.63742,1.09824,1.57085,0.11671,-0.12757,-0.48152,0.02656,,,,,,,,,,,,,,,,,,,,,,,,,,0,0,0,0,0
14.1385,1783969865.9053,1,1,0.5000,0.3416,1.42233,-0.03159,-2.63742,1.09824,1.57085,0.11671,-0.12757,-0.48152,0.02656,,,,,,,,,,,,,,,,,,,,,,,,,,0,0,0,0,0
14.1501,1783969865.9168,1,1,0.5000,0.3014,1.42233,-0.03159,-2.63742,1.09825,1.57085,0.11671,-0.12757,-0.48152,0.02656,,,,,,,,,,,,,,,,,,,,,,,,,,0,0,0,0,0
14.1539,1783969865.9207,1,1,0.5000,0.2482,1.42233,-0.03159,-2.63742,1.09825,1.57085,0.11671,-0.12757,-0.48152,0.02656,,,,,,,,,,,,,,,,,,,,,,,,,,0,0,0,0,0
14.1658,1783969865.9326,1,1,0.5000,0.2560,1.42233,-0.03159,-2.63742,1.09825,1.57085,0.11671,-0.12757,-0.48152,0.02656,,,,,,,,,,,,,,,,,,,,,,,,,,0,0,0,0,0
14.1796,1783969865.9464,1,1,0.5000,0.2799,1.42233,-0.03159,-2.63742,1.09825,1.57085,0.11671,-0.12757,-0.48152,0.02656,,,,,,,,,,,,,,,,,,,,,,,,,,0,0,0,0,0
14.1964,1783969865.9632,1,1,0.5000,0.3101,1.42233,-0.03159,-2.63742,1.09825,1.57085,0.11671,-0.12757,-0.48152,0.02656,,,,,,,,,,,,,,,,,,,,,,,,,,0,0,0,0,0
14.1968,1783969865.9636,1,1,0.5000,0.4049,1.42233,-0.03159,-2.63742,1.09825,1.57085,0.11671,-0.12757,-0.48152,0.02656,,,,,,,,,,,,,,,,,,,,,,,,,,0,0,0,0,0
14.2091,1783969865.9759,1,1,0.5000,0.4782,1.42233,-0.03159,-2.63742,1.09825,1.57085,0.11671,-0.12757,-0.48152,0.02656,,,,,,,,,,,,,,,,,,,,,,,,,,0,0,0,0,0
14.2153,1783969865.9821,1,1,0.5000,0.4948,1.42233,-0.03159,-2.63742,1.09825,1.57085,0.11671,-0.12757,-0.48152,0.02656,,,,,,,,,,,,,,,,,,,,,,,,,,0,0,0,0,0
14.2156,1783969865.9824,1,1,0.5000,0.4882,1.42233,-0.03159,-2.63742,1.09825,1.57085,0.11671,-0.12757,-0.48152,0.02656,,,,,,,,,,,,,,,,,,,,,,,,,,0,0,0,0,0
14.2237,1783969865.9905,1,1,0.5000,0.4485,1.42233,-0.03159,-2.63742,1.09825,1.57085,0.11671,-0.12757,-0.48152,0.02656,,,,,,,,,,,,,,,,,,,,,,,,,,0,0,0,0,0
14.2375,1783969866.0043,1,1,0.5000,0.4273,1.42233,-0.03159,-2.63742,1.09825,1.57085,0.11671,-0.12757,-0.48152,0.02656,,,,,,,,,,,,,,,,,,,,,,,,,,0,0,0,0,0
14.2468,1783969866.0135,1,1,0.5000,0.4275,1.42233,-0.03159,-2.63742,1.09825,1.57085,0.11671,-0.12757,-0.48152,0.02656,,,,,,,,,,,,,,,,,,,,,,,,,,0,0,0,0,0
14.2588,1783969866.0256,1,1,0.5000,0.3911,1.42233,-0.03159,-2.63742,1.09825,1.57085,0.11671,-0.12757,-0.48152,0.02656,,,,,,,,,,,,,,,,,,,,,,,,,,0,0,0,0,0
14.2692,1783969866.0360,1,1,0.5000,0.3526,1.42233,-0.03159,-2.63742,1.09825,1.57085,0.11671,-0.12757,-0.48152,0.02656,,,,,,,,,,,,,,,,,,,,,,,,,,0,0,0,0,0
14.2758,1783969866.0426,1,1,0.5000,0.3203,1.42233,-0.03159,-2.63742,1.09825,1.57085,0.11671,-0.12757,-0.48152,0.02656,,,,,,,,,,,,,,,,,,,,,,,,,,0,0,0,0,0
14.2852,1783969866.0519,1,1,0.5000,0.2741,1.42233,-0.03159,-2.63742,1.09825,1.57085,0.11671,-0.12757,-0.48152,0.02656,,,,,,,,,,,,,,,,,,,,,,,,,,0,0,0,0,0
14.2955,1783969866.0623,1,1,0.5000,0.2739,1.42233,-0.03159,-2.63742,1.09825,1.57085,0.11671,-0.12757,-0.48152,0.02656,,,,,,,,,,,,,,,,,,,,,,,,,,0,0,0,0,0
14.3062,1783969866.0729,1,1,0.5000,0.2850,1.42233,-0.03159,-2.63742,1.09825,1.57085,0.11671,-0.12757,-0.48152,0.02656,,,,,,,,,,,,,,,,,,,,,,,,,,0,0,0,0,0
14.3188,1783969866.0856,1,1,0.5000,0.3177,1.42233,-0.03159,-2.63742,1.09825,1.57085,0.11671,-0.12757,-0.48152,0.02656,,,,,,,,,,,,,,,,,,,,,,,,,,0,0,0,0,0
14.3269,1783969866.0937,1,1,0.5000,0.3905,1.42233,-0.03159,-2.63742,1.09825,1.57085,0.11671,-0.12757,-0.48152,0.02656,,,,,,,,,,,,,,,,,,,,,,,,,,0,0,0,0,0
14.3273,1783969866.0940,1,1,0.5000,0.4016,1.42233,-0.03159,-2.63742,1.09825,1.57085,0.11671,-0.12757,-0.48152,0.02656,,,,,,,,,,,,,,,,,,,,,,,,,,0,0,0,0,0
14.3395,1783969866.1063,1,1,0.5000,0.4471,1.42233,-0.03159,-2.63742,1.09825,1.57085,0.11671,-0.12757,-0.48152,0.02656,,,,,,,,,,,,,,,,,,,,,,,,,,0,0,0,0,0
14.3445,1783969866.1113,1,1,0.5000,0.4628,1.42233,-0.03159,-2.63742,1.09825,1.57085,0.11671,-0.12757,-0.48152,0.02656,,,,,,,,,,,,,,,,,,,,,,,,,,0,0,0,0,0
14.3555,1783969866.1222,1,1,0.5000,0.4551,1.42233,-0.03159,-2.63742,1.09825,1.57085,0.11671,-0.12757,-0.48152,0.02656,,,,,,,,,,,,,,,,,,,,,,,,,,0,0,0,0,0
14.3817,1783969866.1485,1,1,0.5000,0.4527,1.42233,-0.03159,-2.63742,1.09825,1.57085,0.11671,-0.12757,-0.48152,0.02656,,,,,,,,,,,,,,,,,,,,,,,,,,0,0,0,0,0
14.3827,1783969866.1494,1,1,0.5000,0.4407,1.42233,-0.03159,-2.63742,1.09825,1.57085,0.11671,-0.12757,-0.48152,0.02656,,,,,,,,,,,,,,,,,,,,,,,,,,0,0,0,0,0
14.3841,1783969866.1509,1,1,0.5000,0.4184,1.42233,-0.03159,-2.63742,1.09825,1.57085,0.11671,-0.12757,-0.48152,0.02656,,,,,,,,,,,,,,,,,,,,,,,,,,0,0,0,0,0
14.3845,1783969866.1513,1,1,0.5000,0.3496,1.42233,-0.03159,-2.63742,1.09825,1.57085,0.11671,-0.12757,-0.48152,0.02656,,,,,,,,,,,,,,,,,,,,,,,,,,0,0,0,0,0
14.4071,1783969866.1739,1,1,0.5000,0.3323,1.42233,-0.03159,-2.63742,1.09825,1.57085,0.11671,-0.12757,-0.48152,0.02656,,,,,,,,,,,,,,,,,,,,,,,,,,0,0,0,0,0
14.4086,1783969866.1754,1,1,0.5000,0.3251,1.42233,-0.03159,-2.63742,1.09825,1.57085,0.11671,-0.12757,-0.48152,0.02656,,,,,,,,,,,,,,,,,,,,,,,,,,0,0,0,0,0
14.4090,1783969866.1758,1,1,0.5000,0.3139,1.42233,-0.03159,-2.63742,1.09825,1.57085,0.11671,-0.12757,-0.48152,0.02656,,,,,,,,,,,,,,,,,,,,,,,,,,0,0,0,0,0
14.4205,1783969866.1873,1,1,0.5000,0.3025,1.42233,-0.03159,-2.63742,1.09825,1.57085,0.11671,-0.12757,-0.48152,0.02656,,,,,,,,,,,,,,,,,,,,,,,,,,0,0,0,0,0
14.4256,1783969866.1923,1,1,0.5000,0.2773,1.42233,-0.03159,-2.63742,1.09825,1.57085,0.11671,-0.12757,-0.48152,0.02656,,,,,,,,,,,,,,,,,,,,,,,,,,0,0,0,0,0
14.4460,1783969866.2128,1,1,0.5000,0.2709,1.42233,-0.03159,-2.63742,1.09825,1.57085,0.11671,-0.12757,-0.48152,0.02656,,,,,,,,,,,,,,,,,,,,,,,,,,0,0,0,0,0
14.4463,1783969866.2131,1,1,0.5000,0.2967,1.42233,-0.03159,-2.63742,1.09825,1.57085,0.11671,-0.12757,-0.48152,0.02656,,,,,,,,,,,,,,,,,,,,,,,,,,0,0,0,0,0
14.4546,1783969866.2214,1,1,0.5000,0.3572,1.42233,-0.03159,-2.63742,1.09825,1.57085,0.11671,-0.12757,-0.48152,0.02656,,,,,,,,,,,,,,,,,,,,,,,,,,0,0,0,0,0
14.4657,1783969866.2324,1,1,0.5000,0.4039,1.42233,-0.03159,-2.63742,1.09825,1.57085,0.11671,-0.12757,-0.48152,0.02656,,,,,,,,,,,,,,,,,,,,,,,,,,0,0,0,0,0
14.4661,1783969866.2329,1,1,0.5000,0.4066,1.42233,-0.03159,-2.63742,1.09825,1.57085,0.11671,-0.12757,-0.48152,0.02656,,,,,,,,,,,,,,,,,,,,,,,,,,0,0,0,0,0
14.4739,1783969866.2407,1,1,0.5000,0.4679,1.42233,-0.03159,-2.63742,1.09825,1.57085,0.11671,-0.12757,-0.48152,0.02656,,,,,,,,,,,,,,,,,,,,,,,,,,0,0,0,0,0
14.4869,1783969866.2536,1,1,0.5000,0.4389,1.42233,-0.03159,-2.63742,1.09825,1.57085,0.11671,-0.12757,-0.48152,0.02656,,,,,,,,,,,,,,,,,,,,,,,,,,0,0,0,0,0
14.5009,1783969866.2677,1,1,0.5000,0.4225,1.42233,-0.03159,-2.63742,1.09825,1.57085,0.11671,-0.12757,-0.48152,0.02656,,,,,,,,,,,,,,,,,,,,,,,,,,0,0,0,0,0
14.5109,1783969866.2777,1,1,0.5000,0.4086,1.42233,-0.03159,-2.63742,1.09825,1.57085,0.11671,-0.12757,-0.48152,0.02656,,,,,,,,,,,,,,,,,,,,,,,,,,0,0,0,0,0
14.5112,1783969866.2779,1,1,0.5000,0.3935,1.42233,-0.03159,-2.63742,1.09825,1.57085,0.11671,-0.12757,-0.48152,0.02656,,,,,,,,,,,,,,,,,,,,,,,,,,0,0,0,0,0
14.5163,1783969866.2831,1,1,0.5000,0.3425,1.42233,-0.03159,-2.63742,1.09825,1.57085,0.11671,-0.12757,-0.48152,0.02656,,,,,,,,,,,,,,,,,,,,,,,,,,0,0,0,0,0
14.5293,1783969866.2960,1,1,0.5000,0.3277,1.42233,-0.03159,-2.63742,1.09825,1.57085,0.11671,-0.12757,-0.48152,0.02656,,,,,,,,,,,,,,,,,,,,,,,,,,0,0,0,0,0
14.5340,1783969866.3008,1,1,0.5000,0.3175,1.42233,-0.03159,-2.63742,1.09825,1.57085,0.11671,-0.12757,-0.48152,0.02656,,,,,,,,,,,,,,,,,,,,,,,,,,0,0,0,0,0
14.5498,1783969866.3165,1,1,0.5000,0.3148,1.42233,-0.03159,-2.63742,1.09825,1.57085,0.11671,-0.12757,-0.48152,0.02656,,,,,,,,,,,,,,,,,,,,,,,,,,0,0,0,0,0
14.5562,1783969866.3230,1,1,0.5000,0.2869,1.42233,-0.03159,-2.63742,1.09825,1.57085,0.11671,-0.12757,-0.48152,0.02656,,,,,,,,,,,,,,,,,,,,,,,,,,0,0,0,0,0
14.5647,1783969866.3315,1,1,0.5000,0.2922,1.42233,-0.03159,-2.63742,1.09825,1.57085,0.11671,-0.12757,-0.48152,0.02656,,,,,,,,,,,,,,,,,,,,,,,,,,0,0,0,0,0
14.6324,1783969866.3992,1,1,0.5000,0.3124,1.42233,-0.03160,-2.63742,1.09826,1.57085,0.11671,-0.12757,-0.48152,0.02656,,,,,,,,,,,,,,,,,,,,,,,,,,0,0,0,0,0
14.6510,1783969866.4178,1,1,0.5000,0.3591,1.42233,-0.03160,-2.63742,1.09826,1.57085,0.11671,-0.12757,-0.48152,0.02656,,,,,,,,,,,,,,,,,,,,,,,,,,0,0,0,0,0
14.6603,1783969866.4270,1,1,0.5000,0.4336,1.42233,-0.03160,-2.63742,1.09826,1.57085,0.11671,-0.12757,-0.48152,0.02656,,,,,,,,,,,,,,,,,,,,,,,,,,0,0,0,0,0
14.6710,1783969866.4378,1,1,0.5000,0.4717,1.42233,-0.03160,-2.63742,1.09826,1.57085,0.11671,-0.12757,-0.48152,0.02656,,,,,,,,,,,,,,,,,,,,,,,,,,0,0,0,0,0
14.6765,1783969866.4433,1,1,0.5000,0.4614,1.42233,-0.03160,-2.63742,1.09826,1.57085,0.11671,-0.12757,-0.48152,0.02656,,,,,,,,,,,,,,,,,,,,,,,,,,0,0,0,0,0
14.6769,1783969866.4436,1,1,0.5000,0.4478,1.42233,-0.03160,-2.63742,1.09826,1.57085,0.11671,-0.12757,-0.48152,0.02656,,,,,,,,,,,,,,,,,,,,,,,,,,0,0,0,0,0
14.6794,1783969866.4462,1,1,0.5000,0.4305,1.42233,-0.03160,-2.63742,1.09826,1.57085,0.11671,-0.12757,-0.48152,0.02656,,,,,,,,,,,,,,,,,,,,,,,,,,0,0,0,0,0
14.6798,1783969866.4465,1,1,0.5000,0.4273,1.42233,-0.03160,-2.63742,1.09826,1.57085,0.11671,-0.12757,-0.48152,0.02656,,,,,,,,,,,,,,,,,,,,,,,,,,0,0,0,0,0
14.6858,1783969866.4526,1,1,0.5000,0.4126,1.42233,-0.03160,-2.63742,1.09826,1.57085,0.11671,-0.12757,-0.48152,0.02656,,,,,,,,,,,,,,,,,,,,,,,,,,0,0,0,0,0
14.6863,1783969866.4531,1,1,0.5000,0.3811,1.42233,-0.03160,-2.63742,1.09826,1.57085,0.11671,-0.12757,-0.48152,0.02656,,,,,,,,,,,,,,,,,,,,,,,,,,0,0,0,0,0
14.6888,1783969866.4556,1,1,0.5000,0.3439,1.42233,-0.03160,-2.63742,1.09826,1.57085,0.11671,-0.12757,-0.48152,0.02656,,,,,,,,,,,,,,,,,,,,,,,,,,0,0,0,0,0
14.6891,1783969866.4559,1,1,0.5000,0.3415,1.42233,-0.03160,-2.63742,1.09826,1.57085,0.11671,-0.12757,-0.48152,0.02656,,,,,,,,,,,,,,,,,,,,,,,,,,0,0,0,0,0
14.6936,1783969866.4604,1,1,0.5000,0.3446,1.42233,-0.03160,-2.63742,1.09826,1.57085,0.11671,-0.12757,-0.48152,0.02656,,,,,,,,,,,,,,,,,,,,,,,,,,0,0,0,0,0
14.6940,1783969866.4608,1,1,0.5000,0.3180,1.42233,-0.03160,-2.63742,1.09826,1.57085,0.11671,-0.12757,-0.48152,0.02656,,,,,,,,,,,,,,,,,,,,,,,,,,0,0,0,0,0
14.6983,1783969866.4650,1,1,0.5000,0.3157,1.42233,-0.03160,-2.63742,1.09826,1.57085,0.11671,-0.12757,-0.48152,0.02656,,,,,,,,,,,,,,,,,,,,,,,,,,0,0,0,0,0
14.6989,1783969866.4657,1,1,0.5000,0.3164,1.42233,-0.03160,-2.63742,1.09826,1.57085,0.11671,-0.12757,-0.48152,0.02656,,,,,,,,,,,,,,,,,,,,,,,,,,0,0,0,0,0
14.7010,1783969866.4678,1,1,0.5000,0.2674,1.42233,-0.03160,-2.63742,1.09826,1.57085,0.11671,-0.12757,-0.48152,0.02656,,,,,,,,,,,,,,,,,,,,,,,,,,0,0,0,0,0
14.7103,1783969866.4771,1,1,0.5000,0.2743,1.42233,-0.03160,-2.63742,1.09826,1.57085,0.11671,-0.12757,-0.48152,0.02656,,,,,,,,,,,,,,,,,,,,,,,,,,0,0,0,0,0
14.7158,1783969866.4826,1,1,0.5000,0.2890,1.42233,-0.03160,-2.63742,1.09826,1.57085,0.11671,-0.12757,-0.48152,0.02656,,,,,,,,,,,,,,,,,,,,,,,,,,0,0,0,0,0
14.7310,1783969866.4978,1,1,0.5000,0.3344,1.42233,-0.03160,-2.63742,1.09826,1.57085,0.11671,-0.12757,-0.48152,0.02656,,,,,,,,,,,,,,,,,,,,,,,,,,0,0,0,0,0
14.7314,1783969866.4981,1,1,0.5000,0.3406,1.42233,-0.03160,-2.63742,1.09826,1.57085,0.11671,-0.12757,-0.48152,0.02656,,,,,,,,,,,,,,,,,,,,,,,,,,0,0,0,0,0
14.7390,1783969866.5058,1,1,0.5000,0.4210,1.42233,-0.03160,-2.63742,1.09826,1.57085,0.11671,-0.12757,-0.48152,0.02656,,,,,,,,,,,,,,,,,,,,,,,,,,0,0,0,0,0
14.7612,1783969866.5280,1,1,0.5000,0.4358,1.42233,-0.03160,-2.63742,1.09826,1.57085,0.11671,-0.12757,-0.48152,0.02656,,,,,,,,,,,,,,,,,,,,,,,,,,0,0,0,0,0
14.7619,1783969866.5287,1,1,0.5000,0.4278,1.42233,-0.03160,-2.63742,1.09826,1.57085,0.11671,-0.12757,-0.48152,0.02656,,,,,,,,,,,,,,,,,,,,,,,,,,0,0,0,0,0
14.7654,1783969866.5322,1,1,0.5000,0.4064,1.42233,-0.03160,-2.63742,1.09826,1.57085,0.11671,-0.12757,-0.48152,0.02656,,,,,,,,,,,,,,,,,,,,,,,,,,0,0,0,0,0
14.7667,1783969866.5334,1,1,0.5000,0.3936,1.42233,-0.03160,-2.63742,1.09826,1.57085,0.11671,-0.12757,-0.48152,0.02656,,,,,,,,,,,,,,,,,,,,,,,,,,0,0,0,0,0
14.7748,1783969866.5416,1,1,0.5000,0.3570,1.42233,-0.03160,-2.63742,1.09826,1.57085,0.11671,-0.12757,-0.48152,0.02656,,,,,,,,,,,,,,,,,,,,,,,,,,0,0,0,0,0
14.7889,1783969866.5557,1,1,0.5000,0.3507,1.42233,-0.03160,-2.63742,1.09826,1.57085,0.11671,-0.12757,-0.48152,0.02656,,,,,,,,,,,,,,,,,,,,,,,,,,0,0,0,0,0
14.7954,1783969866.5622,1,1,0.5000,0.3648,1.42233,-0.03160,-2.63742,1.09826,1.57085,0.11671,-0.12757,-0.48152,0.02656,,,,,,,,,,,,,,,,,,,,,,,,,,0,0,0,0,0
14.8194,1783969866.5861,1,1,0.5000,0.3659,1.42233,-0.03160,-2.63742,1.09826,1.57085,0.11671,-0.12757,-0.48152,0.02656,,,,,,,,,,,,,,,,,,,,,,,,,,0,0,0,0,0
14.8199,1783969866.5867,1,1,0.5000,0.3644,1.42233,-0.03160,-2.63742,1.09826,1.57085,0.11671,-0.12757,-0.48152,0.02656,,,,,,,,,,,,,,,,,,,,,,,,,,0,0,0,0,0
14.8217,1783969866.5884,1,1,0.5000,0.3597,1.42233,-0.03160,-2.63742,1.09826,1.57085,0.11671,-0.12757,-0.48152,0.02656,,,,,,,,,,,,,,,,,,,,,,,,,,0,0,0,0,0
14.8315,1783969866.5983,1,1,0.5000,0.3616,1.42233,-0.03160,-2.63742,1.09826,1.57085,0.11671,-0.12757,-0.48152,0.02656,,,,,,,,,,,,,,,,,,,,,,,,,,0,0,0,0,0
14.8317,1783969866.5984,1,1,0.5000,0.3639,1.42233,-0.03160,-2.63742,1.09826,1.57085,0.11671,-0.12757,-0.48152,0.02656,,,,,,,,,,,,,,,,,,,,,,,,,,0,0,0,0,0
14.8354,1783969866.6022,1,1,0.5000,0.3676,1.42233,-0.03160,-2.63742,1.09826,1.57085,0.11671,-0.12757,-0.48152,0.02656,,,,,,,,,,,,,,,,,,,,,,,,,,0,0,0,0,0
14.8666,1783969866.6334,1,1,0.5000,0.3794,1.42233,-0.03160,-2.63742,1.09826,1.57085,0.11671,-0.12757,-0.48152,0.02656,,,,,,,,,,,,,,,,,,,,,,,,,,0,0,0,0,0
14.8675,1783969866.6343,1,1,0.5000,0.4949,1.42233,-0.03160,-2.63742,1.09826,1.57085,0.11671,-0.12757,-0.48152,0.02656,,,,,,,,,,,,,,,,,,,,,,,,,,0,0,0,0,0
14.8753,1783969866.6420,1,1,0.5000,0.4846,1.42233,-0.03160,-2.63742,1.09826,1.57085,0.11671,-0.12757,-0.48152,0.02656,,,,,,,,,,,,,,,,,,,,,,,,,,0,0,0,0,0
14.8853,1783969866.6521,1,1,0.5000,0.4607,1.42233,-0.03160,-2.63742,1.09826,1.57085,0.11671,-0.12757,-0.48152,0.02656,,,,,,,,,,,,,,,,,,,,,,,,,,0,0,0,0,0
14.8959,1783969866.6626,1,1,0.5000,0.4481,1.42233,-0.03160,-2.63742,1.09826,1.57085,0.11671,-0.12757,-0.48152,0.02656,,,,,,,,,,,,,,,,,,,,,,,,,,0,0,0,0,0
14.9093,1783969866.6761,1,1,0.5000,0.4216,1.42233,-0.03160,-2.63742,1.09826,1.57085,0.11671,-0.12757,-0.48152,0.02656,,,,,,,,,,,,,,,,,,,,,,,,,,0,0,0,0,0
14.9148,1783969866.6816,1,1,0.5000,0.4062,1.42233,-0.03160,-2.63742,1.09826,1.57085,0.11671,-0.12757,-0.48152,0.02656,,,,,,,,,,,,,,,,,,,,,,,,,,0,0,0,0,0
14.9275,1783969866.6942,1,1,0.5000,0.3905,1.42233,-0.03160,-2.63742,1.09826,1.57085,0.11671,-0.12757,-0.48152,0.02656,,,,,,,,,,,,,,,,,,,,,,,,,,0,0,0,0,0
14.9342,1783969866.7009,1,1,0.5000,0.3779,1.42233,-0.03160,-2.63742,1.09826,1.57085,0.11671,-0.12757,-0.48152,0.02656,,,,,,,,,,,,,,,,,,,,,,,,,,0,0,0,0,0
14.9461,1783969866.7129,1,1,0.5000,0.3808,1.42233,-0.03160,-2.63742,1.09826,1.57085,0.11671,-0.12757,-0.48152,0.02656,,,,,,,,,,,,,,,,,,,,,,,,,,0,0,0,0,0
14.9587,1783969866.7255,1,1,0.5000,0.3721,1.42233,-0.03160,-2.63742,1.09826,1.57085,0.11671,-0.12757,-0.48152,0.02656,,,,,,,,,,,,,,,,,,,,,,,,,,0,0,0,0,0
14.9661,1783969866.7329,1,1,0.5000,0.3954,1.42233,-0.03160,-2.63742,1.09826,1.57085,0.11671,-0.12757,-0.48152,0.02656,,,,,,,,,,,,,,,,,,,,,,,,,,0,0,0,0,0
14.9763,1783969866.7430,1,1,0.5000,0.4219,1.42233,-0.03160,-2.63742,1.09826,1.57085,0.11671,-0.12757,-0.48152,0.02656,,,,,,,,,,,,,,,,,,,,,,,,,,0,0,0,0,0
14.9950,1783969866.7618,1,1,0.5000,0.4391,1.42233,-0.03160,-2.63742,1.09826,1.57085,0.11671,-0.12757,-0.48152,0.02656,,,,,,,,,,,,,,,,,,,,,,,,,,0,0,0,0,0
14.9954,1783969866.7622,1,1,0.5000,0.4491,1.42233,-0.03160,-2.63742,1.09826,1.57085,0.11671,-0.12757,-0.48152,0.02656,,,,,,,,,,,,,,,,,,,,,,,,,,0,0,0,0,0
14.9990,1783969866.7657,1,1,0.5000,0.4539,1.42233,-0.03160,-2.63742,1.09826,1.57085,0.11671,-0.12757,-0.48152,0.02656,,,,,,,,,,,,,,,,,,,,,,,,,,0,0,0,0,0
15.0069,1783969866.7737,1,1,0.5000,0.4520,1.42233,-0.03160,-2.63742,1.09826,1.57085,0.11671,-0.12757,-0.48152,0.02656,,,,,,,,,,,,,,,,,,,,,,,,,,0,0,0,0,0
15.0159,1783969866.7827,1,1,0.5000,0.4401,1.42233,-0.03160,-2.63742,1.09826,1.57085,0.11671,-0.12757,-0.48152,0.02656,,,,,,,,,,,,,,,,,,,,,,,,,,0,0,0,0,0
15.0279,1783969866.7947,1,1,0.5000,0.4326,1.42233,-0.03160,-2.63742,1.09826,1.57085,0.11671,-0.12757,-0.48152,0.02656,,,,,,,,,,,,,,,,,,,,,,,,,,0,0,0,0,0
15.0348,1783969866.8016,1,1,0.5000,0.4248,1.42233,-0.03160,-2.63742,1.09826,1.57085,0.11671,-0.12757,-0.48152,0.02656,,,,,,,,,,,,,,,,,,,,,,,,,,0,0,0,0,0
15.0350,1783969866.8018,1,1,0.5000,0.3986,1.42233,-0.03160,-2.63742,1.09826,1.57085,0.11671,-0.12757,-0.48152,0.02656,,,,,,,,,,,,,,,,,,,,,,,,,,0,0,0,0,0
15.0439,1783969866.8106,1,1,0.5000,0.4093,1.42233,-0.03160,-2.63742,1.09826,1.57085,0.11671,-0.12757,-0.48152,0.02656,,,,,,,,,,,,,,,,,,,,,,,,,,0,0,0,0,0
15.0594,1783969866.8262,1,1,0.5000,0.3856,1.42233,-0.03160,-2.63742,1.09826,1.57085,0.11671,-0.12757,-0.48152,0.02656,,,,,,,,,,,,,,,,,,,,,,,,,,0,0,0,0,0
15.0671,1783969866.8339,1,1,0.5000,0.3652,1.42233,-0.03160,-2.63742,1.09826,1.57085,0.11671,-0.12757,-0.48152,0.02656,,,,,,,,,,,,,,,,,,,,,,,,,,0,0,0,0,0
15.0675,1783969866.8342,1,1,0.5000,0.3530,1.42233,-0.03160,-2.63742,1.09826,1.57085,0.11671,-0.12757,-0.48152,0.02656,,,,,,,,,,,,,,,,,,,,,,,,,,0,0,0,0,0
15.0763,1783969866.8431,1,1,0.5000,0.3642,1.42233,-0.03160,-2.63742,1.09826,1.57085,0.11671,-0.12757,-0.48152,0.02656,,,,,,,,,,,,,,,,,,,,,,,,,,0,0,0,0,0
15.0837,1783969866.8505,1,1,0.5000,0.3730,1.42233,-0.03160,-2.63742,1.09826,1.57085,0.11671,-0.12757,-0.48152,0.02656,,,,,,,,,,,,,,,,,,,,,,,,,,0,0,0,0,0
15.0950,1783969866.8618,1,1,0.5000,0.3942,1.42233,-0.03160,-2.63742,1.09826,1.57085,0.11671,-0.12757,-0.48152,0.02656,,,,,,,,,,,,,,,,,,,,,,,,,,0,0,0,0,0
15.1148,1783969866.8816,1,1,0.5000,0.4174,1.42233,-0.03160,-2.63742,1.09827,1.57085,0.11671,-0.12757,-0.48152,0.02656,,,,,,,,,,,,,,,,,,,,,,,,,,0,0,0,0,0
15.1178,1783969866.8846,1,1,0.5000,0.4141,1.42233,-0.03160,-2.63742,1.09827,1.57085,0.11671,-0.12757,-0.48152,0.02656,,,,,,,,,,,,,,,,,,,,,,,,,,0,0,0,0,0
15.1184,1783969866.8852,1,1,0.5000,0.4311,1.42233,-0.03160,-2.63742,1.09827,1.57085,0.11671,-0.12757,-0.48152,0.02656,,,,,,,,,,,,,,,,,,,,,,,,,,0,0,0,0,0
15.1257,1783969866.8924,1,1,0.5000,0.4645,1.42233,-0.03161,-2.63742,1.09827,1.57085,0.11671,-0.12757,-0.48152,0.02656,,,,,,,,,,,,,,,,,,,,,,,,,,0,0,0,0,0
15.1375,1783969866.9043,1,1,0.5000,0.4465,1.42233,-0.03161,-2.63742,1.09827,1.57085,0.11671,-0.12757,-0.48152,0.02656,,,,,,,,,,,,,,,,,,,,,,,,,,0,0,0,0,0
15.1444,1783969866.9112,1,1,0.5000,0.4440,1.42233,-0.03161,-2.63742,1.09827,1.57085,0.11671,-0.12757,-0.48152,0.02656,,,,,,,,,,,,,,,,,,,,,,,,,,0,0,0,0,0
15.1631,1783969866.9299,1,1,0.5000,0.4294,1.42233,-0.03161,-2.63742,1.09827,1.57085,0.11671,-0.12757,-0.48152,0.02656,,,,,,,,,,,,,,,,,,,,,,,,,,0,0,0,0,0
15.1702,1783969866.9369,1,1,0.5000,0.4226,1.42233,-0.03161,-2.63742,1.09827,1.57085,0.11671,-0.12757,-0.48152,0.02656,,,,,,,,,,,,,,,,,,,,,,,,,,0,0,0,0,0
15.1704,1783969866.9372,1,1,0.5000,0.4071,1.42233,-0.03161,-2.63742,1.09827,1.57085,0.11671,-0.12757,-0.48152,0.02656,,,,,,,,,,,,,,,,,,,,,,,,,,0,0,0,0,0
15.1752,1783969866.9420,1,1,0.5000,0.4078,1.42233,-0.03161,-2.63742,1.09827,1.57085,0.11671,-0.12757,-0.48152,0.02656,,,,,,,,,,,,,,,,,,,,,,,,,,0,0,0,0,0
15.1756,1783969866.9424,1,1,0.5000,0.4035,1.42233,-0.03161,-2.63742,1.09827,1.57085,0.11671,-0.12757,-0.48152,0.02656,,,,,,,,,,,,,,,,,,,,,,,,,,0,0,0,0,0
15.1848,1783969866.9516,1,1,0.5000,0.3822,1.42233,-0.03161,-2.63742,1.09827,1.57085,0.11671,-0.12757,-0.48152,0.02656,,,,,,,,,,,,,,,,,,,,,,,,,,0,0,0,0,0
15.1974,1783969866.9642,1,1,0.5000,0.3868,1.42233,-0.03161,-2.63742,1.09827,1.57085,0.11671,-0.12757,-0.48152,0.02656,,,,,,,,,,,,,,,,,,,,,,,,,,0,0,0,0,0
15.2121,1783969866.9789,1,1,0.5000,0.3909,1.42233,-0.03161,-2.63742,1.09827,1.57085,0.11671,-0.12757,-0.48152,0.02656,,,,,,,,,,,,,,,,,,,,,,,,,,0,0,0,0,0
15.2221,1783969866.9888,1,1,0.5000,0.3943,1.42233,-0.03161,-2.63742,1.09827,1.57085,0.11671,-0.12757,-0.48152,0.02656,,,,,,,,,,,,,,,,,,,,,,,,,,0,0,0,0,0
15.2310,1783969866.9978,1,1,0.5000,0.3988,1.42233,-0.03161,-2.63742,1.09827,1.57085,0.11671,-0.12757,-0.48152,0.02656,,,,,,,,,,,,,,,,,,,,,,,,,,0,0,0,0,0
15.2408,1783969867.0076,1,1,0.5000,0.4136,1.42233,-0.03161,-2.63742,1.09827,1.57085,0.11671,-0.12757,-0.48152,0.02656,,,,,,,,,,,,,,,,,,,,,,,,,,0,0,0,0,0
15.2460,1783969867.0128,1,1,0.5000,0.4728,1.42233,-0.03161,-2.63742,1.09827,1.57085,0.11671,-0.12757,-0.48152,0.02656,,,,,,,,,,,,,,,,,,,,,,,,,,0,0,0,0,0
15.2934,1783969867.0602,1,1,0.5000,0.4795,1.42233,-0.03161,-2.63742,1.09827,1.57085,0.11671,-0.12757,-0.48152,0.02656,,,,,,,,,,,,,,,,,,,,,,,,,,0,0,0,0,0
15.2937,1783969867.0605,1,1,0.5000,0.4654,1.42233,-0.03161,-2.63742,1.09827,1.57085,0.11671,-0.12757,-0.48152,0.02656,,,,,,,,,,,,,,,,,,,,,,,,,,0,0,0,0,0
15.2940,1783969867.0608,1,1,0.5000,0.4622,1.42233,-0.03161,-2.63742,1.09827,1.57085,0.11671,-0.12757,-0.48152,0.02656,,,,,,,,,,,,,,,,,,,,,,,,,,0,0,0,0,0
15.2943,1783969867.0611,1,1,0.5000,0.4560,1.42233,-0.03161,-2.63742,1.09827,1.57085,0.11671,-0.12757,-0.48152,0.02656,,,,,,,,,,,,,,,,,,,,,,,,,,0,0,0,0,0
15.2948,1783969867.0616,1,1,0.5000,0.4174,1.42233,-0.03161,-2.63742,1.09827,1.57085,0.11671,-0.12757,-0.48152,0.02656,,,,,,,,,,,,,,,,,,,,,,,,,,0,0,0,0,0
15.3074,1783969867.0742,1,1,0.5000,0.3948,1.42233,-0.03161,-2.63742,1.09827,1.57085,0.11671,-0.12757,-0.48152,0.02656,,,,,,,,,,,,,,,,,,,,,,,,,,0,0,0,0,0
15.3078,1783969867.0746,1,1,0.5000,0.3948,1.42233,-0.03161,-2.63742,1.09827,1.57085,0.11671,-0.12757,-0.48152,0.02656,,,,,,,,,,,,,,,,,,,,,,,,,,0,0,0,0,0
15.3278,1783969867.0946,1,1,0.5000,0.3876,1.42233,-0.03161,-2.63742,1.09827,1.57085,0.11671,-0.12757,-0.48152,0.02656,,,,,,,,,,,,,,,,,,,,,,,,,,0,0,0,0,0
15.3289,1783969867.0956,1,1,0.5000,0.3834,1.42233,-0.03161,-2.63742,1.09827,1.57085,0.11671,-0.12757,-0.48152,0.02656,,,,,,,,,,,,,,,,,,,,,,,,,,0,0,0,0,0
15.3292,1783969867.0959,1,1,0.5000,0.3862,1.42233,-0.03161,-2.63742,1.09827,1.57085,0.11671,-0.12757,-0.48152,0.02656,,,,,,,,,,,,,,,,,,,,,,,,,,0,0,0,0,0
15.3370,1783969867.1037,1,1,0.5000,0.3874,1.42233,-0.03161,-2.63742,1.09827,1.57085,0.11671,-0.12757,-0.48152,0.02656,,,,,,,,,,,,,,,,,,,,,,,,,,0,0,0,0,0
15.3678,1783969867.1346,1,1,0.5000,0.3966,1.42233,-0.03161,-2.63742,1.09827,1.57085,0.11671,-0.12757,-0.48152,0.02656,,,,,,,,,,,,,,,,,,,,,,,,,,0,0,0,0,0
15.3769,1783969867.1436,1,1,0.5000,0.4069,1.42233,-0.03161,-2.63742,1.09827,1.57085,0.11671,-0.12757,-0.48152,0.02656,,,,,,,,,,,,,,,,,,,,,,,,,,0,0,0,0,0
15.3805,1783969867.1473,1,1,0.5000,0.4530,1.42233,-0.03161,-2.63742,1.09827,1.57085,0.11671,-0.12757,-0.48152,0.02656,,,,,,,,,,,,,,,,,,,,,,,,,,0,0,0,0,0
15.3808,1783969867.1476,1,1,0.5000,0.4733,1.42233,-0.03161,-2.63742,1.09827,1.57085,0.11671,-0.12757,-0.48152,0.02656,,,,,,,,,,,,,,,,,,,,,,,,,,0,0,0,0,0
15.3848,1783969867.1516,1,1,0.5000,0.4842,1.42233,-0.03161,-2.63742,1.09827,1.57085,0.11671,-0.12757,-0.48152,0.02656,,,,,,,,,,,,,,,,,,,,,,,,,,0,0,0,0,0
15.3851,1783969867.1519,1,1,0.5000,0.4696,1.42233,-0.03161,-2.63742,1.09827,1.57085,0.11671,-0.12757,-0.48152,0.02656,,,,,,,,,,,,,,,,,,,,,,,,,,0,0,0,0,0
15.3939,1783969867.1607,1,1,0.5000,0.4528,1.42233,-0.03161,-2.63742,1.09827,1.57085,0.11671,-0.12757,-0.48152,0.02656,,,,,,,,,,,,,,,,,,,,,,,,,,0,0,0,0,0
15.4053,1783969867.1721,1,1,0.5000,0.4471,1.42233,-0.03161,-2.63742,1.09827,1.57085,0.11671,-0.12757,-0.48152,0.02656,,,,,,,,,,,,,,,,,,,,,,,,,,0,0,0,0,0
15.4146,1783969867.1814,1,1,0.5000,0.4381,1.42233,-0.03161,-2.63742,1.09827,1.57085,0.11671,-0.12757,-0.48152,0.02656,,,,,,,,,,,,,,,,,,,,,,,,,,0,0,0,0,0
15.4275,1783969867.1943,1,1,0.5000,0.4143,1.42233,-0.03161,-2.63742,1.09827,1.57085,0.11671,-0.12757,-0.48152,0.02656,,,,,,,,,,,,,,,,,,,,,,,,,,0,0,0,0,0
15.4279,1783969867.1947,1,1,0.5000,0.4112,1.42233,-0.03161,-2.63742,1.09827,1.57085,0.11671,-0.12757,-0.48152,0.02656,,,,,,,,,,,,,,,,,,,,,,,,,,0,0,0,0,0
15.4387,1783969867.2055,1,1,0.5000,0.3881,1.42233,-0.03161,-2.63742,1.09827,1.57085,0.11671,-0.12757,-0.48152,0.02656,,,,,,,,,,,,,,,,,,,,,,,,,,0,0,0,0,0
15.4390,1783969867.2058,1,1,0.5000,0.3845,1.42233,-0.03161,-2.63742,1.09827,1.57085,0.11671,-0.12757,-0.48152,0.02656,,,,,,,,,,,,,,,,,,,,,,,,,,0,0,0,0,0
15.4446,1783969867.2114,1,1,0.5000,0.3848,1.42233,-0.03161,-2.63742,1.09827,1.57085,0.11671,-0.12757,-0.48152,0.02656,,,,,,,,,,,,,,,,,,,,,,,,,,0,0,0,0,0
15.4553,1783969867.2221,1,1,0.5000,0.3871,1.42233,-0.03161,-2.63742,1.09827,1.57085,0.11671,-0.12757,-0.48152,0.02656,,,,,,,,,,,,,,,,,,,,,,,,,,0,0,0,0,0
15.4703,1783969867.2371,1,1,0.5000,0.3857,1.42233,-0.03161,-2.63742,1.09827,1.57085,0.11671,-0.12757,-0.48152,0.02656,,,,,,,,,,,,,,,,,,,,,,,,,,0,0,0,0,0
15.4770,1783969867.2438,1,1,0.5000,0.3835,1.42233,-0.03161,-2.63742,1.09827,1.57085,0.11671,-0.12757,-0.48152,0.02656,,,,,,,,,,,,,,,,,,,,,,,,,,0,0,0,0,0
15.4839,1783969867.2507,1,1,0.5000,0.3913,1.42233,-0.03161,-2.63742,1.09827,1.57085,0.11671,-0.12757,-0.48152,0.02656,,,,,,,,,,,,,,,,,,,,,,,,,,0,0,0,0,0
15.4955,1783969867.2623,1,1,0.5000,0.3972,1.42233,-0.03161,-2.63742,1.09827,1.57085,0.11671,-0.12757,-0.48152,0.02656,,,,,,,,,,,,,,,,,,,,,,,,,,0,0,0,0,0
15.5050,1783969867.2718,1,1,0.5000,0.4113,1.42233,-0.03161,-2.63742,1.09827,1.57085,0.11671,-0.12757,-0.48152,0.02656,,,,,,,,,,,,,,,,,,,,,,,,,,0,0,0,0,0
15.5151,1783969867.2819,1,1,0.5000,0.4081,1.42233,-0.03161,-2.63742,1.09827,1.57085,0.11671,-0.12757,-0.48152,0.02656,,,,,,,,,,,,,,,,,,,,,,,,,,0,0,0,0,0
15.5280,1783969867.2948,1,1,0.5000,0.4216,1.42233,-0.03161,-2.63742,1.09827,1.57085,0.11671,-0.12757,-0.48152,0.02656,,,,,,,,,,,,,,,,,,,,,,,,,,0,0,0,0,0
15.5397,1783969867.3065,1,1,0.5000,0.4050,1.42233,-0.03161,-2.63742,1.09827,1.57085,0.11671,-0.12757,-0.48152,0.02656,,,,,,,,,,,,,,,,,,,,,,,,,,0,0,0,0,0
15.5477,1783969867.3144,1,1,0.5000,0.4056,1.42233,-0.03161,-2.63742,1.09827,1.57085,0.11671,-0.12757,-0.48152,0.02656,,,,,,,,,,,,,,,,,,,,,,,,,,0,0,0,0,0
15.5555,1783969867.3222,1,1,0.5000,0.3914,1.42233,-0.03161,-2.63742,1.09827,1.57085,0.11671,-0.12757,-0.48152,0.02656,,,,,,,,,,,,,,,,,,,,,,,,,,0,0,0,0,0
15.5724,1783969867.3392,1,1,0.5000,0.3794,1.42233,-0.03161,-2.63742,1.09827,1.57085,0.11671,-0.12757,-0.48152,0.02656,,,,,,,,,,,,,,,,,,,,,,,,,,0,0,0,0,0
15.5782,1783969867.3450,1,1,0.5000,0.3726,1.42233,-0.03161,-2.63742,1.09827,1.57085,0.11671,-0.12757,-0.48152,0.02656,,,,,,,,,,,,,,,,,,,,,,,,,,0,0,0,0,0
15.5792,1783969867.3460,1,1,0.5000,0.3840,1.42233,-0.03161,-2.63742,1.09827,1.57085,0.11671,-0.12757,-0.48152,0.02656,,,,,,,,,,,,,,,,,,,,,,,,,,0,0,0,0,0
15.5862,1783969867.3530,1,1,0.5000,0.3857,1.42233,-0.03161,-2.63742,1.09827,1.57085,0.11671,-0.12757,-0.48152,0.02655,,,,,,,,,,,,,,,,,,,,,,,,,,0,0,0,0,0
15.5990,1783969867.3658,1,1,0.5000,0.3924,1.42233,-0.03161,-2.63742,1.09827,1.57085,0.11671,-0.12757,-0.48152,0.02655,,,,,,,,,,,,,,,,,,,,,,,,,,0,0,0,0,0
15.6076,1783969867.3744,1,1,0.5000,0.3921,1.42233,-0.03161,-2.63742,1.09828,1.57085,0.11671,-0.12757,-0.48152,0.02655,,,,,,,,,,,,,,,,,,,,,,,,,,0,0,0,0,0
15.6145,1783969867.3813,1,1,0.5000,0.4006,1.42233,-0.03161,-2.63742,1.09828,1.57085,0.11671,-0.12757,-0.48152,0.02655,,,,,,,,,,,,,,,,,,,,,,,,,,0,0,0,0,0
15.6148,1783969867.3816,1,1,0.5000,0.3990,1.42233,-0.03161,-2.63742,1.09828,1.57085,0.11671,-0.12757,-0.48152,0.02655,,,,,,,,,,,,,,,,,,,,,,,,,,0,0,0,0,0
15.6276,1783969867.3944,1,1,0.5000,0.4010,1.42233,-0.03161,-2.63742,1.09828,1.57085,0.11671,-0.12757,-0.48152,0.02655,,,,,,,,,,,,,,,,,,,,,,,,,,0,0,0,0,0
15.6356,1783969867.4023,1,1,0.5000,0.4092,1.42233,-0.03161,-2.63742,1.09828,1.57085,0.11671,-0.12757,-0.48152,0.02655,,,,,,,,,,,,,,,,,,,,,,,,,,0,0,0,0,0
15.6361,1783969867.4028,1,1,0.5000,0.4097,1.42233,-0.03161,-2.63742,1.09828,1.57085,0.11671,-0.12757,-0.48152,0.02655,,,,,,,,,,,,,,,,,,,,,,,,,,0,0,0,0,0
15.6456,1783969867.4124,1,1,0.5000,0.4180,1.42233,-0.03161,-2.63742,1.09828,1.57085,0.11671,-0.12757,-0.48152,0.02655,,,,,,,,,,,,,,,,,,,,,,,,,,0,0,0,0,0
15.6548,1783969867.4216,1,1,0.5000,0.4166,1.42233,-0.03161,-2.63742,1.09828,1.57085,0.11671,-0.12757,-0.48152,0.02655,,,,,,,,,,,,,,,,,,,,,,,,,,0,0,0,0,0
15.6640,1783969867.4308,1,1,0.5000,0.4265,1.42233,-0.03161,-2.63742,1.09828,1.57085,0.11671,-0.12757,-0.48152,0.02655,,,,,,,,,,,,,,,,,,,,,,,,,,0,0,0,0,0
15.6755,1783969867.4423,1,1,0.5000,0.4113,1.42233,-0.03161,-2.63742,1.09828,1.57085,0.11671,-0.12757,-0.48152,0.02655,,,,,,,,,,,,,,,,,,,,,,,,,,0,0,0,0,0
15.6758,1783969867.4426,1,1,0.5000,0.4101,1.42233,-0.03161,-2.63742,1.09828,1.57085,0.11671,-0.12757,-0.48152,0.02655,,,,,,,,,,,,,,,,,,,,,,,,,,0,0,0,0,0
15.6858,1783969867.4526,1,1,0.5000,0.4029,1.42233,-0.03161,-2.63742,1.09828,1.57085,0.11671,-0.12757,-0.48152,0.02655,,,,,,,,,,,,,,,,,,,,,,,,,,0,0,0,0,0
15.6860,1783969867.4528,1,1,0.5000,0.3885,1.42233,-0.03161,-2.63742,1.09828,1.57085,0.11671,-0.12757,-0.48152,0.02655,,,,,,,,,,,,,,,,,,,,,,,,,,0,0,0,0,0
15.6999,1783969867.4667,1,1,0.5000,0.3964,1.42233,-0.03161,-2.63742,1.09828,1.57085,0.11671,-0.12757,-0.48152,0.02655,,,,,,,,,,,,,,,,,,,,,,,,,,0,0,0,0,0
15.7123,1783969867.4790,1,1,0.5000,0.3844,1.42233,-0.03161,-2.63742,1.09828,1.57085,0.11671,-0.12757,-0.48152,0.02655,,,,,,,,,,,,,,,,,,,,,,,,,,0,0,0,0,0
15.7159,1783969867.4826,1,1,0.5000,0.3874,1.42233,-0.03161,-2.63742,1.09828,1.57085,0.11671,-0.12757,-0.48152,0.02655,,,,,,,,,,,,,,,,,,,,,,,,,,0,0,0,0,0
15.7248,1783969867.4916,1,1,0.5000,0.3795,1.42233,-0.03161,-2.63742,1.09828,1.57085,0.11671,-0.12757,-0.48152,0.02655,,,,,,,,,,,,,,,,,,,,,,,,,,0,0,0,0,0
15.7351,1783969867.5019,1,1,0.5000,0.3823,1.42233,-0.03161,-2.63742,1.09828,1.57085,0.11671,-0.12757,-0.48152,0.02655,,,,,,,,,,,,,,,,,,,,,,,,,,0,0,0,0,0
15.7556,1783969867.5224,1,1,0.5000,0.3838,1.42233,-0.03161,-2.63742,1.09828,1.57085,0.11671,-0.12757,-0.48152,0.02655,,,,,,,,,,,,,,,,,,,,,,,,,,0,0,0,0,0
15.7559,1783969867.5227,1,1,0.5000,0.3900,1.42233,-0.03161,-2.63742,1.09828,1.57085,0.11671,-0.12757,-0.48152,0.02655,,,,,,,,,,,,,,,,,,,,,,,,,,0,0,0,0,0
15.7579,1783969867.5247,1,1,0.5000,0.4009,1.42233,-0.03161,-2.63742,1.09828,1.57085,0.11671,-0.12757,-0.48152,0.02655,,,,,,,,,,,,,,,,,,,,,,,,,,0,0,0,0,0
15.7757,1783969867.5425,1,1,0.5000,0.3965,1.42233,-0.03161,-2.63742,1.09828,1.57085,0.11671,-0.12757,-0.48152,0.02655,,,,,,,,,,,,,,,,,,,,,,,,,,0,0,0,0,0
15.7837,1783969867.5505,1,1,0.5000,0.4026,1.42233,-0.03161,-2.63742,1.09828,1.57085,0.11671,-0.12757,-0.48152,0.02655,,,,,,,,,,,,,,,,,,,,,,,,,,0,0,0,0,0
15.7851,1783969867.5519,1,1,0.5000,0.4086,1.42233,-0.03161,-2.63742,1.09828,1.57085,0.11671,-0.12757,-0.48152,0.02655,,,,,,,,,,,,,,,,,,,,,,,,,,0,0,0,0,0
15.7854,1783969867.5522,1,1,0.5000,0.4062,1.42233,-0.03161,-2.63742,1.09828,1.57085,0.11671,-0.12757,-0.48152,0.02655,,,,,,,,,,,,,,,,,,,,,,,,,,0,0,0,0,0
15.8022,1783969867.5690,1,1,0.5000,0.4101,1.42233,-0.03161,-2.63742,1.09828,1.57085,0.11671,-0.12757,-0.48152,0.02655,,,,,,,,,,,,,,,,,,,,,,,,,,0,0,0,0,0
15.8167,1783969867.5835,1,1,0.5000,0.4065,1.42233,-0.03161,-2.63742,1.09828,1.57085,0.11671,-0.12757,-0.48152,0.02655,,,,,,,,,,,,,,,,,,,,,,,,,,0,0,0,0,0
15.8182,1783969867.5850,1,1,0.5000,0.4050,1.42233,-0.03161,-2.63742,1.09828,1.57085,0.11671,-0.12757,-0.48152,0.02655,,,,,,,,,,,,,,,,,,,,,,,,,,0,0,0,0,0
15.8314,1783969867.5982,1,1,0.5000,0.3977,1.42233,-0.03161,-2.63742,1.09828,1.57085,0.11671,-0.12757,-0.48152,0.02655,,,,,,,,,,,,,,,,,,,,,,,,,,0,0,0,0,0
15.8383,1783969867.6051,1,1,0.5000,0.3924,1.42233,-0.03161,-2.63742,1.09828,1.57085,0.11671,-0.12757,-0.48152,0.02655,,,,,,,,,,,,,,,,,,,,,,,,,,0,0,0,0,0
15.8462,1783969867.6130,1,1,0.5000,0.4065,1.42233,-0.03161,-2.63742,1.09828,1.57085,0.11671,-0.12757,-0.48152,0.02655,,,,,,,,,,,,,,,,,,,,,,,,,,0,0,0,0,0
15.8557,1783969867.6224,1,1,0.5000,0.4079,1.42233,-0.03161,-2.63742,1.09828,1.57085,0.11671,-0.12757,-0.48152,0.02655,,,,,,,,,,,,,,,,,,,,,,,,,,0,0,0,0,0
15.8639,1783969867.6307,1,1,0.5000,0.4018,1.42233,-0.03161,-2.63742,1.09828,1.57085,0.11671,-0.12757,-0.48152,0.02655,,,,,,,,,,,,,,,,,,,,,,,,,,0,0,0,0,0
15.8643,1783969867.6311,1,1,0.5000,0.4016,1.42233,-0.03161,-2.63742,1.09828,1.57085,0.11671,-0.12757,-0.48152,0.02655,,,,,,,,,,,,,,,,,,,,,,,,,,0,0,0,0,0
15.8789,1783969867.6457,1,1,0.5000,0.4077,1.42233,-0.03161,-2.63742,1.09828,1.57085,0.11671,-0.12757,-0.48152,0.02655,,,,,,,,,,,,,,,,,,,,,,,,,,0,0,0,0,0
15.8887,1783969867.6555,1,1,0.5000,0.4008,1.42233,-0.03161,-2.63742,1.09828,1.57085,0.11671,-0.12757,-0.48152,0.02655,,,,,,,,,,,,,,,,,,,,,,,,,,0,0,0,0,0
15.8958,1783969867.6626,1,1,0.5000,0.4128,1.42233,-0.03161,-2.63742,1.09828,1.57085,0.11671,-0.12757,-0.48152,0.02655,,,,,,,,,,,,,,,,,,,,,,,,,,0,0,0,0,0
15.9049,1783969867.6717,1,1,0.5000,0.4175,1.42233,-0.03161,-2.63742,1.09828,1.57085,0.11671,-0.12757,-0.48152,0.02655,,,,,,,,,,,,,,,,,,,,,,,,,,0,0,0,0,0
15.9168,1783969867.6836,1,1,0.5000,0.4467,1.42233,-0.03161,-2.63742,1.09828,1.57085,0.11671,-0.12757,-0.48152,0.02655,,,,,,,,,,,,,,,,,,,,,,,,,,0,0,0,0,0
15.9343,1783969867.7010,1,1,0.5000,0.4258,1.42233,-0.03161,-2.63742,1.09828,1.57085,0.11671,-0.12757,-0.48152,0.02655,,,,,,,,,,,,,,,,,,,,,,,,,,0,0,0,0,0
15.9426,1783969867.7094,1,1,0.5000,0.4161,1.42233,-0.03161,-2.63742,1.09828,1.57085,0.11671,-0.12757,-0.48152,0.02655,,,,,,,,,,,,,,,,,,,,,,,,,,0,0,0,0,0
15.9601,1783969867.7268,1,1,0.5000,0.4115,1.42233,-0.03161,-2.63742,1.09828,1.57085,0.11671,-0.12757,-0.48152,0.02655,,,,,,,,,,,,,,,,,,,,,,,,,,0,0,0,0,0
15.9925,1783969867.7593,1,1,0.5000,0.4057,1.42233,-0.03161,-2.63742,1.09828,1.57085,0.11671,-0.12757,-0.48152,0.02655,,,,,,,,,,,,,,,,,,,,,,,,,,0,0,0,0,0
15.9928,1783969867.7596,1,1,0.5000,0.4088,1.42233,-0.03161,-2.63742,1.09828,1.57085,0.11671,-0.12757,-0.48152,0.02655,,,,,,,,,,,,,,,,,,,,,,,,,,0,0,0,0,0
15.9960,1783969867.7628,1,1,0.5000,0.4115,1.42233,-0.03161,-2.63742,1.09828,1.57085,0.11671,-0.12757,-0.48152,0.02655,,,,,,,,,,,,,,,,,,,,,,,,,,0,0,0,0,0
15.9976,1783969867.7644,1,1,0.5000,0.4116,1.42233,-0.03161,-2.63742,1.09828,1.57085,0.11671,-0.12757,-0.48152,0.02655,,,,,,,,,,,,,,,,,,,,,,,,,,0,0,0,0,0
15.9979,1783969867.7647,1,1,0.5000,0.4131,1.42233,-0.03161,-2.63742,1.09828,1.57085,0.11671,-0.12757,-0.48152,0.02655,,,,,,,,,,,,,,,,,,,,,,,,,,0,0,0,0,0
15.9987,1783969867.7655,1,1,0.5000,0.4133,1.42233,-0.03161,-2.63742,1.09828,1.57085,0.11671,-0.12757,-0.48152,0.02655,,,,,,,,,,,,,,,,,,,,,,,,,,0,0,0,0,0
15.9989,1783969867.7657,1,1,0.5000,0.4174,1.42233,-0.03161,-2.63742,1.09828,1.57085,0.11671,-0.12757,-0.48152,0.02655,,,,,,,,,,,,,,,,,,,,,,,,,,0,0,0,0,0
16.0094,1783969867.7762,1,1,0.5000,0.4224,1.42233,-0.03161,-2.63742,1.09828,1.57085,0.11671,-0.12757,-0.48152,0.02655,,,,,,,,,,,,,,,,,,,,,,,,,,0,0,0,0,0
16.0229,1783969867.7896,1,1,0.5000,0.4236,1.42233,-0.03161,-2.63742,1.09828,1.57085,0.11671,-0.12757,-0.48152,0.02655,,,,,,,,,,,,,,,,,,,,,,,,,,0,0,0,0,0
16.0360,1783969867.8027,1,1,0.5000,0.4307,1.42233,-0.03161,-2.63742,1.09828,1.57085,0.11671,-0.12757,-0.48152,0.02655,,,,,,,,,,,,,,,,,,,,,,,,,,0,0,0,0,0
16.0364,1783969867.8032,1,1,0.5000,0.4482,1.42233,-0.03161,-2.63742,1.09828,1.57085,0.11671,-0.12757,-0.48152,0.02655,,,,,,,,,,,,,,,,,,,,,,,,,,0,0,0,0,0
16.0473,1783969867.8141,1,1,0.5000,0.4399,1.42233,-0.03161,-2.63742,1.09828,1.57085,0.11671,-0.12757,-0.48152,0.02655,,,,,,,,,,,,,,,,,,,,,,,,,,0,0,0,0,0
16.0511,1783969867.8178,1,1,0.5000,0.4409,1.42233,-0.03161,-2.63742,1.09828,1.57085,0.11671,-0.12757,-0.48152,0.02655,,,,,,,,,,,,,,,,,,,,,,,,,,0,0,0,0,0
16.0515,1783969867.8183,1,1,0.5000,0.4368,1.42233,-0.03161,-2.63742,1.09828,1.57085,0.11671,-0.12757,-0.48152,0.02655,,,,,,,,,,,,,,,,,,,,,,,,,,0,0,0,0,0
16.0593,1783969867.8261,1,1,0.5000,0.4317,1.42233,-0.03161,-2.63742,1.09828,1.57085,0.11671,-0.12757,-0.48152,0.02655,,,,,,,,,,,,,,,,,,,,,,,,,,0,0,0,0,0
16.0659,1783969867.8327,1,1,0.5000,0.4242,1.42233,-0.03161,-2.63742,1.09828,1.57085,0.11671,-0.12757,-0.48152,0.02655,,,,,,,,,,,,,,,,,,,,,,,,,,0,0,0,0,0
16.0825,1783969867.8493,1,1,0.5000,0.4123,1.42233,-0.03161,-2.63742,1.09828,1.57086,0.11671,-0.12757,-0.48152,0.02655,,,,,,,,,,,,,,,,,,,,,,,,,,0,0,0,0,0
16.0831,1783969867.8498,1,1,0.5000,0.4082,1.42233,-0.03161,-2.63742,1.09828,1.57086,0.11671,-0.12757,-0.48152,0.02655,,,,,,,,,,,,,,,,,,,,,,,,,,0,0,0,0,0
16.0879,1783969867.8547,1,1,0.5000,0.4008,1.42233,-0.03161,-2.63742,1.09828,1.57086,0.11671,-0.12757,-0.48152,0.02655,,,,,,,,,,,,,,,,,,,,,,,,,,0,0,0,0,0
16.0953,1783969867.8620,1,1,0.5000,0.4324,1.42233,-0.03161,-2.63742,1.09828,1.57086,0.11671,-0.12757,-0.48152,0.02655,,,,,,,,,,,,,,,,,,,,,,,,,,0,0,0,0,0
16.1049,1783969867.8716,1,1,0.5000,0.4316,1.42233,-0.03161,-2.63742,1.09828,1.57086,0.11671,-0.12757,-0.48152,0.02655,,,,,,,,,,,,,,,,,,,,,,,,,,0,0,0,0,0
16.1297,1783969867.8965,1,1,0.5000,0.4216,1.42233,-0.03161,-2.63742,1.09828,1.57086,0.11671,-0.12757,-0.48152,0.02655,,,,,,,,,,,,,,,,,,,,,,,,,,0,0,0,0,0
16.1301,1783969867.8969,1,1,0.5000,0.4197,1.42233,-0.03161,-2.63742,1.09828,1.57086,0.11671,-0.12757,-0.48152,0.02655,,,,,,,,,,,,,,,,,,,,,,,,,,0,0,0,0,0
16.1388,1783969867.9056,1,1,0.5000,0.4182,1.42233,-0.03161,-2.63742,1.09828,1.57086,0.11671,-0.12757,-0.48152,0.02655,,,,,,,,,,,,,,,,,,,,,,,,,,0,0,0,0,0
16.1468,1783969867.9136,1,1,0.5000,0.4223,1.42233,-0.03161,-2.63742,1.09828,1.57086,0.11671,-0.12757,-0.48152,0.02655,,,,,,,,,,,,,,,,,,,,,,,,,,0,0,0,0,0
16.1615,1783969867.9283,1,1,0.5000,0.4260,1.42233,-0.03161,-2.63742,1.09828,1.57086,0.11671,-0.12757,-0.48152,0.02655,,,,,,,,,,,,,,,,,,,,,,,,,,0,0,0,0,0
16.1660,1783969867.9328,1,1,0.5000,0.4798,1.42233,-0.03161,-2.63742,1.09828,1.57086,0.11671,-0.12757,-0.48152,0.02655,,,,,,,,,,,,,,,,,,,,,,,,,,0,0,0,0,0
16.1855,1783969867.9523,1,1,0.5000,0.4765,1.42233,-0.03161,-2.63742,1.09828,1.57086,0.11671,-0.12757,-0.48152,0.02655,,,,,,,,,,,,,,,,,,,,,,,,,,0,0,0,0,0
16.1878,1783969867.9546,1,1,0.5000,0.4719,1.42233,-0.03161,-2.63742,1.09828,1.57086,0.11671,-0.12757,-0.48152,0.02655,,,,,,,,,,,,,,,,,,,,,,,,,,0,0,0,0,0
16.1945,1783969867.9613,1,1,0.5000,0.4597,1.42233,-0.03161,-2.63742,1.09828,1.57086,0.11671,-0.12757,-0.48152,0.02655,,,,,,,,,,,,,,,,,,,,,,,,,,0,0,0,0,0
16.2068,1783969867.9736,1,1,0.5000,0.4412,1.42233,-0.03161,-2.63742,1.09828,1.57086,0.11671,-0.12757,-0.48152,0.02655,,,,,,,,,,,,,,,,,,,,,,,,,,0,0,0,0,0
16.2212,1783969867.9880,1,1,0.5000,0.4411,1.42233,-0.03161,-2.63742,1.09828,1.57086,0.11671,-0.12757,-0.48152,0.02655,,,,,,,,,,,,,,,,,,,,,,,,,,0,0,0,0,0
16.2215,1783969867.9883,1,1,0.5000,0.4422,1.42233,-0.03161,-2.63742,1.09828,1.57086,0.11671,-0.12757,-0.48152,0.02655,,,,,,,,,,,,,,,,,,,,,,,,,,0,0,0,0,0
16.2279,1783969867.9946,1,1,0.5000,0.4262,1.42233,-0.03161,-2.63742,1.09828,1.57086,0.11671,-0.12757,-0.48152,0.02655,,,,,,,,,,,,,,,,,,,,,,,,,,0,0,0,0,0
16.2283,1783969867.9950,1,1,0.5000,0.4295,1.42233,-0.03161,-2.63742,1.09828,1.57086,0.11671,-0.12757,-0.48152,0.02655,,,,,,,,,,,,,,,,,,,,,,,,,,0,0,0,0,0
16.2360,1783969868.0028,1,1,0.5000,0.4349,1.42233,-0.03161,-2.63742,1.09828,1.57086,0.11671,-0.12757,-0.48152,0.02655,,,,,,,,,,,,,,,,,,,,,,,,,,0,0,0,0,0
16.2364,1783969868.0032,1,1,0.5000,0.4309,1.42233,-0.03161,-2.63742,1.09828,1.57086,0.11671,-0.12757,-0.48152,0.02655,,,,,,,,,,,,,,,,,,,,,,,,,,0,0,0,0,0
16.2465,1783969868.0133,1,1,0.5000,0.4257,1.42233,-0.03161,-2.63742,1.09828,1.57086,0.11671,-0.12757,-0.48152,0.02655,,,,,,,,,,,,,,,,,,,,,,,,,,0,0,0,0,0
16.2585,1783969868.0253,1,1,0.5000,0.4149,1.42233,-0.03161,-2.63742,1.09828,1.57086,0.11671,-0.12757,-0.48152,0.02655,,,,,,,,,,,,,,,,,,,,,,,,,,0,0,0,0,0
16.2648,1783969868.0316,1,1,0.5000,0.4194,1.42233,-0.03161,-2.63742,1.09828,1.57086,0.11671,-0.12757,-0.48152,0.02655,,,,,,,,,,,,,,,,,,,,,,,,,,0,0,0,0,0
16.2651,1783969868.0319,1,1,0.5000,0.4185,1.42233,-0.03161,-2.63742,1.09828,1.57086,0.11671,-0.12757,-0.48152,0.02655,,,,,,,,,,,,,,,,,,,,,,,,,,0,0,0,0,0
16.2858,1783969868.0526,1,1,0.5000,0.4221,1.42233,-0.03161,-2.63742,1.09828,1.57086,0.11671,-0.12757,-0.48152,0.02655,,,,,,,,,,,,,,,,,,,,,,,,,,0,0,0,0,0
16.2861,1783969868.0529,1,1,0.5000,0.4218,1.42233,-0.03161,-2.63742,1.09828,1.57086,0.11671,-0.12757,-0.48152,0.02655,,,,,,,,,,,,,,,,,,,,,,,,,,0,0,0,0,0
16.2878,1783969868.0545,1,1,0.5000,0.4156,1.42233,-0.03161,-2.63742,1.09828,1.57086,0.11671,-0.12757,-0.48152,0.02655,,,,,,,,,,,,,,,,,,,,,,,,,,0,0,0,0,0
16.2948,1783969868.0616,1,1,0.5000,0.4329,1.42233,-0.03161,-2.63742,1.09828,1.57086,0.11671,-0.12757,-0.48152,0.02655,,,,,,,,,,,,,,,,,,,,,,,,,,0,0,0,0,0
16.2952,1783969868.0620,1,1,0.5000,0.4384,1.42233,-0.03161,-2.63742,1.09828,1.57086,0.11671,-0.12757,-0.48152,0.02655,,,,,,,,,,,,,,,,,,,,,,,,,,0,0,0,0,0
16.3088,1783969868.0756,1,1,0.5000,0.4275,1.42233,-0.03161,-2.63742,1.09828,1.57086,0.11671,-0.12757,-0.48152,0.02655,,,,,,,,,,,,,,,,,,,,,,,,,,0,0,0,0,0
16.3162,1783969868.0830,1,1,0.5000,0.4287,1.42233,-0.03161,-2.63742,1.09828,1.57086,0.11671,-0.12757,-0.48152,0.02655,,,,,,,,,,,,,,,,,,,,,,,,,,0,0,0,0,0
16.3239,1783969868.0907,1,1,0.5000,0.4307,1.42233,-0.03161,-2.63742,1.09828,1.57086,0.11671,-0.12757,-0.48152,0.02655,,,,,,,,,,,,,,,,,,,,,,,,,,0,0,0,0,0
16.3244,1783969868.0911,1,1,0.5000,0.4298,1.42233,-0.03161,-2.63742,1.09828,1.57086,0.11671,-0.12757,-0.48152,0.02655,,,,,,,,,,,,,,,,,,,,,,,,,,0,0,0,0,0
16.3691,1783969868.1359,1,1,0.5000,0.4058,1.42233,-0.03161,-2.63742,1.09828,1.57086,0.11671,-0.12757,-0.48152,0.02655,,,,,,,,,,,,,,,,,,,,,,,,,,0,0,0,0,0
16.4461,1783969868.2129,1,1,0.5000,0.4029,1.42233,-0.03161,-2.63742,1.09828,1.57086,0.11671,-0.12757,-0.48152,0.02655,,,,,,,,,,,,,,,,,,,,,,,,,,0,0,0,0,0
16.4467,1783969868.2134,1,1,0.5000,0.4161,1.42233,-0.03161,-2.63742,1.09828,1.57086,0.11671,-0.12757,-0.48152,0.02655,,,,,,,,,,,,,,,,,,,,,,,,,,0,0,0,0,0
16.4933,1783969868.2601,1,1,0.5000,0.4502,1.42233,-0.03161,-2.63742,1.09828,1.57086,0.11671,-0.12757,-0.48152,0.02655,,,,,,,,,,,,,,,,,,,,,,,,,,0,0,0,0,0
16.4937,1783969868.2605,1,1,0.5000,0.4524,1.42233,-0.03161,-2.63742,1.09828,1.57086,0.11671,-0.12757,-0.48152,0.02655,,,,,,,,,,,,,,,,,,,,,,,,,,0,0,0,0,0
16.5014,1783969868.2682,1,1,0.5000,0.4334,1.42233,-0.03161,-2.63742,1.09828,1.57086,0.11671,-0.12757,-0.48152,0.02655,,,,,,,,,,,,,,,,,,,,,,,,,,0,0,0,0,0
16.5081,1783969868.2749,1,1,0.5000,0.4320,1.42233,-0.03161,-2.63742,1.09828,1.57086,0.11671,-0.12757,-0.48152,0.02655,,,,,,,,,,,,,,,,,,,,,,,,,,0,0,0,0,0
16.5088,1783969868.2756,1,1,0.5000,0.4349,1.42233,-0.03161,-2.63742,1.09828,1.57086,0.11671,-0.12757,-0.48152,0.02655,,,,,,,,,,,,,,,,,,,,,,,,,,0,0,0,0,0
16.5212,1783969868.2880,1,1,0.5000,0.4336,1.42233,-0.03161,-2.63742,1.09828,1.57086,0.11671,-0.12757,-0.48152,0.02655,,,,,,,,,,,,,,,,,,,,,,,,,,0,0,0,0,0
16.5216,1783969868.2884,1,1,0.5000,0.4314,1.42233,-0.03161,-2.63742,1.09828,1.57086,0.11671,-0.12757,-0.48152,0.02655,,,,,,,,,,,,,,,,,,,,,,,,,,0,0,0,0,0
16.5289,1783969868.2956,1,1,0.5000,0.4502,1.42233,-0.03161,-2.63742,1.09828,1.57086,0.11671,-0.12757,-0.48152,0.02655,,,,,,,,,,,,,,,,,,,,,,,,,,0,0,0,0,0
16.5320,1783969868.2988,1,1,0.5000,0.5823,1.42233,-0.03161,-2.63742,1.09828,1.57086,0.11671,-0.12757,-0.48152,0.02655,,,,,,,,,,,,,,,,,,,,,,,,,,0,0,0,0,0
16.5323,1783969868.2991,1,1,0.5000,0.5100,1.42233,-0.03161,-2.63742,1.09828,1.57086,0.11671,-0.12757,-0.48152,0.02655,,,,,,,,,,,,,,,,,,,,,,,,,,0,0,0,0,0
16.5387,1783969868.3055,1,1,0.5000,0.4426,1.42233,-0.03161,-2.63742,1.09828,1.57085,0.11671,-0.12757,-0.48152,0.02655,,,,,,,,,,,,,,,,,,,,,,,,,,0,0,0,0,0
16.5398,1783969868.3066,1,1,0.5000,0.4241,1.42233,-0.03161,-2.63742,1.09828,1.57085,0.11671,-0.12757,-0.48152,0.02655,,,,,,,,,,,,,,,,,,,,,,,,,,0,0,0,0,0
16.5440,1783969868.3108,1,1,0.5000,0.4071,1.42233,-0.03161,-2.63742,1.09828,1.57085,0.11671,-0.12757,-0.48152,0.02655,,,,,,,,,,,,,,,,,,,,,,,,,,0,0,0,0,0
16.5443,1783969868.3111,1,1,0.5000,0.4201,1.42233,-0.03161,-2.63742,1.09828,1.57085,0.11671,-0.12757,-0.48152,0.02655,,,,,,,,,,,,,,,,,,,,,,,,,,0,0,0,0,0
16.5510,1783969868.3178,1,1,0.5000,0.4444,1.42233,-0.03162,-2.63742,1.09828,1.57085,0.11671,-0.12757,-0.48152,0.02655,,,,,,,,,,,,,,,,,,,,,,,,,,0,0,0,0,0
16.5519,1783969868.3187,1,1,0.5000,0.5567,1.42233,-0.03162,-2.63742,1.09828,1.57085,0.11671,-0.12757,-0.48152,0.02655,,,,,,,,,,,,,,,,,,,,,,,,,,0,0,0,0,0
16.5538,1783969868.3206,1,1,0.5000,0.5352,1.42233,-0.03162,-2.63742,1.09828,1.57085,0.11671,-0.12757,-0.48152,0.02655,,,,,,,,,,,,,,,,,,,,,,,,,,0,0,0,0,0
16.6046,1783969868.3714,1,1,0.5000,0.5198,1.42233,-0.03162,-2.63742,1.09828,1.57085,0.11671,-0.12757,-0.48152,0.02655,,,,,,,,,,,,,,,,,,,,,,,,,,0,0,0,0,0
16.6579,1783969868.4247,1,2,0.5000,0.4885,1.42233,-0.03162,-2.63742,1.09828,1.57085,0.11671,-0.12757,-0.48152,0.02655,,,,,,,,,,,,,,,,,,,,,,,,,,0,0,0,0,0
16.6599,1783969868.4267,1,2,0.5000,0.4714,1.42233,-0.03162,-2.63742,1.09828,1.57085,0.11671,-0.12757,-0.48152,0.02655,,,,,,,,,,,,,,,,,,,,,,,,,,0,0,0,0,0
16.6603,1783969868.4270,1,2,0.5000,0.4351,1.42233,-0.03162,-2.63742,1.09828,1.57085,0.11671,-0.12757,-0.48152,0.02655,,,,,,,,,,,,,,,,,,,,,,,,,,0,0,0,0,0
16.6650,1783969868.4318,1,2,0.5000,0.4786,1.42233,-0.03162,-2.63742,1.09828,1.57085,0.11671,-0.12757,-0.48152,0.02655,,,,,,,,,,,,,,,,,,,,,,,,,,0,0,0,0,0
16.6740,1783969868.4408,1,2,0.5000,0.5066,1.42233,-0.03162,-2.63742,1.09828,1.57085,0.11671,-0.12757,-0.48152,0.02655,,,,,,,,,,,,,,,,,,,,,,,,,,0,0,0,0,0
16.6778,1783969868.4446,1,2,0.5000,0.5509,1.42233,-0.03162,-2.63742,1.09828,1.57085,0.11671,-0.12757,-0.48152,0.02655,,,,,,,,,,,,,,,,,,,,,,,,,,0,0,0,0,0
16.6782,1783969868.4449,1,2,0.5000,0.5542,1.42233,-0.03162,-2.63742,1.09828,1.57085,0.11671,-0.12757,-0.48152,0.02655,,,,,,,,,,,,,,,,,,,,,,,,,,0,0,0,0,0
16.6797,1783969868.4465,1,2,0.5000,0.5133,1.42233,-0.03162,-2.63742,1.09828,1.57085,0.11671,-0.12757,-0.48152,0.02655,,,,,,,,,,,,,,,,,,,,,,,,,,0,0,0,0,0
16.6801,1783969868.4469,1,2,0.5000,0.4577,1.42233,-0.03162,-2.63742,1.09828,1.57085,0.11671,-0.12757,-0.48152,0.02655,,,,,,,,,,,,,,,,,,,,,,,,,,0,0,0,0,0
16.6804,1783969868.4472,1,2,0.5000,0.4473,1.42233,-0.03162,-2.63742,1.09828,1.57085,0.11671,-0.12757,-0.48152,0.02655,,,,,,,,,,,,,,,,,,,,,,,,,,0,0,0,0,0
16.6848,1783969868.4515,1,2,0.5000,0.4585,1.42233,-0.03162,-2.63742,1.09828,1.57085,0.11671,-0.12757,-0.48152,0.02655,,,,,,,,,,,,,,,,,,,,,,,,,,0,0,0,0,0
16.6850,1783969868.4518,1,2,0.5000,0.4644,1.42233,-0.03162,-2.63742,1.09828,1.57085,0.11671,-0.12757,-0.48152,0.02655,,,,,,,,,,,,,,,,,,,,,,,,,,0,0,0,0,0
16.6979,1783969868.4647,1,2,0.5000,0.5323,1.42233,-0.03162,-2.63742,1.09828,1.57085,0.11671,-0.12757,-0.48152,0.02655,,,,,,,,,,,,,,,,,,,,,,,,,,0,0,0,0,0
16.7015,1783969868.4683,1,2,0.5000,0.5717,1.42233,-0.03162,-2.63742,1.09828,1.57085,0.11671,-0.12757,-0.48152,0.02655,,,,,,,,,,,,,,,,,,,,,,,,,,0,0,0,0,0
16.7020,1783969868.4687,1,2,0.5000,0.5544,1.42233,-0.03162,-2.63742,1.09828,1.57085,0.11671,-0.12757,-0.48152,0.02655,,,,,,,,,,,,,,,,,,,,,,,,,,0,0,0,0,0
16.7072,1783969868.4739,1,2,0.5000,0.5335,1.42233,-0.03162,-2.63742,1.09828,1.57085,0.11671,-0.12757,-0.48152,0.02655,,,,,,,,,,,,,,,,,,,,,,,,,,0,0,0,0,0
16.7098,1783969868.4765,1,2,0.5000,0.4688,1.42233,-0.03162,-2.63742,1.09828,1.57085,0.11671,-0.12757,-0.48152,0.02655,,,,,,,,,,,,,,,,,,,,,,,,,,0,0,0,0,0
16.7122,1783969868.4790,1,2,0.5000,0.4185,1.42233,-0.03162,-2.63742,1.09828,1.57085,0.11671,-0.12757,-0.48152,0.02655,,,,,,,,,,,,,,,,,,,,,,,,,,0,0,0,0,0
16.7162,1783969868.4830,1,2,0.5000,0.4275,1.42233,-0.03162,-2.63742,1.09828,1.57085,0.11671,-0.12757,-0.48152,0.02655,,,,,,,,,,,,,,,,,,,,,,,,,,0,0,0,0,0
16.7165,1783969868.4833,1,2,0.5000,0.4561,1.42233,-0.03162,-2.63742,1.09828,1.57085,0.11671,-0.12757,-0.48152,0.02655,,,,,,,,,,,,,,,,,,,,,,,,,,0,0,0,0,0
16.7454,1783969868.5122,1,2,0.5000,0.4874,1.42233,-0.03162,-2.63742,1.09828,1.57085,0.11671,-0.12757,-0.48152,0.02655,,,,,,,,,,,,,,,,,,,,,,,,,,0,0,0,0,0
16.7459,1783969868.5126,1,2,0.5000,0.4905,1.42233,-0.03162,-2.63742,1.09828,1.57085,0.11671,-0.12757,-0.48152,0.02655,,,,,,,,,,,,,,,,,,,,,,,,,,0,0,0,0,0
16.7482,1783969868.5150,1,2,0.5000,0.4888,1.42233,-0.03162,-2.63742,1.09828,1.57085,0.11671,-0.12757,-0.48152,0.02655,,,,,,,,,,,,,,,,,,,,,,,,,,0,0,0,0,0
16.7487,1783969868.5154,1,2,0.5000,0.5432,1.42233,-0.03162,-2.63742,1.09828,1.57085,0.11671,-0.12757,-0.48152,0.02655,,,,,,,,,,,,,,,,,,,,,,,,,,0,0,0,0,0
16.7603,1783969868.5271,1,2,0.5000,0.5179,1.42233,-0.03162,-2.63742,1.09828,1.57085,0.11671,-0.12757,-0.48152,0.02655,,,,,,,,,,,,,,,,,,,,,,,,,,0,0,0,0,0
16.7606,1783969868.5274,1,2,0.5000,0.5147,1.42233,-0.03162,-2.63742,1.09828,1.57085,0.11671,-0.12757,-0.48152,0.02655,,,,,,,,,,,,,,,,,,,,,,,,,,0,0,0,0,0
16.7643,1783969868.5311,1,2,0.5000,0.4954,1.42233,-0.03162,-2.63742,1.09828,1.57085,0.11671,-0.12757,-0.48152,0.02655,,,,,,,,,,,,,,,,,,,,,,,,,,0,0,0,0,0
16.7647,1783969868.5315,1,2,0.5000,0.4567,1.42233,-0.03162,-2.63742,1.09828,1.57085,0.11671,-0.12757,-0.48152,0.02655,,,,,,,,,,,,,,,,,,,,,,,,,,0,0,0,0,0
16.7683,1783969868.5351,1,2,0.5000,0.4228,1.42233,-0.03162,-2.63742,1.09828,1.57085,0.11671,-0.12757,-0.48152,0.02655,,,,,,,,,,,,,,,,,,,,,,,,,,0,0,0,0,0
16.7706,1783969868.5374,1,2,0.5000,0.4484,1.42233,-0.03162,-2.63742,1.09828,1.57085,0.11671,-0.12757,-0.48152,0.02655,,,,,,,,,,,,,,,,,,,,,,,,,,0,0,0,0,0
16.7709,1783969868.5377,1,2,0.5000,0.4535,1.42233,-0.03162,-2.63742,1.09828,1.57085,0.11671,-0.12757,-0.48152,0.02655,,,,,,,,,,,,,,,,,,,,,,,,,,0,0,0,0,0
16.7766,1783969868.5434,1,2,0.5000,0.4868,1.42233,-0.03162,-2.63742,1.09828,1.57085,0.11671,-0.12757,-0.48152,0.02655,,,,,,,,,,,,,,,,,,,,,,,,,,0,0,0,0,0
16.7903,1783969868.5571,1,2,0.5000,0.5259,1.42233,-0.03162,-2.63742,1.09828,1.57085,0.11671,-0.12757,-0.48152,0.02655,,,,,,,,,,,,,,,,,,,,,,,,,,0,0,0,0,0
16.8088,1783969868.5756,1,2,0.5000,0.5062,1.42233,-0.03162,-2.63742,1.09828,1.57085,0.11671,-0.12757,-0.48152,0.02655,,,,,,,,,,,,,,,,,,,,,,,,,,0,0,0,0,0
16.8164,1783969868.5832,1,2,0.5000,0.5002,1.42233,-0.03162,-2.63742,1.09828,1.57085,0.11671,-0.12757,-0.48152,0.02655,,,,,,,,,,,,,,,,,,,,,,,,,,0,0,0,0,0
16.8167,1783969868.5835,1,2,0.5000,0.4737,1.42233,-0.03162,-2.63742,1.09828,1.57085,0.11671,-0.12757,-0.48152,0.02655,,,,,,,,,,,,,,,,,,,,,,,,,,0,0,0,0,0
16.8268,1783969868.5936,1,2,0.5000,0.4587,1.42233,-0.03162,-2.63742,1.09828,1.57085,0.11671,-0.12757,-0.48152,0.02655,,,,,,,,,,,,,,,,,,,,,,,,,,0,0,0,0,0
16.8272,1783969868.5940,1,2,0.5000,0.4379,1.42233,-0.03162,-2.63742,1.09828,1.57085,0.11671,-0.12757,-0.48152,0.02655,,,,,,,,,,,,,,,,,,,,,,,,,,0,0,0,0,0
16.8299,1783969868.5966,1,2,0.5000,0.4214,1.42233,-0.03162,-2.63742,1.09828,1.57085,0.11671,-0.12757,-0.48152,0.02655,,,,,,,,,,,,,,,,,,,,,,,,,,0,0,0,0,0
16.8365,1783969868.6033,1,2,0.5000,0.4508,1.42233,-0.03162,-2.63742,1.09828,1.57085,0.11671,-0.12757,-0.48152,0.02655,,,,,,,,,,,,,,,,,,,,,,,,,,0,0,0,0,0
16.8385,1783969868.6053,1,2,0.5000,0.5353,1.42233,-0.03162,-2.63742,1.09828,1.57085,0.11671,-0.12757,-0.48152,0.02655,,,,,,,,,,,,,,,,,,,,,,,,,,0,0,0,0,0
16.8418,1783969868.6086,1,2,0.5000,0.5214,1.42233,-0.03162,-2.63742,1.09828,1.57085,0.11671,-0.12757,-0.48152,0.02655,,,,,,,,,,,,,,,,,,,,,,,,,,0,0,0,0,0
16.8482,1783969868.6150,1,2,0.5000,0.4818,1.42233,-0.03162,-2.63742,1.09828,1.57085,0.11671,-0.12757,-0.48152,0.02655,,,,,,,,,,,,,,,,,,,,,,,,,,0,0,0,0,0
16.8554,1783969868.6222,1,2,0.5000,0.4212,1.42233,-0.03162,-2.63742,1.09828,1.57085,0.11671,-0.12757,-0.48152,0.02655,,,,,,,,,,,,,,,,,,,,,,,,,,0,0,0,0,0
16.8653,1783969868.6320,1,2,0.5000,0.4284,1.42233,-0.03162,-2.63742,1.09828,1.57085,0.11671,-0.12757,-0.48152,0.02655,,,,,,,,,,,,,,,,,,,,,,,,,,0,0,0,0,0
16.8776,1783969868.6443,1,2,0.5000,0.4426,1.42233,-0.03162,-2.63742,1.09828,1.57085,0.11671,-0.12757,-0.48152,0.02655,,,,,,,,,,,,,,,,,,,,,,,,,,0,0,0,0,0
16.8853,1783969868.6521,1,2,0.5000,0.4508,1.42233,-0.03162,-2.63742,1.09828,1.57085,0.11671,-0.12757,-0.48152,0.02655,,,,,,,,,,,,,,,,,,,,,,,,,,0,0,0,0,0
16.9099,1783969868.6766,1,2,0.5000,0.4949,1.42233,-0.03162,-2.63742,1.09828,1.57085,0.11671,-0.12757,-0.48152,0.02655,,,,,,,,,,,,,,,,,,,,,,,,,,0,0,0,0,0
16.9163,1783969868.6830,1,2,0.5000,0.4704,1.42233,-0.03162,-2.63742,1.09828,1.57085,0.11671,-0.12757,-0.48152,0.02655,,,,,,,,,,,,,,,,,,,,,,,,,,0,0,0,0,0
16.9187,1783969868.6855,1,2,0.5000,0.4513,1.42233,-0.03162,-2.63742,1.09828,1.57085,0.11671,-0.12757,-0.48152,0.02655,,,,,,,,,,,,,,,,,,,,,,,,,,0,0,0,0,0
16.9239,1783969868.6907,1,2,0.5000,0.4354,1.42233,-0.03162,-2.63742,1.09828,1.57085,0.11671,-0.12757,-0.48152,0.02655,,,,,,,,,,,,,,,,,,,,,,,,,,0,0,0,0,0
16.9246,1783969868.6914,1,2,0.5000,0.4380,1.42233,-0.03162,-2.63742,1.09828,1.57085,0.11671,-0.12757,-0.48152,0.02655,,,,,,,,,,,,,,,,,,,,,,,,,,0,0,0,0,0
16.9447,1783969868.7115,1,2,0.5000,0.4377,1.42233,-0.03162,-2.63742,1.09828,1.57085,0.11671,-0.12757,-0.48152,0.02655,,,,,,,,,,,,,,,,,,,,,,,,,,0,0,0,0,0
16.9452,1783969868.7120,1,2,0.5000,0.4258,1.42233,-0.03162,-2.63742,1.09828,1.57085,0.11671,-0.12757,-0.48152,0.02655,,,,,,,,,,,,,,,,,,,,,,,,,,0,0,0,0,0
16.9472,1783969868.7139,1,2,0.5000,0.4304,1.42233,-0.03162,-2.63742,1.09828,1.57085,0.11671,-0.12757,-0.48152,0.02655,,,,,,,,,,,,,,,,,,,,,,,,,,0,0,0,0,0
16.9476,1783969868.7143,1,2,0.5000,0.4555,1.42233,-0.03162,-2.63742,1.09828,1.57085,0.11671,-0.12757,-0.48152,0.02655,,,,,,,,,,,,,,,,,,,,,,,,,,0,0,0,0,0
16.9747,1783969868.7415,1,2,0.5000,0.4667,1.42233,-0.03162,-2.63742,1.09828,1.57085,0.11671,-0.12757,-0.48152,0.02655,,,,,,,,,,,,,,,,,,,,,,,,,,0,0,0,0,0
16.9762,1783969868.7430,1,2,0.5000,0.4879,1.42233,-0.03162,-2.63742,1.09828,1.57085,0.11671,-0.12757,-0.48152,0.02655,,,,,,,,,,,,,,,,,,,,,,,,,,0,0,0,0,0
16.9766,1783969868.7434,1,2,0.5000,0.4759,1.42233,-0.03162,-2.63742,1.09828,1.57085,0.11671,-0.12757,-0.48152,0.02655,,,,,,,,,,,,,,,,,,,,,,,,,,0,0,0,0,0
16.9806,1783969868.7473,1,2,0.5000,0.4669,1.42233,-0.03162,-2.63742,1.09828,1.57085,0.11671,-0.12757,-0.48152,0.02655,,,,,,,,,,,,,,,,,,,,,,,,,,0,0,0,0,0
16.9810,1783969868.7478,1,2,0.5000,0.4599,1.42233,-0.03162,-2.63742,1.09828,1.57085,0.11671,-0.12757,-0.48152,0.02655,,,,,,,,,,,,,,,,,,,,,,,,,,0,0,0,0,0
16.9846,1783969868.7513,1,2,0.5000,0.4521,1.42233,-0.03162,-2.63742,1.09828,1.57085,0.11671,-0.12757,-0.48152,0.02655,,,,,,,,,,,,,,,,,,,,,,,,,,0,0,0,0,0
16.9850,1783969868.7518,1,2,0.5000,0.4281,1.42233,-0.03162,-2.63742,1.09828,1.57085,0.11671,-0.12757,-0.48152,0.02655,,,,,,,,,,,,,,,,,,,,,,,,,,0,0,0,0,0
17.0164,1783969868.7831,1,2,0.5000,0.4098,1.42233,-0.03162,-2.63742,1.09828,1.57085,0.11671,-0.12757,-0.48152,0.02655,,,,,,,,,,,,,,,,,,,,,,,,,,0,0,0,0,0
17.0182,1783969868.7850,1,2,0.5000,0.4162,1.42233,-0.03162,-2.63742,1.09828,1.57085,0.11671,-0.12757,-0.48152,0.02655,,,,,,,,,,,,,,,,,,,,,,,,,,0,0,0,0,0
17.0186,1783969868.7854,1,2,0.5000,0.4270,1.42233,-0.03162,-2.63742,1.09828,1.57085,0.11671,-0.12757,-0.48152,0.02655,,,,,,,,,,,,,,,,,,,,,,,,,,0,0,0,0,0
17.0194,1783969868.7861,1,2,0.5000,0.4337,1.42233,-0.03162,-2.63742,1.09828,1.57085,0.11671,-0.12757,-0.48152,0.02655,,,,,,,,,,,,,,,,,,,,,,,,,,0,0,0,0,0
17.0200,1783969868.7868,1,2,0.5000,0.4469,1.42233,-0.03162,-2.63742,1.09828,1.57085,0.11671,-0.12757,-0.48152,0.02655,,,,,,,,,,,,,,,,,,,,,,,,,,0,0,0,0,0
17.0261,1783969868.7929,1,2,0.5000,0.4618,1.42233,-0.03162,-2.63742,1.09829,1.57085,0.11671,-0.12757,-0.48152,0.02655,,,,,,,,,,,,,,,,,,,,,,,,,,0,0,0,0,0
17.0450,1783969868.8118,1,2,0.5000,0.4561,1.42233,-0.03162,-2.63742,1.09829,1.57085,0.11671,-0.12757,-0.48152,0.02655,,,,,,,,,,,,,,,,,,,,,,,,,,0,0,0,0,0
17.0527,1783969868.8195,1,2,0.5000,0.4475,1.42233,-0.03162,-2.63742,1.09829,1.57085,0.11671,-0.12757,-0.48152,0.02655,,,,,,,,,,,,,,,,,,,,,,,,,,0,0,0,0,0
17.0609,1783969868.8277,1,2,0.5000,0.4349,1.42233,-0.03162,-2.63742,1.09829,1.57085,0.11671,-0.12757,-0.48152,0.02655,,,,,,,,,,,,,,,,,,,,,,,,,,0,0,0,0,0
17.0672,1783969868.8340,1,2,0.5000,0.4397,1.42233,-0.03162,-2.63742,1.09829,1.57085,0.11671,-0.12757,-0.48152,0.02655,,,,,,,,,,,,,,,,,,,,,,,,,,0,0,0,0,0
17.0778,1783969868.8446,1,2,0.5000,0.4804,1.42233,-0.03162,-2.63742,1.09829,1.57085,0.11671,-0.12757,-0.48152,0.02655,,,,,,,,,,,,,,,,,,,,,,,,,,0,0,0,0,0
17.2090,1783969868.9758,1,2,0.5000,0.4904,1.42233,-0.03162,-2.63742,1.09829,1.57085,0.11671,-0.12757,-0.48152,0.02655,,,,,,,,,,,,,,,,,,,,,,,,,,0,0,0,0,0
17.2095,1783969868.9763,1,2,0.5000,0.4864,1.42233,-0.03162,-2.63742,1.09829,1.57085,0.11671,-0.12757,-0.48152,0.02655,,,,,,,,,,,,,,,,,,,,,,,,,,0,0,0,0,0
17.2166,1783969868.9834,1,2,0.5000,0.4846,1.42233,-0.03162,-2.63742,1.09829,1.57085,0.11671,-0.12757,-0.48152,0.02655,,,,,,,,,,,,,,,,,,,,,,,,,,0,0,0,0,0
17.2170,1783969868.9837,1,2,0.5000,0.4885,1.42233,-0.03162,-2.63742,1.09829,1.57085,0.11671,-0.12757,-0.48152,0.02655,,,,,,,,,,,,,,,,,,,,,,,,,,0,0,0,0,0
17.2177,1783969868.9845,1,2,0.5000,0.4798,1.42233,-0.03162,-2.63742,1.09829,1.57085,0.11671,-0.12757,-0.48152,0.02655,,,,,,,,,,,,,,,,,,,,,,,,,,0,0,0,0,0
17.2180,1783969868.9848,1,2,0.5000,0.4383,1.42233,-0.03162,-2.63742,1.09829,1.57085,0.11671,-0.12757,-0.48152,0.02655,,,,,,,,,,,,,,,,,,,,,,,,,,0,0,0,0,0
17.2185,1783969868.9853,1,2,0.5000,0.4336,1.42233,-0.03162,-2.63742,1.09829,1.57085,0.11671,-0.12757,-0.48152,0.02655,,,,,,,,,,,,,,,,,,,,,,,,,,0,0,0,0,0
17.2191,1783969868.9859,1,2,0.5000,0.4021,1.42233,-0.03162,-2.63742,1.09829,1.57085,0.11671,-0.12757,-0.48152,0.02655,,,,,,,,,,,,,,,,,,,,,,,,,,0,0,0,0,0
17.2220,1783969868.9887,1,2,0.5000,0.4172,1.42233,-0.03162,-2.63742,1.09829,1.57085,0.11671,-0.12757,-0.48152,0.02655,,,,,,,,,,,,,,,,,,,,,,,,,,0,0,0,0,0
17.2239,1783969868.9906,1,2,0.5000,0.4521,1.42233,-0.03162,-2.63742,1.09829,1.57085,0.11671,-0.12757,-0.48152,0.02655,,,,,,,,,,,,,,,,,,,,,,,,,,0,0,0,0,0
17.2246,1783969868.9913,1,2,0.5000,0.4446,1.42233,-0.03162,-2.63742,1.09829,1.57085,0.11671,-0.12757,-0.48152,0.02655,,,,,,,,,,,,,,,,,,,,,,,,,,0,0,0,0,0
17.2260,1783969868.9928,1,2,0.5000,0.4501,1.42233,-0.03162,-2.63742,1.09829,1.57085,0.11671,-0.12757,-0.48152,0.02655,,,,,,,,,,,,,,,,,,,,,,,,,,0,0,0,0,0
17.2264,1783969868.9932,1,2,0.5000,0.4423,1.42233,-0.03162,-2.63742,1.09829,1.57085,0.11671,-0.12757,-0.48152,0.02655,,,,,,,,,,,,,,,,,,,,,,,,,,0,0,0,0,0
17.2275,1783969868.9943,1,2,0.5000,0.4396,1.42233,-0.03162,-2.63742,1.09829,1.57085,0.11671,-0.12757,-0.48152,0.02655,,,,,,,,,,,,,,,,,,,,,,,,,,0,0,0,0,0
17.2283,1783969868.9951,1,2,0.5000,0.4408,1.42233,-0.03162,-2.63742,1.09829,1.57085,0.11671,-0.12757,-0.48152,0.02655,,,,,,,,,,,,,,,,,,,,,,,,,,0,0,0,0,0
17.2290,1783969868.9958,1,2,0.5000,0.4391,1.42233,-0.03162,-2.63742,1.09829,1.57085,0.11671,-0.12757,-0.48152,0.02655,,,,,,,,,,,,,,,,,,,,,,,,,,0,0,0,0,0
17.2294,1783969868.9962,1,2,0.5000,0.4971,1.42233,-0.03162,-2.63742,1.09829,1.57085,0.11671,-0.12757,-0.48152,0.02655,,,,,,,,,,,,,,,,,,,,,,,,,,0,0,0,0,0
17.2297,1783969868.9965,1,2,0.5000,0.4964,1.42233,-0.03162,-2.63742,1.09829,1.57085,0.11671,-0.12757,-0.48152,0.02655,,,,,,,,,,,,,,,,,,,,,,,,,,0,0,0,0,0
17.2308,1783969868.9976,1,2,0.5000,0.5071,1.42233,-0.03162,-2.63742,1.09829,1.57085,0.11671,-0.12757,-0.48152,0.02655,,,,,,,,,,,,,,,,,,,,,,,,,,0,0,0,0,0
17.2351,1783969869.0019,1,2,0.5000,0.5096,1.42233,-0.03162,-2.63742,1.09829,1.57085,0.11671,-0.12757,-0.48152,0.02655,,,,,,,,,,,,,,,,,,,,,,,,,,0,0,0,0,0
17.2354,1783969869.0022,1,2,0.5000,0.5086,1.42233,-0.03162,-2.63742,1.09829,1.57085,0.11671,-0.12757,-0.48152,0.02655,,,,,,,,,,,,,,,,,,,,,,,,,,0,0,0,0,0
17.2486,1783969869.0154,1,2,0.5000,0.5043,1.42233,-0.03162,-2.63742,1.09829,1.57085,0.11671,-0.12757,-0.48152,0.02655,,,,,,,,,,,,,,,,,,,,,,,,,,0,0,0,0,0
17.2489,1783969869.0157,1,2,0.5000,0.5025,1.42233,-0.03162,-2.63742,1.09829,1.57085,0.11671,-0.12757,-0.48152,0.02655,,,,,,,,,,,,,,,,,,,,,,,,,,0,0,0,0,0
17.2711,1783969869.0378,1,2,0.5000,0.4846,1.42233,-0.03162,-2.63742,1.09829,1.57085,0.11671,-0.12757,-0.48152,0.02655,,,,,,,,,,,,,,,,,,,,,,,,,,0,0,0,0,0
17.2716,1783969869.0384,1,2,0.5000,0.4781,1.42233,-0.03162,-2.63742,1.09829,1.57085,0.11671,-0.12757,-0.48152,0.02655,,,,,,,,,,,,,,,,,,,,,,,,,,0,0,0,0,0
17.2751,1783969869.0419,1,2,0.5000,0.4841,1.42233,-0.03162,-2.63742,1.09829,1.57085,0.11671,-0.12757,-0.48152,0.02655,,,,,,,,,,,,,,,,,,,,,,,,,,0,0,0,0,0
17.2755,1783969869.0422,1,2,0.5000,0.4842,1.42233,-0.03162,-2.63742,1.09829,1.57085,0.11671,-0.12757,-0.48152,0.02655,,,,,,,,,,,,,,,,,,,,,,,,,,0,0,0,0,0
17.2764,1783969869.0432,1,2,0.5000,0.4801,1.42233,-0.03162,-2.63742,1.09829,1.57085,0.11671,-0.12757,-0.48152,0.02655,,,,,,,,,,,,,,,,,,,,,,,,,,0,0,0,0,0
17.2767,1783969869.0434,1,2,0.5000,0.4829,1.42233,-0.03162,-2.63742,1.09829,1.57085,0.11671,-0.12757,-0.48152,0.02655,,,,,,,,,,,,,,,,,,,,,,,,,,0,0,0,0,0
17.2892,1783969869.0559,1,2,0.5000,0.4936,1.42233,-0.03162,-2.63742,1.09829,1.57085,0.11671,-0.12757,-0.48152,0.02655,,,,,,,,,,,,,,,,,,,,,,,,,,0,0,0,0,0
17.2949,1783969869.0617,1,2,0.5000,0.5319,1.42233,-0.03162,-2.63742,1.09829,1.57085,0.11671,-0.12757,-0.48152,0.02655,,,,,,,,,,,,,,,,,,,,,,,,,,0,0,0,0,0
17.4367,1783969869.2035,1,2,0.5000,0.5111,1.42233,-0.03162,-2.63742,1.09829,1.57085,0.11671,-0.12757,-0.48152,0.02655,,,,,,,,,,,,,,,,,,,,,,,,,,0,0,0,0,0
17.4419,1783969869.2087,1,2,0.5000,0.5096,1.42233,-0.03162,-2.63742,1.09829,1.57085,0.11671,-0.12757,-0.48152,0.02655,,,,,,,,,,,,,,,,,,,,,,,,,,0,0,0,0,0
17.4445,1783969869.2113,1,2,0.5000,0.4873,1.42233,-0.03162,-2.63742,1.09829,1.57085,0.11671,-0.12757,-0.48152,0.02655,,,,,,,,,,,,,,,,,,,,,,,,,,0,0,0,0,0
17.4527,1783969869.2195,1,2,0.5000,0.4885,1.42233,-0.03162,-2.63742,1.09829,1.57085,0.11671,-0.12757,-0.48152,0.02655,,,,,,,,,,,,,,,,,,,,,,,,,,0,0,0,0,0
17.4659,1783969869.2327,1,2,0.5000,0.5104,1.42233,-0.03162,-2.63742,1.09829,1.57085,0.11671,-0.12757,-0.48152,0.02655,,,,,,,,,,,,,,,,,,,,,,,,,,0,0,0,0,0
17.4787,1783969869.2455,1,2,0.5000,0.5148,1.42233,-0.03162,-2.63742,1.09829,1.57085,0.11671,-0.12757,-0.48152,0.02655,,,,,,,,,,,,,,,,,,,,,,,,,,0,0,0,0,0
17.4903,1783969869.2571,1,2,0.5000,0.5329,1.42233,-0.03162,-2.63742,1.09829,1.57085,0.11671,-0.12757,-0.48152,0.02655,,,,,,,,,,,,,,,,,,,,,,,,,,0,0,0,0,0
17.4906,1783969869.2574,1,2,0.5000,0.5300,1.42233,-0.03162,-2.63742,1.09829,1.57085,0.11671,-0.12757,-0.48152,0.02655,,,,,,,,,,,,,,,,,,,,,,,,,,0,0,0,0,0
17.4986,1783969869.2654,1,2,0.5000,0.5194,1.42233,-0.03162,-2.63742,1.09829,1.57085,0.11671,-0.12757,-0.48152,0.02655,,,,,,,,,,,,,,,,,,,,,,,,,,0,0,0,0,0
17.5020,1783969869.2688,1,2,0.5000,0.5128,1.42233,-0.03162,-2.63742,1.09829,1.57085,0.11671,-0.12757,-0.48152,0.02655,,,,,,,,,,,,,,,,,,,,,,,,,,0,0,0,0,0
17.5024,1783969869.2691,1,2,0.5000,0.4800,1.42233,-0.03162,-2.63742,1.09829,1.57085,0.11671,-0.12757,-0.48152,0.02655,,,,,,,,,,,,,,,,,,,,,,,,,,0,0,0,0,0
17.5071,1783969869.2739,1,2,0.5000,0.4692,1.42233,-0.03162,-2.63742,1.09829,1.57085,0.11671,-0.12757,-0.48152,0.02655,,,,,,,,,,,,,,,,,,,,,,,,,,0,0,0,0,0
17.5260,1783969869.2927,1,2,0.5000,0.4853,1.42233,-0.03162,-2.63742,1.09829,1.57085,0.11671,-0.12757,-0.48152,0.02655,,,,,,,,,,,,,,,,,,,,,,,,,,0,0,0,0,0
17.5304,1783969869.2972,1,2,0.5000,0.5334,1.42233,-0.03162,-2.63742,1.09829,1.57085,0.11671,-0.12757,-0.48152,0.02655,,,,,,,,,,,,,,,,,,,,,,,,,,0,0,0,0,0
17.5308,1783969869.2976,1,2,0.5000,0.5139,1.42233,-0.03162,-2.63742,1.09829,1.57085,0.11671,-0.12757,-0.48152,0.02655,,,,,,,,,,,,,,,,,,,,,,,,,,0,0,0,0,0
17.5556,1783969869.3224,1,2,0.5000,0.4947,1.42233,-0.03162,-2.63742,1.09829,1.57085,0.11671,-0.12757,-0.48152,0.02655,,,,,,,,,,,,,,,,,,,,,,,,,,0,0,0,0,0
17.5560,1783969869.3228,1,2,0.5000,0.4926,1.42233,-0.03162,-2.63742,1.09829,1.57085,0.11671,-0.12757,-0.48152,0.02655,,,,,,,,,,,,,,,,,,,,,,,,,,0,0,0,0,0
17.5570,1783969869.3238,1,2,0.5000,0.4883,1.42233,-0.03162,-2.63742,1.09829,1.57085,0.11671,-0.12757,-0.48152,0.02655,,,,,,,,,,,,,,,,,,,,,,,,,,0,0,0,0,0
17.5591,1783969869.3259,1,2,0.5000,0.4999,1.42233,-0.03162,-2.63742,1.09829,1.57085,0.11671,-0.12757,-0.48152,0.02655,,,,,,,,,,,,,,,,,,,,,,,,,,0,0,0,0,0
17.5594,1783969869.3262,1,2,0.5000,0.5116,1.42233,-0.03162,-2.63742,1.09829,1.57085,0.11671,-0.12757,-0.48152,0.02655,,,,,,,,,,,,,,,,,,,,,,,,,,0,0,0,0,0
17.5597,1783969869.3265,1,2,0.5000,0.4562,1.42233,-0.03162,-2.63742,1.09829,1.57085,0.11671,-0.12757,-0.48152,0.02655,,,,,,,,,,,,,,,,,,,,,,,,,,0,0,0,0,0
17.5664,1783969869.3332,1,2,0.5000,0.4444,1.42233,-0.03162,-2.63742,1.09829,1.57085,0.11671,-0.12757,-0.48152,0.02655,,,,,,,,,,,,,,,,,,,,,,,,,,0,0,0,0,0
17.5758,1783969869.3426,1,2,0.5000,0.4588,1.42233,-0.03162,-2.63742,1.09829,1.57085,0.11671,-0.12757,-0.48152,0.02655,,,,,,,,,,,,,,,,,,,,,,,,,,0,0,0,0,0
17.5770,1783969869.3438,1,2,0.5000,0.4620,1.42233,-0.03162,-2.63742,1.09829,1.57085,0.11671,-0.12757,-0.48152,0.02655,,,,,,,,,,,,,,,,,,,,,,,,,,0,0,0,0,0
17.5774,1783969869.3442,1,2,0.5000,0.5060,1.42233,-0.03162,-2.63742,1.09829,1.57085,0.11671,-0.12757,-0.48152,0.02655,,,,,,,,,,,,,,,,,,,,,,,,,,0,0,0,0,0
17.5776,1783969869.3444,1,2,0.5000,0.5113,1.42233,-0.03162,-2.63742,1.09829,1.57085,0.11671,-0.12757,-0.48152,0.02655,,,,,,,,,,,,,,,,,,,,,,,,,,0,0,0,0,0
17.5779,1783969869.3446,1,2,0.5000,0.5119,1.42233,-0.03162,-2.63742,1.09829,1.57085,0.11671,-0.12757,-0.48152,0.02655,,,,,,,,,,,,,,,,,,,,,,,,,,0,0,0,0,0
17.5783,1783969869.3451,1,2,0.5000,0.4912,1.42233,-0.03162,-2.63742,1.09829,1.57085,0.11671,-0.12757,-0.48152,0.02655,,,,,,,,,,,,,,,,,,,,,,,,,,0,0,0,0,0
17.5864,1783969869.3532,1,2,0.5000,0.4700,1.42233,-0.03162,-2.63742,1.09829,1.57085,0.11671,-0.12757,-0.48152,0.02655,,,,,,,,,,,,,,,,,,,,,,,,,,0,0,0,0,0
17.5976,1783969869.3644,1,2,0.5000,0.4841,1.42233,-0.03162,-2.63742,1.09829,1.57085,0.11671,-0.12757,-0.48152,0.02655,,,,,,,,,,,,,,,,,,,,,,,,,,0,0,0,0,0
17.6083,1783969869.3751,1,2,0.5000,0.4830,1.42233,-0.03162,-2.63742,1.09829,1.57085,0.11671,-0.12757,-0.48152,0.02655,,,,,,,,,,,,,,,,,,,,,,,,,,0,0,0,0,0
17.6173,1783969869.3841,1,2,0.5000,0.4895,1.42233,-0.03162,-2.63742,1.09829,1.57085,0.11671,-0.12757,-0.48152,0.02655,,,,,,,,,,,,,,,,,,,,,,,,,,0,0,0,0,0
17.6286,1783969869.3953,1,2,0.5000,0.4718,1.42233,-0.03162,-2.63742,1.09829,1.57085,0.11671,-0.12757,-0.48152,0.02655,,,,,,,,,,,,,,,,,,,,,,,,,,0,0,0,0,0
17.6344,1783969869.4012,1,2,0.5000,0.4348,1.42233,-0.03162,-2.63742,1.09829,1.57085,0.11671,-0.12757,-0.48152,0.02655,,,,,,,,,,,,,,,,,,,,,,,,,,0,0,0,0,0
17.6346,1783969869.4014,1,2,0.5000,0.4370,1.42233,-0.03162,-2.63742,1.09829,1.57085,0.11671,-0.12757,-0.48152,0.02655,,,,,,,,,,,,,,,,,,,,,,,,,,0,0,0,0,0
17.6457,1783969869.4125,1,2,0.5000,0.4513,1.42233,-0.03162,-2.63742,1.09829,1.57085,0.11671,-0.12757,-0.48152,0.02655,,,,,,,,,,,,,,,,,,,,,,,,,,0,0,0,0,0
17.6566,1783969869.4233,1,2,0.5000,0.4385,1.42233,-0.03162,-2.63742,1.09829,1.57085,0.11671,-0.12757,-0.48152,0.02655,,,,,,,,,,,,,,,,,,,,,,,,,,0,0,0,0,0
17.6649,1783969869.4316,1,2,0.5000,0.4458,1.42233,-0.03162,-2.63742,1.09829,1.57085,0.11671,-0.12757,-0.48152,0.02655,,,,,,,,,,,,,,,,,,,,,,,,,,0,0,0,0,0
17.6747,1783969869.4415,1,2,0.5000,0.4504,1.42233,-0.03162,-2.63742,1.09829,1.57085,0.11671,-0.12757,-0.48152,0.02655,,,,,,,,,,,,,,,,,,,,,,,,,,0,0,0,0,0
17.6855,1783969869.4523,1,2,0.5000,0.4552,1.42233,-0.03162,-2.63742,1.09829,1.57085,0.11671,-0.12757,-0.48152,0.02655,,,,,,,,,,,,,,,,,,,,,,,,,,0,0,0,0,0
17.6859,1783969869.4527,1,2,0.5000,0.4533,1.42233,-0.03162,-2.63742,1.09829,1.57085,0.11671,-0.12757,-0.48152,0.02655,,,,,,,,,,,,,,,,,,,,,,,,,,0,0,0,0,0
17.6973,1783969869.4641,1,2,0.5000,0.4710,1.42233,-0.03162,-2.63742,1.09829,1.57085,0.11671,-0.12757,-0.48152,0.02655,,,,,,,,,,,,,,,,,,,,,,,,,,0,0,0,0,0
17.6977,1783969869.4645,1,2,0.5000,0.4761,1.42233,-0.03162,-2.63742,1.09829,1.57085,0.11671,-0.12757,-0.48152,0.02655,,,,,,,,,,,,,,,,,,,,,,,,,,0,0,0,0,0
17.7064,1783969869.4731,1,2,0.5000,0.4600,1.42233,-0.03162,-2.63742,1.09829,1.57085,0.11671,-0.12757,-0.48152,0.02655,,,,,,,,,,,,,,,,,,,,,,,,,,0,0,0,0,0
17.7312,1783969869.4979,1,2,0.5000,0.4660,1.42233,-0.03162,-2.63742,1.09829,1.57085,0.11671,-0.12757,-0.48152,0.02655,,,,,,,,,,,,,,,,,,,,,,,,,,0,0,0,0,0
17.7316,1783969869.4983,1,2,0.5000,0.4669,1.42233,-0.03162,-2.63742,1.09829,1.57085,0.11671,-0.12757,-0.48152,0.02655,,,,,,,,,,,,,,,,,,,,,,,,,,0,0,0,0,0
17.7355,1783969869.5023,1,2,0.5000,0.4718,1.42233,-0.03162,-2.63742,1.09829,1.57085,0.11671,-0.12757,-0.48152,0.02655,,,,,,,,,,,,,,,,,,,,,,,,,,0,0,0,0,0
17.7487,1783969869.5155,1,2,0.5000,0.4790,1.42233,-0.03162,-2.63742,1.09829,1.57085,0.11671,-0.12757,-0.48152,0.02655,,,,,,,,,,,,,,,,,,,,,,,,,,0,0,0,0,0
17.7597,1783969869.5265,1,2,0.5000,0.4757,1.42233,-0.03162,-2.63742,1.09829,1.57085,0.11671,-0.12757,-0.48152,0.02655,,,,,,,,,,,,,,,,,,,,,,,,,,0,0,0,0,0
17.7713,1783969869.5381,1,2,0.5000,0.4704,1.42233,-0.03162,-2.63742,1.09829,1.57085,0.11671,-0.12757,-0.48152,0.02655,,,,,,,,,,,,,,,,,,,,,,,,,,0,0,0,0,0
17.7881,1783969869.5549,1,2,0.5000,0.4746,1.42233,-0.03162,-2.63742,1.09829,1.57085,0.11671,-0.12757,-0.48152,0.02655,,,,,,,,,,,,,,,,,,,,,,,,,,0,0,0,0,0
17.7888,1783969869.5555,1,2,0.5000,0.4760,1.42233,-0.03162,-2.63742,1.09829,1.57085,0.11671,-0.12757,-0.48152,0.02655,,,,,,,,,,,,,,,,,,,,,,,,,,0,0,0,0,0
17.8054,1783969869.5722,1,2,0.5000,0.4604,1.42233,-0.03162,-2.63742,1.09829,1.57085,0.11671,-0.12757,-0.48152,0.02655,,,,,,,,,,,,,,,,,,,,,,,,,,0,0,0,0,0
17.8057,1783969869.5724,1,2,0.5000,0.4526,1.42233,-0.03162,-2.63742,1.09829,1.57085,0.11671,-0.12757,-0.48152,0.02655,,,,,,,,,,,,,,,,,,,,,,,,,,0,0,0,0,0
17.8082,1783969869.5750,1,2,0.5000,0.4611,1.42233,-0.03162,-2.63742,1.09829,1.57085,0.11671,-0.12757,-0.48152,0.02655,,,,,,,,,,,,,,,,,,,,,,,,,,0,0,0,0,0
17.8088,1783969869.5755,1,2,0.5000,0.4583,1.42233,-0.03162,-2.63742,1.09829,1.57085,0.11671,-0.12757,-0.48152,0.02655,,,,,,,,,,,,,,,,,,,,,,,,,,0,0,0,0,0
17.8221,1783969869.5889,1,2,0.5000,0.4657,1.42233,-0.03162,-2.63742,1.09829,1.57085,0.11671,-0.12757,-0.48152,0.02655,,,,,,,,,,,,,,,,,,,,,,,,,,0,0,0,0,0
17.8224,1783969869.5891,1,2,0.5000,0.4643,1.42233,-0.03162,-2.63742,1.09829,1.57085,0.11671,-0.12757,-0.48152,0.02655,,,,,,,,,,,,,,,,,,,,,,,,,,0,0,0,0,0
17.8252,1783969869.5920,1,2,0.5000,0.4586,1.42233,-0.03162,-2.63742,1.09829,1.57085,0.11671,-0.12757,-0.48152,0.02655,,,,,,,,,,,,,,,,,,,,,,,,,,0,0,0,0,0
17.8256,1783969869.5923,1,2,0.5000,0.4721,1.42233,-0.03162,-2.63742,1.09829,1.57085,0.11671,-0.12757,-0.48152,0.02655,,,,,,,,,,,,,,,,,,,,,,,,,,0,0,0,0,0
17.8345,1783969869.6013,1,2,0.5000,0.4648,1.42233,-0.03162,-2.63742,1.09829,1.57085,0.11671,-0.12757,-0.48152,0.02655,,,,,,,,,,,,,,,,,,,,,,,,,,0,0,0,0,0
17.8469,1783969869.6136,1,2,0.5000,0.4634,1.42233,-0.03162,-2.63742,1.09829,1.57085,0.11671,-0.12757,-0.48152,0.02655,,,,,,,,,,,,,,,,,,,,,,,,,,0,0,0,0,0
17.8619,1783969869.6287,1,2,0.5000,0.4563,1.42233,-0.03162,-2.63742,1.09829,1.57085,0.11671,-0.12757,-0.48152,0.02655,,,,,,,,,,,,,,,,,,,,,,,,,,0,0,0,0,0
17.8638,1783969869.6306,1,2,0.5000,0.4641,1.42233,-0.03162,-2.63742,1.09829,1.57085,0.11671,-0.12757,-0.48152,0.02655,,,,,,,,,,,,,,,,,,,,,,,,,,0,0,0,0,0
17.8642,1783969869.6310,1,2,0.5000,0.4665,1.42233,-0.03162,-2.63742,1.09829,1.57085,0.11671,-0.12757,-0.48152,0.02655,,,,,,,,,,,,,,,,,,,,,,,,,,0,0,0,0,0
17.9067,1783969869.6735,1,2,0.5000,0.4692,1.42233,-0.03162,-2.63742,1.09829,1.57085,0.11671,-0.12757,-0.48152,0.02655,,,,,,,,,,,,,,,,,,,,,,,,,,0,0,0,0,0
17.9078,1783969869.6745,1,2,0.5000,0.4699,1.42233,-0.03162,-2.63742,1.09829,1.57085,0.11671,-0.12757,-0.48152,0.02655,,,,,,,,,,,,,,,,,,,,,,,,,,0,0,0,0,0
17.9080,1783969869.6748,1,2,0.5000,0.4723,1.42233,-0.03162,-2.63742,1.09829,1.57085,0.11671,-0.12757,-0.48152,0.02655,,,,,,,,,,,,,,,,,,,,,,,,,,0,0,0,0,0
17.9105,1783969869.6773,1,2,0.5000,0.4663,1.42233,-0.03162,-2.63742,1.09829,1.57085,0.11671,-0.12757,-0.48152,0.02655,,,,,,,,,,,,,,,,,,,,,,,,,,0,0,0,0,0
17.9109,1783969869.6777,1,2,0.5000,0.4252,1.42233,-0.03162,-2.63742,1.09829,1.57085,0.11671,-0.12757,-0.48152,0.02655,,,,,,,,,,,,,,,,,,,,,,,,,,0,0,0,0,0
17.9166,1783969869.6834,1,2,0.5000,0.4346,1.42233,-0.03162,-2.63742,1.09829,1.57085,0.11671,-0.12757,-0.48152,0.02655,,,,,,,,,,,,,,,,,,,,,,,,,,0,0,0,0,0
17.9168,1783969869.6836,1,2,0.5000,0.4447,1.42233,-0.03162,-2.63742,1.09829,1.57085,0.11671,-0.12757,-0.48152,0.02655,,,,,,,,,,,,,,,,,,,,,,,,,,0,0,0,0,0
17.9403,1783969869.7070,1,2,0.5000,0.4410,1.42233,-0.03162,-2.63742,1.09829,1.57085,0.11671,-0.12757,-0.48152,0.02655,,,,,,,,,,,,,,,,,,,,,,,,,,0,0,0,0,0
17.9411,1783969869.7079,1,2,0.5000,0.4426,1.42233,-0.03162,-2.63742,1.09829,1.57085,0.11671,-0.12757,-0.48152,0.02655,,,,,,,,,,,,,,,,,,,,,,,,,,0,0,0,0,0
17.9415,1783969869.7082,1,2,0.5000,0.4485,1.42233,-0.03162,-2.63742,1.09829,1.57085,0.11671,-0.12757,-0.48152,0.02655,,,,,,,,,,,,,,,,,,,,,,,,,,0,0,0,0,0
17.9417,1783969869.7084,1,2,0.5000,0.4414,1.42233,-0.03162,-2.63742,1.09829,1.57085,0.11671,-0.12757,-0.48152,0.02655,,,,,,,,,,,,,,,,,,,,,,,,,,0,0,0,0,0
17.9702,1783969869.7370,1,2,0.5000,0.4407,1.42233,-0.03162,-2.63742,1.09829,1.57085,0.11671,-0.12757,-0.48152,0.02655,,,,,,,,,,,,,,,,,,,,,,,,,,0,0,0,0,0
17.9705,1783969869.7373,1,2,0.5000,0.4479,1.42233,-0.03162,-2.63742,1.09829,1.57085,0.11671,-0.12757,-0.48152,0.02655,,,,,,,,,,,,,,,,,,,,,,,,,,0,0,0,0,0
17.9766,1783969869.7434,1,2,0.5000,0.4529,1.42233,-0.03162,-2.63742,1.09829,1.57085,0.11671,-0.12757,-0.48152,0.02655,,,,,,,,,,,,,,,,,,,,,,,,,,0,0,0,0,0
17.9908,1783969869.7575,1,2,0.5000,0.4658,1.42233,-0.03162,-2.63742,1.09829,1.57085,0.11671,-0.12757,-0.48152,0.02655,,,,,,,,,,,,,,,,,,,,,,,,,,0,0,0,0,0
17.9914,1783969869.7582,1,2,0.5000,0.4477,1.42233,-0.03162,-2.63742,1.09829,1.57085,0.11671,-0.12757,-0.48152,0.02655,,,,,,,,,,,,,,,,,,,,,,,,,,0,0,0,0,0
17.9921,1783969869.7589,1,2,0.5000,0.4323,1.42233,-0.03162,-2.63742,1.09829,1.57085,0.11671,-0.12757,-0.48152,0.02655,,,,,,,,,,,,,,,,,,,,,,,,,,0,0,0,0,0
17.9927,1783969869.7595,1,2,0.5000,0.4388,1.42233,-0.03162,-2.63742,1.09829,1.57085,0.11671,-0.12757,-0.48152,0.02655,,,,,,,,,,,,,,,,,,,,,,,,,,0,0,0,0,0
17.9995,1783969869.7663,1,2,0.5000,0.4520,1.42233,-0.03162,-2.63742,1.09829,1.57085,0.11671,-0.12757,-0.48152,0.02655,,,,,,,,,,,,,,,,,,,,,,,,,,0,0,0,0,0
17.9998,1783969869.7666,1,2,0.5000,0.4492,1.42233,-0.03162,-2.63742,1.09829,1.57085,0.11671,-0.12757,-0.48152,0.02655,,,,,,,,,,,,,,,,,,,,,,,,,,0,0,0,0,0
18.0165,1783969869.7833,1,2,0.5000,0.4600,1.42233,-0.03162,-2.63742,1.09829,1.57085,0.11671,-0.12757,-0.48152,0.02655,,,,,,,,,,,,,,,,,,,,,,,,,,0,0,0,0,0
18.0171,1783969869.7839,1,2,0.5000,0.4627,1.42233,-0.03162,-2.63742,1.09829,1.57085,0.11671,-0.12757,-0.48152,0.02655,,,,,,,,,,,,,,,,,,,,,,,,,,0,0,0,0,0
18.0180,1783969869.7848,1,2,0.5000,0.4749,1.42233,-0.03162,-2.63742,1.09829,1.57085,0.11671,-0.12757,-0.48152,0.02655,,,,,,,,,,,,,,,,,,,,,,,,,,0,0,0,0,0
18.0183,1783969869.7851,1,2,0.5000,0.4694,1.42233,-0.03162,-2.63742,1.09829,1.57085,0.11671,-0.12757,-0.48152,0.02655,,,,,,,,,,,,,,,,,,,,,,,,,,0,0,0,0,0
18.0318,1783969869.7986,1,2,0.5000,0.4615,1.42233,-0.03162,-2.63742,1.09829,1.57085,0.11671,-0.12757,-0.48152,0.02655,,,,,,,,,,,,,,,,,,,,,,,,,,0,0,0,0,0
18.0384,1783969869.8051,1,2,0.5000,0.4351,1.42233,-0.03162,-2.63742,1.09829,1.57085,0.11671,-0.12757,-0.48152,0.02655,,,,,,,,,,,,,,,,,,,,,,,,,,0,0,0,0,0
18.0448,1783969869.8115,1,2,0.5000,0.4514,1.42233,-0.03162,-2.63742,1.09829,1.57085,0.11671,-0.12757,-0.48152,0.02655,,,,,,,,,,,,,,,,,,,,,,,,,,0,0,0,0,0
18.0588,1783969869.8255,1,2,0.5000,0.4359,1.42233,-0.03162,-2.63742,1.09829,1.57085,0.11671,-0.12757,-0.48152,0.02655,,,,,,,,,,,,,,,,,,,,,,,,,,0,0,0,0,0
18.0698,1783969869.8366,1,2,0.5000,0.4396,1.42233,-0.03162,-2.63742,1.09829,1.57085,0.11671,-0.12757,-0.48152,0.02655,,,,,,,,,,,,,,,,,,,,,,,,,,0,0,0,0,0
18.0757,1783969869.8424,1,2,0.5000,0.4433,1.42233,-0.03162,-2.63742,1.09829,1.57085,0.11671,-0.12757,-0.48152,0.02655,,,,,,,,,,,,,,,,,,,,,,,,,,0,0,0,0,0
18.0852,1783969869.8519,1,2,0.5000,0.4477,1.42233,-0.03162,-2.63742,1.09829,1.57085,0.11671,-0.12757,-0.48152,0.02655,,,,,,,,,,,,,,,,,,,,,,,,,,0,0,0,0,0
18.0962,1783969869.8630,1,2,0.5000,0.4576,1.42233,-0.03162,-2.63742,1.09829,1.57085,0.11671,-0.12757,-0.48152,0.02655,,,,,,,,,,,,,,,,,,,,,,,,,,0,0,0,0,0
18.1127,1783969869.8795,1,2,0.5000,0.4377,1.42233,-0.03162,-2.63742,1.09829,1.57085,0.11671,-0.12757,-0.48152,0.02655,,,,,,,,,,,,,,,,,,,,,,,,,,0,0,0,0,0
18.1187,1783969869.8855,1,2,0.5000,0.4393,1.42233,-0.03162,-2.63742,1.09829,1.57085,0.11671,-0.12757,-0.48152,0.02655,,,,,,,,,,,,,,,,,,,,,,,,,,0,0,0,0,0
18.1289,1783969869.8956,1,2,0.5000,0.4407,1.42233,-0.03162,-2.63742,1.09829,1.57085,0.11671,-0.12757,-0.48152,0.02655,,,,,,,,,,,,,,,,,,,,,,,,,,0,0,0,0,0
18.1385,1783969869.9053,1,2,0.5000,0.4480,1.42233,-0.03162,-2.63742,1.09829,1.57085,0.11671,-0.12757,-0.48152,0.02655,,,,,,,,,,,,,,,,,,,,,,,,,,0,0,0,0,0
18.1595,1783969869.9263,1,2,0.5000,0.4575,1.42233,-0.03162,-2.63742,1.09829,1.57085,0.11671,-0.12757,-0.48152,0.02655,,,,,,,,,,,,,,,,,,,,,,,,,,0,0,0,0,0
18.1615,1783969869.9283,1,2,0.5000,0.4538,1.42233,-0.03162,-2.63742,1.09829,1.57085,0.11671,-0.12757,-0.48152,0.02655,,,,,,,,,,,,,,,,,,,,,,,,,,0,0,0,0,0
18.1618,1783969869.9286,1,2,0.5000,0.4479,1.42233,-0.03162,-2.63742,1.09829,1.57085,0.11671,-0.12757,-0.48152,0.02655,,,,,,,,,,,,,,,,,,,,,,,,,,0,0,0,0,0
18.1706,1783969869.9373,1,2,0.5000,0.4409,1.42233,-0.03162,-2.63742,1.09829,1.57085,0.11671,-0.12757,-0.48152,0.02655,,,,,,,,,,,,,,,,,,,,,,,,,,0,0,0,0,0
18.1752,1783969869.9420,1,2,0.5000,0.4351,1.42233,-0.03162,-2.63742,1.09829,1.57085,0.11671,-0.12757,-0.48152,0.02655,,,,,,,,,,,,,,,,,,,,,,,,,,0,0,0,0,0
18.1883,1783969869.9551,1,2,0.5000,0.4370,1.42233,-0.03162,-2.63742,1.09829,1.57085,0.11671,-0.12757,-0.48152,0.02655,,,,,,,,,,,,,,,,,,,,,,,,,,0,0,0,0,0
18.1937,1783969869.9605,1,2,0.5000,0.4412,1.42233,-0.03162,-2.63742,1.09829,1.57085,0.11671,-0.12757,-0.48152,0.02655,,,,,,,,,,,,,,,,,,,,,,,,,,0,0,0,0,0
18.2111,1783969869.9779,1,2,0.5000,0.4207,1.42233,-0.03162,-2.63742,1.09829,1.57085,0.11671,-0.12757,-0.48152,0.02655,,,,,,,,,,,,,,,,,,,,,,,,,,0,0,0,0,0
18.2136,1783969869.9804,1,2,0.5000,0.4325,1.42233,-0.03162,-2.63742,1.09829,1.57085,0.11671,-0.12757,-0.48152,0.02655,,,,,,,,,,,,,,,,,,,,,,,,,,0,0,0,0,0
18.2140,1783969869.9808,1,2,0.5000,0.4284,1.42233,-0.03162,-2.63742,1.09829,1.57085,0.11671,-0.12757,-0.48152,0.02655,,,,,,,,,,,,,,,,,,,,,,,,,,0,0,0,0,0
18.2241,1783969869.9909,1,2,0.5000,0.4260,1.42233,-0.03162,-2.63742,1.09829,1.57085,0.11671,-0.12757,-0.48152,0.02655,,,,,,,,,,,,,,,,,,,,,,,,,,0,0,0,0,0
18.2404,1783969870.0072,1,2,0.5000,0.4286,1.42233,-0.03162,-2.63742,1.09829,1.57085,0.11671,-0.12757,-0.48152,0.02655,,,,,,,,,,,,,,,,,,,,,,,,,,0,0,0,0,0
18.2409,1783969870.0077,1,2,0.5000,0.4234,1.42233,-0.03162,-2.63742,1.09829,1.57085,0.11671,-0.12757,-0.48152,0.02655,,,,,,,,,,,,,,,,,,,,,,,,,,0,0,0,0,0
18.2460,1783969870.0127,1,2,0.5000,0.4279,1.42233,-0.03162,-2.63742,1.09829,1.57085,0.11671,-0.12757,-0.48152,0.02655,,,,,,,,,,,,,,,,,,,,,,,,,,0,0,0,0,0
18.2548,1783969870.0216,1,2,0.5000,0.4345,1.42233,-0.03162,-2.63742,1.09829,1.57085,0.11671,-0.12757,-0.48152,0.02655,,,,,,,,,,,,,,,,,,,,,,,,,,0,0,0,0,0
18.2701,1783969870.0369,1,2,0.5000,0.4445,1.42233,-0.03162,-2.63742,1.09829,1.57085,0.11671,-0.12757,-0.48152,0.02655,,,,,,,,,,,,,,,,,,,,,,,,,,0,0,0,0,0
18.2758,1783969870.0426,1,2,0.5000,0.4393,1.42233,-0.03162,-2.63742,1.09829,1.57085,0.11671,-0.12757,-0.48152,0.02655,,,,,,,,,,,,,,,,,,,,,,,,,,0,0,0,0,0
18.2933,1783969870.0601,1,2,0.5000,0.4418,1.42233,-0.03162,-2.63742,1.09829,1.57085,0.11671,-0.12757,-0.48152,0.02655,,,,,,,,,,,,,,,,,,,,,,,,,,0,0,0,0,0
18.2936,1783969870.0604,1,2,0.5000,0.4385,1.42233,-0.03162,-2.63742,1.09829,1.57085,0.11671,-0.12757,-0.48152,0.02655,,,,,,,,,,,,,,,,,,,,,,,,,,0,0,0,0,0
18.2956,1783969870.0623,1,2,0.5000,0.4380,1.42233,-0.03162,-2.63742,1.09829,1.57085,0.11671,-0.12757,-0.48152,0.02655,,,,,,,,,,,,,,,,,,,,,,,,,,0,0,0,0,0
18.2959,1783969870.0627,1,2,0.5000,0.4351,1.42233,-0.03162,-2.63742,1.09829,1.57085,0.11671,-0.12757,-0.48152,0.02655,,,,,,,,,,,,,,,,,,,,,,,,,,0,0,0,0,0
18.3061,1783969870.0729,1,2,0.5000,0.4365,1.42233,-0.03162,-2.63742,1.09829,1.57085,0.11671,-0.12757,-0.48152,0.02655,,,,,,,,,,,,,,,,,,,,,,,,,,0,0,0,0,0
18.3064,1783969870.0732,1,2,0.5000,0.4362,1.42233,-0.03162,-2.63742,1.09829,1.57085,0.11671,-0.12757,-0.48152,0.02655,,,,,,,,,,,,,,,,,,,,,,,,,,0,0,0,0,0
18.3158,1783969870.0826,1,2,0.5000,0.4311,1.42233,-0.03162,-2.63742,1.09829,1.57085,0.11671,-0.12757,-0.48152,0.02655,,,,,,,,,,,,,,,,,,,,,,,,,,0,0,0,0,0
18.3265,1783969870.0933,1,2,0.5000,0.4307,1.42233,-0.03162,-2.63742,1.09829,1.57085,0.11671,-0.12757,-0.48152,0.02655,,,,,,,,,,,,,,,,,,,,,,,,,,0,0,0,0,0
18.3472,1783969870.1139,1,2,0.5000,0.4345,1.42233,-0.03162,-2.63742,1.09829,1.57085,0.11671,-0.12757,-0.48152,0.02655,,,,,,,,,,,,,,,,,,,,,,,,,,0,0,0,0,0
18.3488,1783969870.1156,1,2,0.5000,0.4325,1.42233,-0.03162,-2.63742,1.09829,1.57085,0.11671,-0.12757,-0.48152,0.02655,,,,,,,,,,,,,,,,,,,,,,,,,,0,0,0,0,0
18.3491,1783969870.1159,1,2,0.5000,0.4309,1.42233,-0.03162,-2.63742,1.09829,1.57085,0.11671,-0.12757,-0.48152,0.02655,,,,,,,,,,,,,,,,,,,,,,,,,,0,0,0,0,0
18.3590,1783969870.1258,1,2,0.5000,0.4300,1.42233,-0.03162,-2.63742,1.09829,1.57085,0.11671,-0.12757,-0.48152,0.02655,,,,,,,,,,,,,,,,,,,,,,,,,,0,0,0,0,0
18.3654,1783969870.1322,1,2,0.5000,0.4413,1.42233,-0.03162,-2.63742,1.09829,1.57085,0.11671,-0.12757,-0.48152,0.02655,,,,,,,,,,,,,,,,,,,,,,,,,,0,0,0,0,0
18.3749,1783969870.1417,1,2,0.5000,0.4387,1.42233,-0.03162,-2.63742,1.09829,1.57085,0.11671,-0.12757,-0.48152,0.02655,,,,,,,,,,,,,,,,,,,,,,,,,,0,0,0,0,0
18.3950,1783969870.1618,1,2,0.5000,0.4436,1.42233,-0.03162,-2.63742,1.09829,1.57085,0.11671,-0.12757,-0.48152,0.02655,,,,,,,,,,,,,,,,,,,,,,,,,,0,0,0,0,0
18.3959,1783969870.1627,1,2,0.5000,0.4447,1.42233,-0.03162,-2.63742,1.09829,1.57085,0.11671,-0.12757,-0.48152,0.02655,,,,,,,,,,,,,,,,,,,,,,,,,,0,0,0,0,0
18.3964,1783969870.1632,1,2,0.5000,0.4528,1.42233,-0.03162,-2.63742,1.09829,1.57085,0.11671,-0.12757,-0.48152,0.02655,,,,,,,,,,,,,,,,,,,,,,,,,,0,0,0,0,0
18.4094,1783969870.1762,1,2,0.5000,0.4519,1.42233,-0.03162,-2.63742,1.09829,1.57085,0.11671,-0.12757,-0.48152,0.02655,,,,,,,,,,,,,,,,,,,,,,,,,,0,0,0,0,0
18.4097,1783969870.1765,1,2,0.5000,0.4486,1.42233,-0.03162,-2.63742,1.09829,1.57085,0.11671,-0.12757,-0.48152,0.02655,,,,,,,,,,,,,,,,,,,,,,,,,,0,0,0,0,0
18.4138,1783969870.1806,1,2,0.5000,0.4536,1.42233,-0.03162,-2.63742,1.09829,1.57085,0.11671,-0.12757,-0.48152,0.02655,,,,,,,,,,,,,,,,,,,,,,,,,,0,0,0,0,0
18.4142,1783969870.1810,1,2,0.5000,0.4521,1.42233,-0.03162,-2.63742,1.09829,1.57085,0.11671,-0.12757,-0.48152,0.02655,,,,,,,,,,,,,,,,,,,,,,,,,,0,0,0,0,0
18.4240,1783969870.1907,1,2,0.5000,0.4421,1.42233,-0.03162,-2.63742,1.09829,1.57085,0.11671,-0.12757,-0.48152,0.02655,,,,,,,,,,,,,,,,,,,,,,,,,,0,0,0,0,0
18.4247,1783969870.1915,1,2,0.5000,0.4428,1.42233,-0.03162,-2.63742,1.09829,1.57085,0.11671,-0.12757,-0.48152,0.02655,,,,,,,,,,,,,,,,,,,,,,,,,,0,0,0,0,0
18.4410,1783969870.2077,1,2,0.5000,0.4285,1.42233,-0.03162,-2.63742,1.09829,1.57085,0.11671,-0.12757,-0.48152,0.02655,,,,,,,,,,,,,,,,,,,,,,,,,,0,0,0,0,0
18.4475,1783969870.2143,1,2,0.5000,0.4300,1.42233,-0.03162,-2.63742,1.09829,1.57085,0.11671,-0.12757,-0.48152,0.02655,,,,,,,,,,,,,,,,,,,,,,,,,,0,0,0,0,0
18.4601,1783969870.2269,1,2,0.5000,0.4338,1.42233,-0.03162,-2.63742,1.09829,1.57085,0.11671,-0.12757,-0.48152,0.02655,,,,,,,,,,,,,,,,,,,,,,,,,,0,0,0,0,0
18.4695,1783969870.2363,1,2,0.5000,0.4330,1.42233,-0.03162,-2.63742,1.09829,1.57085,0.11671,-0.12757,-0.48152,0.02655,,,,,,,,,,,,,,,,,,,,,,,,,,0,0,0,0,0
18.4780,1783969870.2448,1,2,0.5000,0.4216,1.42233,-0.03162,-2.63742,1.09829,1.57085,0.11671,-0.12757,-0.48152,0.02655,,,,,,,,,,,,,,,,,,,,,,,,,,0,0,0,0,0
18.5055,1783969870.2722,1,2,0.5000,0.4061,1.42233,-0.03162,-2.63742,1.09829,1.57085,0.11671,-0.12757,-0.48152,0.02655,,,,,,,,,,,,,,,,,,,,,,,,,,0,0,0,0,0
18.5081,1783969870.2749,1,2,0.5000,0.4150,1.42233,-0.03162,-2.63742,1.09829,1.57085,0.11671,-0.12757,-0.48152,0.02655,,,,,,,,,,,,,,,,,,,,,,,,,,0,0,0,0,0
18.5088,1783969870.2755,1,2,0.5000,0.4230,1.42233,-0.03162,-2.63742,1.09829,1.57085,0.11671,-0.12757,-0.48152,0.02655,,,,,,,,,,,,,,,,,,,,,,,,,,0,0,0,0,0
18.5093,1783969870.2760,1,2,0.5000,0.4224,1.42233,-0.03162,-2.63742,1.09829,1.57085,0.11671,-0.12757,-0.48152,0.02655,,,,,,,,,,,,,,,,,,,,,,,,,,0,0,0,0,0
18.5173,1783969870.2841,1,2,0.5000,0.4370,1.42233,-0.03162,-2.63742,1.09829,1.57085,0.11671,-0.12757,-0.48152,0.02655,,,,,,,,,,,,,,,,,,,,,,,,,,0,0,0,0,0
18.5317,1783969870.2984,1,2,0.5000,0.4480,1.42233,-0.03162,-2.63742,1.09829,1.57085,0.11671,-0.12757,-0.48152,0.02655,,,,,,,,,,,,,,,,,,,,,,,,,,0,0,0,0,0
18.5320,1783969870.2988,1,2,0.5000,0.4471,1.42233,-0.03162,-2.63742,1.09829,1.57085,0.11671,-0.12757,-0.48152,0.02655,,,,,,,,,,,,,,,,,,,,,,,,,,0,0,0,0,0
18.5381,1783969870.3049,1,2,0.5000,0.4407,1.42233,-0.03162,-2.63742,1.09829,1.57085,0.11671,-0.12757,-0.48152,0.02655,,,,,,,,,,,,,,,,,,,,,,,,,,0,0,0,0,0
18.5385,1783969870.3052,1,2,0.5000,0.4380,1.42233,-0.03162,-2.63742,1.09829,1.57085,0.11671,-0.12757,-0.48152,0.02655,,,,,,,,,,,,,,,,,,,,,,,,,,0,0,0,0,0
18.5499,1783969870.3167,1,2,0.5000,0.4416,1.42233,-0.03162,-2.63742,1.09829,1.57085,0.11671,-0.12757,-0.48152,0.02655,,,,,,,,,,,,,,,,,,,,,,,,,,0,0,0,0,0
18.5585,1783969870.3253,1,2,0.5000,0.4246,1.42233,-0.03162,-2.63742,1.09829,1.57085,0.11671,-0.12757,-0.48152,0.02655,,,,,,,,,,,,,,,,,,,,,,,,,,0,0,0,0,0
18.5676,1783969870.3343,1,2,0.5000,0.3912,1.42233,-0.03162,-2.63742,1.09829,1.57085,0.11671,-0.12757,-0.48152,0.02655,,,,,,,,,,,,,,,,,,,,,,,,,,0,0,0,0,0
18.5789,1783969870.3457,1,2,0.5000,0.4002,1.42233,-0.03162,-2.63742,1.09829,1.57085,0.11671,-0.12757,-0.48152,0.02655,,,,,,,,,,,,,,,,,,,,,,,,,,0,0,0,0,0
18.5796,1783969870.3464,1,2,0.5000,0.4126,1.42233,-0.03162,-2.63742,1.09829,1.57085,0.11671,-0.12757,-0.48152,0.02655,,,,,,,,,,,,,,,,,,,,,,,,,,0,0,0,0,0
18.5901,1783969870.3569,1,2,0.5000,0.4080,1.42233,-0.03162,-2.63742,1.09829,1.57085,0.11671,-0.12757,-0.48152,0.02655,,,,,,,,,,,,,,,,,,,,,,,,,,0,0,0,0,0
18.5980,1783969870.3648,1,2,0.5000,0.4159,1.42233,-0.03162,-2.63742,1.09829,1.57085,0.11671,-0.12757,-0.48152,0.02655,,,,,,,,,,,,,,,,,,,,,,,,,,0,0,0,0,0
18.6076,1783969870.3743,1,2,0.5000,0.4214,1.42233,-0.03162,-2.63742,1.09829,1.57085,0.11671,-0.12757,-0.48152,0.02655,,,,,,,,,,,,,,,,,,,,,,,,,,0,0,0,0,0
18.6179,1783969870.3847,1,2,0.5000,0.4076,1.42233,-0.03162,-2.63742,1.09829,1.57085,0.11671,-0.12757,-0.48152,0.02655,,,,,,,,,,,,,,,,,,,,,,,,,,0,0,0,0,0
18.6317,1783969870.3984,1,2,0.5000,0.4101,1.42233,-0.03162,-2.63742,1.09829,1.57085,0.11671,-0.12757,-0.48152,0.02655,,,,,,,,,,,,,,,,,,,,,,,,,,0,0,0,0,0
18.6321,1783969870.3989,1,2,0.5000,0.4106,1.42233,-0.03162,-2.63742,1.09829,1.57085,0.11671,-0.12757,-0.48152,0.02655,,,,,,,,,,,,,,,,,,,,,,,,,,0,0,0,0,0
18.6460,1783969870.4128,1,2,0.5000,0.4159,1.42233,-0.03162,-2.63742,1.09829,1.57085,0.11671,-0.12757,-0.48152,0.02655,,,,,,,,,,,,,,,,,,,,,,,,,,0,0,0,0,0
18.6525,1783969870.4193,1,2,0.5000,0.4433,1.42233,-0.03162,-2.63742,1.09829,1.57085,0.11671,-0.12757,-0.48152,0.02655,,,,,,,,,,,,,,,,,,,,,,,,,,0,0,0,0,0
18.6576,1783969870.4244,1,2,0.5000,0.4401,1.42233,-0.03162,-2.63742,1.09829,1.57085,0.11671,-0.12757,-0.48152,0.02655,,,,,,,,,,,,,,,,,,,,,,,,,,0,0,0,0,0
18.6580,1783969870.4248,1,2,0.5000,0.4530,1.42233,-0.03162,-2.63742,1.09829,1.57085,0.11671,-0.12757,-0.48152,0.02655,,,,,,,,,,,,,,,,,,,,,,,,,,0,0,0,0,0
18.6690,1783969870.4358,1,2,0.5000,0.4605,1.42233,-0.03162,-2.63742,1.09829,1.57085,0.11671,-0.12757,-0.48152,0.02655,,,,,,,,,,,,,,,,,,,,,,,,,,0,0,0,0,0
18.6694,1783969870.4362,1,2,0.5000,0.4518,1.42233,-0.03162,-2.63742,1.09829,1.57085,0.11671,-0.12757,-0.48152,0.02655,,,,,,,,,,,,,,,,,,,,,,,,,,0,0,0,0,0
18.6791,1783969870.4458,1,2,0.5000,0.4514,1.42233,-0.03162,-2.63742,1.09829,1.57085,0.11671,-0.12757,-0.48152,0.02655,,,,,,,,,,,,,,,,,,,,,,,,,,0,0,0,0,0
18.6939,1783969870.4607,1,2,0.5000,0.4212,1.42233,-0.03162,-2.63742,1.09829,1.57085,0.11671,-0.12757,-0.48152,0.02655,,,,,,,,,,,,,,,,,,,,,,,,,,0,0,0,0,0
18.6979,1783969870.4647,1,2,0.5000,0.4328,1.42233,-0.03162,-2.63742,1.09829,1.57085,0.11671,-0.12757,-0.48152,0.02655,,,,,,,,,,,,,,,,,,,,,,,,,,0,0,0,0,0
18.7096,1783969870.4764,1,2,0.5000,0.4367,1.42233,-0.03162,-2.63742,1.09829,1.57085,0.11671,-0.12757,-0.48152,0.02655,,,,,,,,,,,,,,,,,,,,,,,,,,0,0,0,0,0
18.7100,1783969870.4768,1,2,0.5000,0.4359,1.42233,-0.03162,-2.63742,1.09829,1.57085,0.11671,-0.12757,-0.48152,0.02655,,,,,,,,,,,,,,,,,,,,,,,,,,0,0,0,0,0
18.7212,1783969870.4880,1,2,0.5000,0.4304,1.42233,-0.03162,-2.63742,1.09829,1.57085,0.11671,-0.12757,-0.48152,0.02655,,,,,,,,,,,,,,,,,,,,,,,,,,0,0,0,0,0
18.7215,1783969870.4883,1,2,0.5000,0.4152,1.42233,-0.03162,-2.63742,1.09829,1.57085,0.11671,-0.12757,-0.48152,0.02655,,,,,,,,,,,,,,,,,,,,,,,,,,0,0,0,0,0
18.7290,1783969870.4958,1,2,0.5000,0.4341,1.42233,-0.03162,-2.63742,1.09829,1.57085,0.11671,-0.12757,-0.48152,0.02655,,,,,,,,,,,,,,,,,,,,,,,,,,0,0,0,0,0
18.7454,1783969870.5121,1,2,0.5000,0.4422,1.42233,-0.03162,-2.63742,1.09829,1.57085,0.11671,-0.12757,-0.48152,0.02655,,,,,,,,,,,,,,,,,,,,,,,,,,0,0,0,0,0
18.7457,1783969870.5125,1,2,0.5000,0.4450,1.42233,-0.03162,-2.63742,1.09829,1.57085,0.11671,-0.12757,-0.48152,0.02655,,,,,,,,,,,,,,,,,,,,,,,,,,0,0,0,0,0
18.7544,1783969870.5212,1,2,0.5000,0.4463,1.42233,-0.03162,-2.63742,1.09829,1.57085,0.11671,-0.12757,-0.48152,0.02655,,,,,,,,,,,,,,,,,,,,,,,,,,0,0,0,0,0
18.7582,1783969870.5250,1,2,0.5000,0.4643,1.42233,-0.03162,-2.63742,1.09829,1.57085,0.11671,-0.12757,-0.48152,0.02655,,,,,,,,,,,,,,,,,,,,,,,,,,0,0,0,0,0
18.7683,1783969870.5351,1,2,0.5000,0.4551,1.42233,-0.03162,-2.63742,1.09829,1.57085,0.11671,-0.12757,-0.48152,0.02655,,,,,,,,,,,,,,,,,,,,,,,,,,0,0,0,0,0
18.7774,1783969870.5442,1,2,0.5000,0.4934,1.42233,-0.03162,-2.63742,1.09829,1.57085,0.11671,-0.12757,-0.48152,0.02655,,,,,,,,,,,,,,,,,,,,,,,,,,0,0,0,0,0
18.7937,1783969870.5605,1,2,0.5000,0.4876,1.42233,-0.03162,-2.63742,1.09829,1.57085,0.11671,-0.12757,-0.48152,0.02655,,,,,,,,,,,,,,,,,,,,,,,,,,0,0,0,0,0
18.8021,1783969870.5688,1,2,0.5000,0.4979,1.42233,-0.03162,-2.63742,1.09829,1.57085,0.11671,-0.12757,-0.48152,0.02655,,,,,,,,,,,,,,,,,,,,,,,,,,0,0,0,0,0
18.8024,1783969870.5692,1,2,0.5000,0.5190,1.42233,-0.03162,-2.63742,1.09829,1.57085,0.11671,-0.12757,-0.48152,0.02655,,,,,,,,,,,,,,,,,,,,,,,,,,0,0,0,0,0
18.8083,1783969870.5751,1,2,0.5000,0.5027,1.42233,-0.03162,-2.63742,1.09829,1.57085,0.11671,-0.12757,-0.48152,0.02655,,,,,,,,,,,,,,,,,,,,,,,,,,0,0,0,0,0
18.8088,1783969870.5756,1,2,0.5000,0.5056,1.42233,-0.03162,-2.63742,1.09829,1.57085,0.11671,-0.12757,-0.48152,0.02655,,,,,,,,,,,,,,,,,,,,,,,,,,0,0,0,0,0
18.8187,1783969870.5855,1,2,0.5000,0.5005,1.42233,-0.03162,-2.63742,1.09829,1.57085,0.11671,-0.12757,-0.48152,0.02655,,,,,,,,,,,,,,,,,,,,,,,,,,0,0,0,0,0
18.8274,1783969870.5942,1,2,0.5000,0.4968,1.42233,-0.03162,-2.63742,1.09829,1.57085,0.11671,-0.12757,-0.48152,0.02655,,,,,,,,,,,,,,,,,,,,,,,,,,0,0,0,0,0
18.8881,1783969870.6548,1,2,0.5000,0.4947,1.42233,-0.03162,-2.63742,1.09829,1.57085,0.11671,-0.12757,-0.48152,0.02655,,,,,,,,,,,,,,,,,,,,,,,,,,0,0,0,0,0
18.9034,1783969870.6702,1,2,0.5000,0.5223,1.42233,-0.03162,-2.63742,1.09829,1.57085,0.11671,-0.12757,-0.48152,0.02655,,,,,,,,,,,,,,,,,,,,,,,,,,0,0,0,0,0
18.9089,1783969870.6756,1,2,0.5000,0.5609,1.42233,-0.03162,-2.63742,1.09829,1.57085,0.11671,-0.12757,-0.48152,0.02655,,,,,,,,,,,,,,,,,,,,,,,,,,0,0,0,0,0
18.9124,1783969870.6792,1,2,0.5000,0.5388,1.42233,-0.03162,-2.63742,1.09829,1.57085,0.11671,-0.12757,-0.48152,0.02655,,,,,,,,,,,,,,,,,,,,,,,,,,0,0,0,0,0
18.9130,1783969870.6798,1,2,0.5000,0.5365,1.42233,-0.03162,-2.63742,1.09829,1.57085,0.11671,-0.12757,-0.48152,0.02655,,,,,,,,,,,,,,,,,,,,,,,,,,0,0,0,0,0
18.9151,1783969870.6819,1,2,0.5000,0.5498,1.42233,-0.03162,-2.63742,1.09829,1.57085,0.11671,-0.12757,-0.48152,0.02655,,,,,,,,,,,,,,,,,,,,,,,,,,0,0,0,0,0
18.9156,1783969870.6824,1,2,0.5000,0.5482,1.42233,-0.03162,-2.63742,1.09829,1.57085,0.11671,-0.12757,-0.48152,0.02655,,,,,,,,,,,,,,,,,,,,,,,,,,0,0,0,0,0
18.9180,1783969870.6848,1,2,0.5000,0.5406,1.42233,-0.03162,-2.63742,1.09829,1.57085,0.11671,-0.12757,-0.48152,0.02655,,,,,,,,,,,,,,,,,,,,,,,,,,0,0,0,0,0
18.9216,1783969870.6883,1,2,0.5000,0.5490,1.42233,-0.03162,-2.63742,1.09829,1.57085,0.11671,-0.12757,-0.48152,0.02655,,,,,,,,,,,,,,,,,,,,,,,,,,0,0,0,0,0
18.9220,1783969870.6888,1,2,0.5000,0.5446,1.42233,-0.03162,-2.63742,1.09829,1.57085,0.11671,-0.12757,-0.48152,0.02655,,,,,,,,,,,,,,,,,,,,,,,,,,0,0,0,0,0
18.9254,1783969870.6922,1,2,0.5000,0.5373,1.42233,-0.03162,-2.63742,1.09829,1.57085,0.11671,-0.12757,-0.48152,0.02655,,,,,,,,,,,,,,,,,,,,,,,,,,0,0,0,0,0
18.9257,1783969870.6925,1,2,0.5000,0.5398,1.42233,-0.03162,-2.63742,1.09829,1.57085,0.11671,-0.12757,-0.48152,0.02655,,,,,,,,,,,,,,,,,,,,,,,,,,0,0,0,0,0
18.9270,1783969870.6938,1,2,0.5000,0.5426,1.42233,-0.03162,-2.63742,1.09829,1.57085,0.11671,-0.12757,-0.48152,0.02655,,,,,,,,,,,,,,,,,,,,,,,,,,0,0,0,0,0
18.9273,1783969870.6941,1,2,0.5000,0.5402,1.42233,-0.03162,-2.63742,1.09829,1.57085,0.11671,-0.12757,-0.48152,0.02655,,,,,,,,,,,,,,,,,,,,,,,,,,0,0,0,0,0
18.9311,1783969870.6979,1,2,0.5000,0.5403,1.42233,-0.03162,-2.63742,1.09829,1.57085,0.11671,-0.12757,-0.48152,0.02655,,,,,,,,,,,,,,,,,,,,,,,,,,0,0,0,0,0
18.9314,1783969870.6982,1,2,0.5000,0.5459,1.42233,-0.03162,-2.63742,1.09829,1.57085,0.11671,-0.12757,-0.48152,0.02655,,,,,,,,,,,,,,,,,,,,,,,,,,0,0,0,0,0
18.9317,1783969870.6985,1,2,0.5000,0.5476,1.42233,-0.03162,-2.63742,1.09829,1.57085,0.11671,-0.12757,-0.48152,0.02655,,,,,,,,,,,,,,,,,,,,,,,,,,0,0,0,0,0
18.9408,1783969870.7075,1,2,0.5000,0.5315,1.42233,-0.03162,-2.63742,1.09829,1.57085,0.11671,-0.12757,-0.48152,0.02655,,,,,,,,,,,,,,,,,,,,,,,,,,0,0,0,0,0
18.9497,1783969870.7165,1,2,0.5000,0.5418,1.42233,-0.03162,-2.63742,1.09829,1.57085,0.11671,-0.12757,-0.48152,0.02655,,,,,,,,,,,,,,,,,,,,,,,,,,0,0,0,0,0
18.9582,1783969870.7249,1,2,0.5000,0.5358,1.42233,-0.03162,-2.63742,1.09829,1.57085,0.11671,-0.12757,-0.48152,0.02655,,,,,,,,,,,,,,,,,,,,,,,,,,0,0,0,0,0
18.9675,1783969870.7342,1,2,0.5000,0.5227,1.42233,-0.03162,-2.63742,1.09829,1.57085,0.11671,-0.12757,-0.48152,0.02655,,,,,,,,,,,,,,,,,,,,,,,,,,0,0,0,0,0
18.9883,1783969870.7551,1,2,0.5000,0.5323,1.42233,-0.03162,-2.63742,1.09829,1.57085,0.11671,-0.12757,-0.48152,0.02655,,,,,,,,,,,,,,,,,,,,,,,,,,0,0,0,0,0
18.9893,1783969870.7561,1,2,0.5000,0.5279,1.42233,-0.03162,-2.63742,1.09829,1.57085,0.11671,-0.12757,-0.48152,0.02655,,,,,,,,,,,,,,,,,,,,,,,,,,0,0,0,0,0
18.9896,1783969870.7564,1,2,0.5000,0.5263,1.42233,-0.03162,-2.63742,1.09829,1.57085,0.11671,-0.12757,-0.48152,0.02655,,,,,,,,,,,,,,,,,,,,,,,,,,0,0,0,0,0
19.0105,1783969870.7773,1,2,0.5000,0.5322,1.42233,-0.03162,-2.63742,1.09829,1.57085,0.11671,-0.12757,-0.48152,0.02655,,,,,,,,,,,,,,,,,,,,,,,,,,0,0,0,0,0
19.0108,1783969870.7776,1,2,0.5000,0.5311,1.42233,-0.03162,-2.63742,1.09829,1.57085,0.11671,-0.12757,-0.48152,0.02655,,,,,,,,,,,,,,,,,,,,,,,,,,0,0,0,0,0
19.0111,1783969870.7778,1,2,0.5000,0.5371,1.42233,-0.03162,-2.63742,1.09829,1.57085,0.11671,-0.12757,-0.48152,0.02655,,,,,,,,,,,,,,,,,,,,,,,,,,0,0,0,0,0
19.1048,1783969870.8716,1,2,0.5000,0.5308,1.42233,-0.03162,-2.63742,1.09829,1.57085,0.11671,-0.12757,-0.48152,0.02655,,,,,,,,,,,,,,,,,,,,,,,,,,0,0,0,0,0
19.1229,1783969870.8897,1,2,0.5000,0.5349,1.42233,-0.03162,-2.63742,1.09829,1.57085,0.11671,-0.12757,-0.48152,0.02655,,,,,,,,,,,,,,,,,,,,,,,,,,0,0,0,0,0
19.1457,1783969870.9125,1,2,0.5000,0.5204,1.42233,-0.03162,-2.63742,1.09829,1.57085,0.11671,-0.12757,-0.48152,0.02655,,,,,,,,,,,,,,,,,,,,,,,,,,0,0,0,0,0
19.1660,1783969870.9328,1,2,0.5000,0.5389,1.42233,-0.03162,-2.63742,1.09829,1.57085,0.11671,-0.12757,-0.48152,0.02655,,,,,,,,,,,,,,,,,,,,,,,,,,0,0,0,0,0
19.1690,1783969870.9357,1,2,0.5000,0.5590,1.42233,-0.03162,-2.63742,1.09829,1.57085,0.11671,-0.12757,-0.48152,0.02655,,,,,,,,,,,,,,,,,,,,,,,,,,0,0,0,0,0
19.1695,1783969870.9363,1,2,0.5000,0.5681,1.42233,-0.03162,-2.63742,1.09829,1.57085,0.11671,-0.12757,-0.48152,0.02655,,,,,,,,,,,,,,,,,,,,,,,,,,0,0,0,0,0
19.1723,1783969870.9391,1,2,0.5000,0.5631,1.42233,-0.03162,-2.63742,1.09829,1.57085,0.11671,-0.12757,-0.48152,0.02655,,,,,,,,,,,,,,,,,,,,,,,,,,0,0,0,0,0
19.1727,1783969870.9395,1,2,0.5000,0.5048,1.42233,-0.03162,-2.63742,1.09829,1.57085,0.11671,-0.12757,-0.48152,0.02655,,,,,,,,,,,,,,,,,,,,,,,,,,0,0,0,0,0
19.1735,1783969870.9403,1,2,0.5000,0.5240,1.42233,-0.03162,-2.63742,1.09829,1.57085,0.11671,-0.12757,-0.48152,0.02655,,,,,,,,,,,,,,,,,,,,,,,,,,0,0,0,0,0
19.1742,1783969870.9410,1,2,0.5000,0.5020,1.42233,-0.03162,-2.63742,1.09829,1.57085,0.11671,-0.12757,-0.48152,0.02655,,,,,,,,,,,,,,,,,,,,,,,,,,0,0,0,0,0
19.1758,1783969870.9426,1,2,0.5000,0.4991,1.42233,-0.03162,-2.63742,1.09829,1.57085,0.11671,-0.12757,-0.48152,0.02655,,,,,,,,,,,,,,,,,,,,,,,,,,0,0,0,0,0
19.1761,1783969870.9429,1,2,0.5000,0.4990,1.42233,-0.03162,-2.63742,1.09829,1.57085,0.11671,-0.12757,-0.48152,0.02655,,,,,,,,,,,,,,,,,,,,,,,,,,0,0,0,0,0
19.1827,1783969870.9494,1,2,0.5000,0.5013,1.42233,-0.03162,-2.63742,1.09829,1.57085,0.11671,-0.12757,-0.48152,0.02655,,,,,,,,,,,,,,,,,,,,,,,,,,0,0,0,0,0
19.1843,1783969870.9511,1,2,0.5000,0.5095,1.42233,-0.03162,-2.63742,1.09829,1.57085,0.11671,-0.12757,-0.48152,0.02655,,,,,,,,,,,,,,,,,,,,,,,,,,0,0,0,0,0
19.1849,1783969870.9517,1,2,0.5000,0.5234,1.42233,-0.03162,-2.63742,1.09829,1.57085,0.11671,-0.12757,-0.48152,0.02655,,,,,,,,,,,,,,,,,,,,,,,,,,0,0,0,0,0
19.1910,1783969870.9578,1,2,0.5000,0.5497,1.42233,-0.03162,-2.63742,1.09829,1.57085,0.11671,-0.12757,-0.48152,0.02655,,,,,,,,,,,,,,,,,,,,,,,,,,0,0,0,0,0
19.1976,1783969870.9644,1,2,0.5000,0.5511,1.42233,-0.03162,-2.63742,1.09829,1.57085,0.11671,-0.12757,-0.48152,0.02655,,,,,,,,,,,,,,,,,,,,,,,,,,0,0,0,0,0
19.2129,1783969870.9797,1,2,0.5000,0.5374,1.42233,-0.03162,-2.63742,1.09829,1.57085,0.11671,-0.12757,-0.48152,0.02655,,,,,,,,,,,,,,,,,,,,,,,,,,0,0,0,0,0
19.2133,1783969870.9801,1,2,0.5000,0.5374,1.42233,-0.03162,-2.63742,1.09829,1.57085,0.11671,-0.12757,-0.48152,0.02655,,,,,,,,,,,,,,,,,,,,,,,,,,0,0,0,0,0
19.2208,1783969870.9876,1,2,0.5000,0.5243,1.42233,-0.03162,-2.63742,1.09829,1.57085,0.11671,-0.12757,-0.48152,0.02655,,,,,,,,,,,,,,,,,,,,,,,,,,0,0,0,0,0
19.2329,1783969870.9996,1,2,0.5000,0.5018,1.42233,-0.03162,-2.63742,1.09829,1.57085,0.11671,-0.12757,-0.48152,0.02655,,,,,,,,,,,,,,,,,,,,,,,,,,0,0,0,0,0
19.2331,1783969870.9999,1,2,0.5000,0.4938,1.42233,-0.03162,-2.63742,1.09829,1.57085,0.11671,-0.12757,-0.48152,0.02655,,,,,,,,,,,,,,,,,,,,,,,,,,0,0,0,0,0
19.2378,1783969871.0046,1,2,0.5000,0.4728,1.42233,-0.03162,-2.63742,1.09829,1.57085,0.11671,-0.12757,-0.48152,0.02655,,,,,,,,,,,,,,,,,,,,,,,,,,0,0,0,0,0
19.2618,1783969871.0286,1,2,0.5000,0.4990,1.42233,-0.03162,-2.63742,1.09829,1.57085,0.11671,-0.12757,-0.48152,0.02655,,,,,,,,,,,,,,,,,,,,,,,,,,0,0,0,0,0
19.2705,1783969871.0372,1,2,0.5000,0.5020,1.42233,-0.03162,-2.63742,1.09829,1.57085,0.11671,-0.12757,-0.48152,0.02655,,,,,,,,,,,,,,,,,,,,,,,,,,0,0,0,0,0
19.2708,1783969871.0376,1,2,0.5000,0.5051,1.42233,-0.03162,-2.63742,1.09829,1.57085,0.11671,-0.12757,-0.48152,0.02655,,,,,,,,,,,,,,,,,,,,,,,,,,0,0,0,0,0
19.2716,1783969871.0384,1,2,0.5000,0.5010,1.42233,-0.03162,-2.63742,1.09829,1.57085,0.11671,-0.12757,-0.48152,0.02655,,,,,,,,,,,,,,,,,,,,,,,,,,0,0,0,0,0
19.2719,1783969871.0387,1,2,0.5000,0.4983,1.42233,-0.03162,-2.63742,1.09829,1.57085,0.11671,-0.12757,-0.48152,0.02655,,,,,,,,,,,,,,,,,,,,,,,,,,0,0,0,0,0
19.2793,1783969871.0461,1,2,0.5000,0.5020,1.42233,-0.03162,-2.63742,1.09829,1.57085,0.11671,-0.12757,-0.48152,0.02655,,,,,,,,,,,,,,,,,,,,,,,,,,0,0,0,0,0
19.2797,1783969871.0465,1,2,0.5000,0.5078,1.42233,-0.03162,-2.63742,1.09829,1.57085,0.11671,-0.12757,-0.48152,0.02655,,,,,,,,,,,,,,,,,,,,,,,,,,0,0,0,0,0
19.2874,1783969871.0542,1,2,0.5000,0.4920,1.42233,-0.03162,-2.63742,1.09829,1.57085,0.11671,-0.12757,-0.48152,0.02655,,,,,,,,,,,,,,,,,,,,,,,,,,0,0,0,0,0
19.2878,1783969871.0545,1,2,0.5000,0.4941,1.42233,-0.03162,-2.63742,1.09829,1.57085,0.11671,-0.12757,-0.48152,0.02655,,,,,,,,,,,,,,,,,,,,,,,,,,0,0,0,0,0
19.3052,1783969871.0719,1,2,0.5000,0.5039,1.42233,-0.03162,-2.63742,1.09829,1.57085,0.11671,-0.12757,-0.48152,0.02655,,,,,,,,,,,,,,,,,,,,,,,,,,0,0,0,0,0
19.3131,1783969871.0799,1,2,0.5000,0.4992,1.42233,-0.03162,-2.63742,1.09829,1.57085,0.11671,-0.12757,-0.48152,0.02655,,,,,,,,,,,,,,,,,,,,,,,,,,0,0,0,0,0
19.3173,1783969871.0841,1,2,0.5000,0.5099,1.42233,-0.03162,-2.63742,1.09829,1.57085,0.11671,-0.12757,-0.48152,0.02655,,,,,,,,,,,,,,,,,,,,,,,,,,0,0,0,0,0
19.3178,1783969871.0845,1,2,0.5000,0.5101,1.42233,-0.03162,-2.63742,1.09829,1.57085,0.11671,-0.12757,-0.48152,0.02655,,,,,,,,,,,,,,,,,,,,,,,,,,0,0,0,0,0
19.3288,1783969871.0956,1,2,0.5000,0.5398,1.42233,-0.03162,-2.63742,1.09829,1.57085,0.11671,-0.12757,-0.48152,0.02655,,,,,,,,,,,,,,,,,,,,,,,,,,0,0,0,0,0
19.3392,1783969871.1060,1,2,0.5000,0.5096,1.42233,-0.03162,-2.63742,1.09829,1.57085,0.11671,-0.12757,-0.48152,0.02655,,,,,,,,,,,,,,,,,,,,,,,,,,0,0,0,0,0
19.3509,1783969871.1177,1,2,0.5000,0.4769,1.42233,-0.03162,-2.63742,1.09829,1.57085,0.11671,-0.12757,-0.48152,0.02655,,,,,,,,,,,,,,,,,,,,,,,,,,0,0,0,0,0
19.3672,1783969871.1340,1,2,0.5000,0.4663,1.42233,-0.03162,-2.63742,1.09829,1.57085,0.11671,-0.12757,-0.48152,0.02655,,,,,,,,,,,,,,,,,,,,,,,,,,0,0,0,0,0
19.3681,1783969871.1349,1,2,0.5000,0.4789,1.42233,-0.03162,-2.63742,1.09829,1.57085,0.11671,-0.12757,-0.48152,0.02655,,,,,,,,,,,,,,,,,,,,,,,,,,0,0,0,0,0
19.3687,1783969871.1355,1,2,0.5000,0.4748,1.42233,-0.03162,-2.63742,1.09829,1.57085,0.11671,-0.12757,-0.48152,0.02655,,,,,,,,,,,,,,,,,,,,,,,,,,0,0,0,0,0
19.3796,1783969871.1463,1,2,0.5000,0.4840,1.42233,-0.03162,-2.63742,1.09829,1.57085,0.11671,-0.12757,-0.48152,0.02655,,,,,,,,,,,,,,,,,,,,,,,,,,0,0,0,0,0
19.3799,1783969871.1467,1,2,0.5000,0.4878,1.42233,-0.03162,-2.63742,1.09829,1.57085,0.11671,-0.12757,-0.48152,0.02655,,,,,,,,,,,,,,,,,,,,,,,,,,0,0,0,0,0
19.3884,1783969871.1552,1,2,0.5000,0.4859,1.42233,-0.03162,-2.63742,1.09829,1.57085,0.11671,-0.12757,-0.48152,0.02655,,,,,,,,,,,,,,,,,,,,,,,,,,0,0,0,0,0
19.3891,1783969871.1558,1,2,0.5000,0.5000,1.42233,-0.03162,-2.63742,1.09829,1.57085,0.11671,-0.12757,-0.48152,0.02655,,,,,,,,,,,,,,,,,,,,,,,,,,0,0,0,0,0
19.4015,1783969871.1683,1,2,0.5000,0.5364,1.42233,-0.03162,-2.63742,1.09829,1.57085,0.11671,-0.12757,-0.48152,0.02655,,,,,,,,,,,,,,,,,,,,,,,,,,0,0,0,0,0
19.4020,1783969871.1688,1,2,0.5000,0.5337,1.42233,-0.03162,-2.63742,1.09829,1.57085,0.11671,-0.12757,-0.48152,0.02655,,,,,,,,,,,,,,,,,,,,,,,,,,0,0,0,0,0
19.4155,1783969871.1823,1,2,0.5000,0.5179,1.42233,-0.03162,-2.63742,1.09829,1.57085,0.11671,-0.12757,-0.48152,0.02655,,,,,,,,,,,,,,,,,,,,,,,,,,0,0,0,0,0
19.4216,1783969871.1884,1,2,0.5000,0.5162,1.42233,-0.03162,-2.63742,1.09829,1.57085,0.11671,-0.12757,-0.48152,0.02655,,,,,,,,,,,,,,,,,,,,,,,,,,0,0,0,0,0
19.4274,1783969871.1942,1,2,0.5000,0.5136,1.42233,-0.03162,-2.63742,1.09829,1.57085,0.11671,-0.12757,-0.48152,0.02655,,,,,,,,,,,,,,,,,,,,,,,,,,0,0,0,0,0
19.4412,1783969871.2080,1,2,0.5000,0.5098,1.42233,-0.03162,-2.63742,1.09829,1.57085,0.11671,-0.12757,-0.48152,0.02655,,,,,,,,,,,,,,,,,,,,,,,,,,0,0,0,0,0
19.4415,1783969871.2083,1,2,0.5000,0.4875,1.42233,-0.03162,-2.63742,1.09829,1.57085,0.11671,-0.12757,-0.48152,0.02655,,,,,,,,,,,,,,,,,,,,,,,,,,0,0,0,0,0
19.4491,1783969871.2158,1,2,0.5000,0.4988,1.42233,-0.03162,-2.63742,1.09829,1.57085,0.11671,-0.12757,-0.48152,0.02655,,,,,,,,,,,,,,,,,,,,,,,,,,0,0,0,0,0
19.4722,1783969871.2390,1,2,0.5000,0.4821,1.42233,-0.03162,-2.63742,1.09829,1.57085,0.11671,-0.12757,-0.48152,0.02655,,,,,,,,,,,,,,,,,,,,,,,,,,0,0,0,0,0
19.4730,1783969871.2398,1,2,0.5000,0.4732,1.42233,-0.03162,-2.63742,1.09829,1.57085,0.11671,-0.12757,-0.48152,0.02655,,,,,,,,,,,,,,,,,,,,,,,,,,0,0,0,0,0
19.4852,1783969871.2520,1,2,0.5000,0.4554,1.42233,-0.03162,-2.63742,1.09829,1.57085,0.11671,-0.12757,-0.48152,0.02655,,,,,,,,,,,,,,,,,,,,,,,,,,0,0,0,0,0
19.4948,1783969871.2616,1,2,0.5000,0.4222,1.42233,-0.03162,-2.63742,1.09829,1.57085,0.11671,-0.12757,-0.48152,0.02655,,,,,,,,,,,,,,,,,,,,,,,,,,0,0,0,0,0
19.5025,1783969871.2693,1,2,0.5000,0.4464,1.42233,-0.03162,-2.63742,1.09829,1.57085,0.11671,-0.12757,-0.48152,0.02655,,,,,,,,,,,,,,,,,,,,,,,,,,0,0,0,0,0
19.5188,1783969871.2856,1,2,0.5000,0.4581,1.42233,-0.03162,-2.63742,1.09829,1.57085,0.11671,-0.12757,-0.48152,0.02655,,,,,,,,,,,,,,,,,,,,,,,,,,0,0,0,0,0
19.5215,1783969871.2883,1,2,0.5000,0.4638,1.42233,-0.03162,-2.63742,1.09829,1.57085,0.11671,-0.12757,-0.48152,0.02655,,,,,,,,,,,,,,,,,,,,,,,,,,0,0,0,0,0
19.5427,1783969871.3094,1,2,0.5000,0.4633,1.42233,-0.03162,-2.63742,1.09829,1.57085,0.11671,-0.12757,-0.48152,0.02655,,,,,,,,,,,,,,,,,,,,,,,,,,0,0,0,0,0
19.5431,1783969871.3099,1,2,0.5000,0.4539,1.42233,-0.03162,-2.63742,1.09829,1.57085,0.11671,-0.12757,-0.48152,0.02655,,,,,,,,,,,,,,,,,,,,,,,,,,0,0,0,0,0
19.5436,1783969871.3104,1,2,0.5000,0.4629,1.42233,-0.03162,-2.63742,1.09829,1.57085,0.11671,-0.12757,-0.48152,0.02655,,,,,,,,,,,,,,,,,,,,,,,,,,0,0,0,0,0
19.5538,1783969871.3206,1,2,0.5000,0.4667,1.42233,-0.03162,-2.63742,1.09829,1.57085,0.11671,-0.12757,-0.48152,0.02655,,,,,,,,,,,,,,,,,,,,,,,,,,0,0,0,0,0
19.5624,1783969871.3292,1,2,0.5000,0.4620,1.42233,-0.03162,-2.63742,1.09829,1.57085,0.11671,-0.12757,-0.48152,0.02655,,,,,,,,,,,,,,,,,,,,,,,,,,0,0,0,0,0
19.5629,1783969871.3297,1,2,0.5000,0.4813,1.42233,-0.03162,-2.63742,1.09829,1.57085,0.11671,-0.12757,-0.48152,0.02655,,,,,,,,,,,,,,,,,,,,,,,,,,0,0,0,0,0
19.5724,1783969871.3391,1,2,0.5000,0.4771,1.42233,-0.03162,-2.63742,1.09829,1.57085,0.11671,-0.12757,-0.48152,0.02655,,,,,,,,,,,,,,,,,,,,,,,,,,0,0,0,0,0
19.5838,1783969871.3506,1,2,0.5000,0.5011,1.42233,-0.03162,-2.63742,1.09829,1.57085,0.11671,-0.12757,-0.48152,0.02655,,,,,,,,,,,,,,,,,,,,,,,,,,0,0,0,0,0
19.5967,1783969871.3634,1,2,0.5000,0.5042,1.42233,-0.03162,-2.63742,1.09829,1.57085,0.11671,-0.12757,-0.48152,0.02655,,,,,,,,,,,,,,,,,,,,,,,,,,0,0,0,0,0
19.6056,1783969871.3724,1,2,0.5000,0.4815,1.42233,-0.03162,-2.63742,1.09829,1.57085,0.11671,-0.12757,-0.48152,0.02655,,,,,,,,,,,,,,,,,,,,,,,,,,0,0,0,0,0
19.6260,1783969871.3927,1,2,0.5000,0.4769,1.42233,-0.03162,-2.63742,1.09829,1.57085,0.11671,-0.12757,-0.48152,0.02655,,,,,,,,,,,,,,,,,,,,,,,,,,0,0,0,0,0
19.6290,1783969871.3958,1,2,0.5000,0.4631,1.42233,-0.03162,-2.63742,1.09829,1.57085,0.11671,-0.12757,-0.48152,0.02655,,,,,,,,,,,,,,,,,,,,,,,,,,0,0,0,0,0
19.6458,1783969871.4125,1,2,0.5000,0.4713,1.42233,-0.03162,-2.63742,1.09829,1.57085,0.11671,-0.12757,-0.48152,0.02655,,,,,,,,,,,,,,,,,,,,,,,,,,0,0,0,0,0
19.6461,1783969871.4129,1,2,0.5000,0.4695,1.42233,-0.03162,-2.63742,1.09829,1.57085,0.11671,-0.12757,-0.48152,0.02655,,,,,,,,,,,,,,,,,,,,,,,,,,0,0,0,0,0
19.6697,1783969871.4365,1,2,0.5000,0.4771,1.42233,-0.03162,-2.63742,1.09829,1.57085,0.11671,-0.12757,-0.48152,0.02655,,,,,,,,,,,,,,,,,,,,,,,,,,0,0,0,0,0
19.6761,1783969871.4429,1,2,0.5000,0.4777,1.42233,-0.03162,-2.63742,1.09829,1.57085,0.11671,-0.12757,-0.48152,0.02655,,,,,,,,,,,,,,,,,,,,,,,,,,0,0,0,0,0
19.6769,1783969871.4437,1,2,0.5000,0.4873,1.42233,-0.03162,-2.63742,1.09829,1.57085,0.11671,-0.12757,-0.48152,0.02655,,,,,,,,,,,,,,,,,,,,,,,,,,0,0,0,0,0
19.6863,1783969871.4530,1,2,0.5000,0.4813,1.42233,-0.03162,-2.63742,1.09829,1.57085,0.11671,-0.12757,-0.48152,0.02655,,,,,,,,,,,,,,,,,,,,,,,,,,0,0,0,0,0
19.6866,1783969871.4534,1,2,0.5000,0.4871,1.42233,-0.03162,-2.63742,1.09829,1.57085,0.11671,-0.12757,-0.48152,0.02655,,,,,,,,,,,,,,,,,,,,,,,,,,0,0,0,0,0
19.6871,1783969871.4539,1,2,0.5000,0.4826,1.42233,-0.03162,-2.63742,1.09829,1.57085,0.11671,-0.12757,-0.48152,0.02655,,,,,,,,,,,,,,,,,,,,,,,,,,0,0,0,0,0
19.6957,1783969871.4624,1,2,0.5000,0.4817,1.42233,-0.03162,-2.63742,1.09829,1.57085,0.11671,-0.12757,-0.48152,0.02655,,,,,,,,,,,,,,,,,,,,,,,,,,0,0,0,0,0
19.7036,1783969871.4704,1,2,0.5000,0.4774,1.42233,-0.03162,-2.63742,1.09829,1.57085,0.11671,-0.12757,-0.48152,0.02655,,,,,,,,,,,,,,,,,,,,,,,,,,0,0,0,0,0
19.7039,1783969871.4707,1,2,0.5000,0.4751,1.42233,-0.03162,-2.63742,1.09829,1.57085,0.11671,-0.12757,-0.48152,0.02655,,,,,,,,,,,,,,,,,,,,,,,,,,0,0,0,0,0
19.7117,1783969871.4784,1,2,0.5000,0.4727,1.42233,-0.03162,-2.63742,1.09829,1.57085,0.11671,-0.12757,-0.48152,0.02655,,,,,,,,,,,,,,,,,,,,,,,,,,0,0,0,0,0
19.7120,1783969871.4788,1,2,0.5000,0.4731,1.42233,-0.03162,-2.63742,1.09829,1.57085,0.11671,-0.12757,-0.48152,0.02655,,,,,,,,,,,,,,,,,,,,,,,,,,0,0,0,0,0
19.7237,1783969871.4905,1,2,0.5000,0.4356,1.42233,-0.03162,-2.63742,1.09829,1.57085,0.11671,-0.12757,-0.48152,0.02655,,,,,,,,,,,,,,,,,,,,,,,,,,0,0,0,0,0
19.7382,1783969871.5050,1,2,0.5000,0.4250,1.42233,-0.03162,-2.63742,1.09829,1.57085,0.11671,-0.12757,-0.48152,0.02655,,,,,,,,,,,,,,,,,,,,,,,,,,0,0,0,0,0
19.7448,1783969871.5116,1,2,0.5000,0.4227,1.42233,-0.03162,-2.63742,1.09829,1.57085,0.11671,-0.12757,-0.48152,0.02655,,,,,,,,,,,,,,,,,,,,,,,,,,0,0,0,0,0
19.7517,1783969871.5184,1,2,0.5000,0.4316,1.42233,-0.03162,-2.63742,1.09829,1.57085,0.11671,-0.12757,-0.48152,0.02655,,,,,,,,,,,,,,,,,,,,,,,,,,0,0,0,0,0
19.7673,1783969871.5340,1,2,0.5000,0.4453,1.42233,-0.03162,-2.63742,1.09829,1.57085,0.11671,-0.12757,-0.48152,0.02655,,,,,,,,,,,,,,,,,,,,,,,,,,0,0,0,0,0
19.7793,1783969871.5461,1,2,0.5000,0.4403,1.42233,-0.03162,-2.63742,1.09829,1.57085,0.11671,-0.12757,-0.48152,0.02655,,,,,,,,,,,,,,,,,,,,,,,,,,0,0,0,0,0
19.7799,1783969871.5466,1,2,0.5000,0.4377,1.42233,-0.03162,-2.63742,1.09829,1.57085,0.11671,-0.12757,-0.48152,0.02655,,,,,,,,,,,,,,,,,,,,,,,,,,0,0,0,0,0
19.8877,1783969871.6545,1,2,0.5000,0.4599,1.42233,-0.03162,-2.63742,1.09829,1.57085,0.11671,-0.12757,-0.48152,0.02655,,,,,,,,,,,,,,,,,,,,,,,,,,0,0,0,0,0
19.8985,1783969871.6653,1,2,0.5000,0.4694,1.42233,-0.03162,-2.63742,1.09829,1.57085,0.11671,-0.12757,-0.48152,0.02655,,,,,,,,,,,,,,,,,,,,,,,,,,0,0,0,0,0
19.8999,1783969871.6667,1,2,0.5000,0.4619,1.42233,-0.03162,-2.63742,1.09829,1.57085,0.11671,-0.12757,-0.48152,0.02655,,,,,,,,,,,,,,,,,,,,,,,,,,0,0,0,0,0
19.9105,1783969871.6773,1,2,0.5000,0.4762,1.42233,-0.03162,-2.63742,1.09829,1.57085,0.11671,-0.12757,-0.48152,0.02655,,,,,,,,,,,,,,,,,,,,,,,,,,0,0,0,0,0
19.9155,1783969871.6822,1,2,0.5000,0.4853,1.42233,-0.03162,-2.63742,1.09829,1.57085,0.11671,-0.12757,-0.48152,0.02655,,,,,,,,,,,,,,,,,,,,,,,,,,0,0,0,0,0
19.9160,1783969871.6827,1,2,0.5000,0.4789,1.42233,-0.03162,-2.63742,1.09829,1.57085,0.11671,-0.12757,-0.48152,0.02655,,,,,,,,,,,,,,,,,,,,,,,,,,0,0,0,0,0
19.9170,1783969871.6838,1,2,0.5000,0.4307,1.42233,-0.03162,-2.63742,1.09829,1.57085,0.11671,-0.12757,-0.48152,0.02655,,,,,,,,,,,,,,,,,,,,,,,,,,0,0,0,0,0
19.9172,1783969871.6840,1,2,0.5000,0.4185,1.42233,-0.03162,-2.63742,1.09829,1.57085,0.11671,-0.12757,-0.48152,0.02655,,,,,,,,,,,,,,,,,,,,,,,,,,0,0,0,0,0
19.9277,1783969871.6945,1,2,0.5000,0.4395,1.42233,-0.03162,-2.63742,1.09829,1.57085,0.11671,-0.12757,-0.48152,0.02655,,,,,,,,,,,,,,,,,,,,,,,,,,0,0,0,0,0
20.1953,1783969871.9620,1,2,0.5000,0.4497,1.42233,-0.03162,-2.63742,1.09829,1.57085,0.11671,-0.12757,-0.48152,0.02655,,,,,,,,,,,,,,,,,,,,,,,,,,0,0,0,0,0
20.2066,1783969871.9734,1,2,0.5000,0.4509,1.42233,-0.03162,-2.63742,1.09829,1.57085,0.11671,-0.12757,-0.48152,0.02655,,,,,,,,,,,,,,,,,,,,,,,,,,0,0,0,0,0
20.3047,1783969872.0714,1,2,0.5000,0.4623,1.42233,-0.03162,-2.63742,1.09829,1.57085,0.11671,-0.12757,-0.48152,0.02655,,,,,,,,,,,,,,,,,,,,,,,,,,0,0,0,0,0
20.3096,1783969872.0764,1,2,0.5000,0.4628,1.42233,-0.03162,-2.63742,1.09829,1.57085,0.11671,-0.12757,-0.48152,0.02655,,,,,,,,,,,,,,,,,,,,,,,,,,0,0,0,0,0
20.3100,1783969872.0768,1,2,0.5000,0.4654,1.42233,-0.03162,-2.63742,1.09829,1.57085,0.11671,-0.12757,-0.48152,0.02655,,,,,,,,,,,,,,,,,,,,,,,,,,0,0,0,0,0
20.3217,1783969872.0885,1,2,0.5000,0.4614,1.42233,-0.03162,-2.63742,1.09829,1.57085,0.11671,-0.12757,-0.48152,0.02655,,,,,,,,,,,,,,,,,,,,,,,,,,0,0,0,0,0
20.3220,1783969872.0888,1,2,0.5000,0.4578,1.42233,-0.03162,-2.63742,1.09829,1.57085,0.11671,-0.12757,-0.48152,0.02655,,,,,,,,,,,,,,,,,,,,,,,,,,0,0,0,0,0
20.3237,1783969872.0905,1,2,0.5000,0.4624,1.42233,-0.03162,-2.63742,1.09829,1.57085,0.11671,-0.12757,-0.48152,0.02655,,,,,,,,,,,,,,,,,,,,,,,,,,0,0,0,0,0
20.3240,1783969872.0908,1,2,0.5000,0.4584,1.42233,-0.03162,-2.63742,1.09829,1.57085,0.11671,-0.12757,-0.48152,0.02655,,,,,,,,,,,,,,,,,,,,,,,,,,0,0,0,0,0
20.3262,1783969872.0930,1,2,0.5000,0.4339,1.42233,-0.03162,-2.63742,1.09829,1.57085,0.11671,-0.12757,-0.48152,0.02655,,,,,,,,,,,,,,,,,,,,,,,,,,0,0,0,0,0
20.3265,1783969872.0933,1,2,0.5000,0.4422,1.42233,-0.03162,-2.63742,1.09829,1.57085,0.11671,-0.12757,-0.48152,0.02655,,,,,,,,,,,,,,,,,,,,,,,,,,0,0,0,0,0
20.3314,1783969872.0982,1,2,0.5000,0.4439,1.42233,-0.03162,-2.63742,1.09829,1.57085,0.11671,-0.12757,-0.48152,0.02655,,,,,,,,,,,,,,,,,,,,,,,,,,0,0,0,0,0
20.3318,1783969872.0986,1,2,0.5000,0.4328,1.42233,-0.03162,-2.63742,1.09829,1.57085,0.11671,-0.12757,-0.48152,0.02655,,,,,,,,,,,,,,,,,,,,,,,,,,0,0,0,0,0
20.3377,1783969872.1045,1,2,0.5000,0.4426,1.42233,-0.03162,-2.63742,1.09829,1.57085,0.11671,-0.12757,-0.48152,0.02655,,,,,,,,,,,,,,,,,,,,,,,,,,0,0,0,0,0
20.3387,1783969872.1055,1,2,0.5000,0.4503,1.42233,-0.03162,-2.63742,1.09829,1.57085,0.11671,-0.12757,-0.48152,0.02655,,,,,,,,,,,,,,,,,,,,,,,,,,0,0,0,0,0
20.3390,1783969872.1058,1,2,0.5000,0.4362,1.42233,-0.03162,-2.63742,1.09829,1.57085,0.11671,-0.12757,-0.48152,0.02655,,,,,,,,,,,,,,,,,,,,,,,,,,0,0,0,0,0
20.3401,1783969872.1068,1,2,0.5000,0.4391,1.42233,-0.03162,-2.63742,1.09829,1.57085,0.11671,-0.12757,-0.48152,0.02655,,,,,,,,,,,,,,,,,,,,,,,,,,0,0,0,0,0
20.3404,1783969872.1072,1,2,0.5000,0.4299,1.42233,-0.03162,-2.63742,1.09829,1.57085,0.11671,-0.12757,-0.48152,0.02655,,,,,,,,,,,,,,,,,,,,,,,,,,0,0,0,0,0
20.3432,1783969872.1100,1,2,0.5000,0.4033,1.42233,-0.03162,-2.63742,1.09829,1.57085,0.11671,-0.12757,-0.48152,0.02655,,,,,,,,,,,,,,,,,,,,,,,,,,0,0,0,0,0
20.3435,1783969872.1103,1,2,0.5000,0.4048,1.42233,-0.03162,-2.63742,1.09829,1.57085,0.11671,-0.12757,-0.48152,0.02655,,,,,,,,,,,,,,,,,,,,,,,,,,0,0,0,0,0
20.3438,1783969872.1106,1,2,0.5000,0.4201,1.42233,-0.03162,-2.63742,1.09829,1.57085,0.11671,-0.12757,-0.48152,0.02655,,,,,,,,,,,,,,,,,,,,,,,,,,0,0,0,0,0
20.3441,1783969872.1108,1,2,0.5000,0.4255,1.42233,-0.03162,-2.63742,1.09829,1.57085,0.11671,-0.12757,-0.48152,0.02655,,,,,,,,,,,,,,,,,,,,,,,,,,0,0,0,0,0
20.3447,1783969872.1115,1,2,0.5000,0.4516,1.42233,-0.03162,-2.63742,1.09829,1.57085,0.11671,-0.12757,-0.48152,0.02655,,,,,,,,,,,,,,,,,,,,,,,,,,0,0,0,0,0
20.3453,1783969872.1121,1,2,0.5000,0.4593,1.42233,-0.03162,-2.63742,1.09829,1.57085,0.11671,-0.12757,-0.48152,0.02655,,,,,,,,,,,,,,,,,,,,,,,,,,0,0,0,0,0
20.3471,1783969872.1139,1,2,0.5000,0.4596,1.42233,-0.03162,-2.63742,1.09829,1.57085,0.11671,-0.12757,-0.48152,0.02655,,,,,,,,,,,,,,,,,,,,,,,,,,0,0,0,0,0
20.3475,1783969872.1142,1,2,0.5000,0.4448,1.42233,-0.03162,-2.63742,1.09829,1.57085,0.11671,-0.12757,-0.48152,0.02655,,,,,,,,,,,,,,,,,,,,,,,,,,0,0,0,0,0
20.3477,1783969872.1145,1,2,0.5000,0.4504,1.42233,-0.03162,-2.63742,1.09829,1.57085,0.11671,-0.12757,-0.48152,0.02655,,,,,,,,,,,,,,,,,,,,,,,,,,0,0,0,0,0
20.3548,1783969872.1216,1,2,0.5000,0.4296,1.42233,-0.03162,-2.63742,1.09829,1.57085,0.11671,-0.12757,-0.48152,0.02655,,,,,,,,,,,,,,,,,,,,,,,,,,0,0,0,0,0
20.3604,1783969872.1272,1,2,0.5000,0.4477,1.42233,-0.03162,-2.63742,1.09829,1.57085,0.11671,-0.12757,-0.48152,0.02655,,,,,,,,,,,,,,,,,,,,,,,,,,0,0,0,0,0
20.3659,1783969872.1326,1,2,0.5000,0.4447,1.42233,-0.03162,-2.63742,1.09829,1.57085,0.11671,-0.12757,-0.48152,0.02655,,,,,,,,,,,,,,,,,,,,,,,,,,0,0,0,0,0
20.3661,1783969872.1329,1,2,0.5000,0.4537,1.42233,-0.03162,-2.63742,1.09829,1.57085,0.11671,-0.12757,-0.48152,0.02655,,,,,,,,,,,,,,,,,,,,,,,,,,0,0,0,0,0
20.3745,1783969872.1413,1,2,0.5000,0.4517,1.42233,-0.03162,-2.63742,1.09829,1.57085,0.11671,-0.12757,-0.48152,0.02655,,,,,,,,,,,,,,,,,,,,,,,,,,0,0,0,0,0
20.3938,1783969872.1606,1,2,0.5000,0.4525,1.42233,-0.03162,-2.63742,1.09829,1.57085,0.11671,-0.12757,-0.48152,0.02655,,,,,,,,,,,,,,,,,,,,,,,,,,0,0,0,0,0
20.3981,1783969872.1648,1,2,0.5000,0.4545,1.42233,-0.03162,-2.63742,1.09829,1.57085,0.11671,-0.12757,-0.48152,0.02655,,,,,,,,,,,,,,,,,,,,,,,,,,0,0,0,0,0
20.3984,1783969872.1652,1,2,0.5000,0.4519,1.42233,-0.03162,-2.63742,1.09829,1.57085,0.11671,-0.12757,-0.48152,0.02655,,,,,,,,,,,,,,,,,,,,,,,,,,0,0,0,0,0
20.4009,1783969872.1677,1,2,0.5000,0.4405,1.42233,-0.03162,-2.63742,1.09829,1.57085,0.11671,-0.12757,-0.48152,0.02655,,,,,,,,,,,,,,,,,,,,,,,,,,0,0,0,0,0
20.4015,1783969872.1683,1,2,0.5000,0.4450,1.42233,-0.03162,-2.63742,1.09829,1.57085,0.11671,-0.12757,-0.48152,0.02655,,,,,,,,,,,,,,,,,,,,,,,,,,0,0,0,0,0
20.4064,1783969872.1732,1,2,0.5000,0.4525,1.42233,-0.03162,-2.63742,1.09829,1.57085,0.11671,-0.12757,-0.48152,0.02655,,,,,,,,,,,,,,,,,,,,,,,,,,0,0,0,0,0
20.4075,1783969872.1742,1,2,0.5000,0.4558,1.42233,-0.03162,-2.63742,1.09829,1.57085,0.11671,-0.12757,-0.48152,0.02655,,,,,,,,,,,,,,,,,,,,,,,,,,0,0,0,0,0
20.4148,1783969872.1816,1,2,0.5000,0.4522,1.42233,-0.03162,-2.63742,1.09829,1.57085,0.11671,-0.12757,-0.48152,0.02655,,,,,,,,,,,,,,,,,,,,,,,,,,0,0,0,0,0
20.4153,1783969872.1821,1,2,0.5000,0.4417,1.42233,-0.03162,-2.63742,1.09829,1.57085,0.11671,-0.12757,-0.48152,0.02655,,,,,,,,,,,,,,,,,,,,,,,,,,0,0,0,0,0
20.4157,1783969872.1824,1,2,0.5000,0.4416,1.42233,-0.03162,-2.63742,1.09829,1.57085,0.11671,-0.12757,-0.48152,0.02655,,,,,,,,,,,,,,,,,,,,,,,,,,0,0,0,0,0
20.4220,1783969872.1887,1,2,0.5000,0.4510,1.42233,-0.03162,-2.63742,1.09829,1.57085,0.11671,-0.12757,-0.48152,0.02655,,,,,,,,,,,,,,,,,,,,,,,,,,0,0,0,0,0
20.4224,1783969872.1891,1,2,0.5000,0.4585,1.42233,-0.03162,-2.63742,1.09829,1.57085,0.11671,-0.12757,-0.48152,0.02655,,,,,,,,,,,,,,,,,,,,,,,,,,0,0,0,0,0
20.4255,1783969872.1922,1,2,0.5000,0.4700,1.42233,-0.03162,-2.63742,1.09829,1.57085,0.11671,-0.12757,-0.48152,0.02655,,,,,,,,,,,,,,,,,,,,,,,,,,0,0,0,0,0
20.4259,1783969872.1927,1,2,0.5000,0.4491,1.42233,-0.03162,-2.63742,1.09829,1.57085,0.11671,-0.12757,-0.48152,0.02655,,,,,,,,,,,,,,,,,,,,,,,,,,0,0,0,0,0
20.4265,1783969872.1932,1,2,0.5000,0.4270,1.42233,-0.03162,-2.63742,1.09829,1.57085,0.11671,-0.12757,-0.48152,0.02655,,,,,,,,,,,,,,,,,,,,,,,,,,0,0,0,0,0
20.4269,1783969872.1937,1,2,0.5000,0.4211,1.42233,-0.03162,-2.63742,1.09829,1.57085,0.11671,-0.12757,-0.48152,0.02655,,,,,,,,,,,,,,,,,,,,,,,,,,0,0,0,0,0
20.4273,1783969872.1941,1,2,0.5000,0.4210,1.42233,-0.03162,-2.63742,1.09829,1.57085,0.11671,-0.12757,-0.48152,0.02655,,,,,,,,,,,,,,,,,,,,,,,,,,0,0,0,0,0
20.4278,1783969872.1946,1,2,0.5000,0.4141,1.42233,-0.03162,-2.63742,1.09829,1.57085,0.11671,-0.12757,-0.48152,0.02655,,,,,,,,,,,,,,,,,,,,,,,,,,0,0,0,0,0
20.4318,1783969872.1986,1,2,0.5000,0.4238,1.42233,-0.03162,-2.63742,1.09829,1.57085,0.11671,-0.12757,-0.48152,0.02655,,,,,,,,,,,,,,,,,,,,,,,,,,0,0,0,0,0
20.4442,1783969872.2110,1,2,0.5000,0.4272,1.42233,-0.03162,-2.63742,1.09829,1.57085,0.11671,-0.12757,-0.48152,0.02655,,,,,,,,,,,,,,,,,,,,,,,,,,0,0,0,0,0
20.4445,1783969872.2113,1,2,0.5000,0.4370,1.42233,-0.03162,-2.63742,1.09829,1.57085,0.11671,-0.12757,-0.48152,0.02655,,,,,,,,,,,,,,,,,,,,,,,,,,0,0,0,0,0
20.4448,1783969872.2116,1,2,0.5000,0.4468,1.42233,-0.03162,-2.63742,1.09829,1.57085,0.11671,-0.12757,-0.48152,0.02655,,,,,,,,,,,,,,,,,,,,,,,,,,0,0,0,0,0
20.4466,1783969872.2134,1,2,0.5000,0.4525,1.42233,-0.03162,-2.63742,1.09829,1.57085,0.11671,-0.12757,-0.48152,0.02655,,,,,,,,,,,,,,,,,,,,,,,,,,0,0,0,0,0
20.4469,1783969872.2137,1,2,0.5000,0.4326,1.42233,-0.03162,-2.63742,1.09829,1.57085,0.11671,-0.12757,-0.48152,0.02655,,,,,,,,,,,,,,,,,,,,,,,,,,0,0,0,0,0
20.4472,1783969872.2140,1,2,0.5000,0.4352,1.42233,-0.03162,-2.63742,1.09829,1.57085,0.11671,-0.12757,-0.48152,0.02655,,,,,,,,,,,,,,,,,,,,,,,,,,0,0,0,0,0
20.4511,1783969872.2179,1,2,0.5000,0.4319,1.42233,-0.03162,-2.63742,1.09829,1.57085,0.11671,-0.12757,-0.48152,0.02655,,,,,,,,,,,,,,,,,,,,,,,,,,0,0,0,0,0
20.4514,1783969872.2181,1,2,0.5000,0.4480,1.42233,-0.03162,-2.63742,1.09829,1.57085,0.11671,-0.12757,-0.48152,0.02655,,,,,,,,,,,,,,,,,,,,,,,,,,0,0,0,0,0
20.4755,1783969872.2422,1,2,0.5000,0.4579,1.42233,-0.03162,-2.63742,1.09829,1.57085,0.11671,-0.12757,-0.48152,0.02655,,,,,,,,,,,,,,,,,,,,,,,,,,0,0,0,0,0
20.4767,1783969872.2435,1,2,0.5000,0.4548,1.42233,-0.03162,-2.63742,1.09829,1.57085,0.11671,-0.12757,-0.48152,0.02655,,,,,,,,,,,,,,,,,,,,,,,,,,0,0,0,0,0
20.4770,1783969872.2437,1,2,0.5000,0.4362,1.42233,-0.03162,-2.63742,1.09829,1.57085,0.11671,-0.12757,-0.48152,0.02655,,,,,,,,,,,,,,,,,,,,,,,,,,0,0,0,0,0
20.4774,1783969872.2442,1,2,0.5000,0.4347,1.42233,-0.03162,-2.63742,1.09829,1.57085,0.11671,-0.12757,-0.48152,0.02655,,,,,,,,,,,,,,,,,,,,,,,,,,0,0,0,0,0
20.4957,1783969872.2625,1,2,0.5000,0.4202,1.42233,-0.03162,-2.63742,1.09829,1.57085,0.11671,-0.12757,-0.48152,0.02655,,,,,,,,,,,,,,,,,,,,,,,,,,0,0,0,0,0
20.4961,1783969872.2629,1,2,0.5000,0.4316,1.42233,-0.03162,-2.63742,1.09829,1.57085,0.11671,-0.12757,-0.48152,0.02655,,,,,,,,,,,,,,,,,,,,,,,,,,0,0,0,0,0
20.4964,1783969872.2632,1,2,0.5000,0.4630,1.42233,-0.03162,-2.63742,1.09829,1.57085,0.11671,-0.12757,-0.48152,0.02655,,,,,,,,,,,,,,,,,,,,,,,,,,0,0,0,0,0
20.4967,1783969872.2634,1,2,0.5000,0.4557,1.42233,-0.03162,-2.63742,1.09829,1.57085,0.11671,-0.12757,-0.48152,0.02655,,,,,,,,,,,,,,,,,,,,,,,,,,0,0,0,0,0
20.5011,1783969872.2679,1,2,0.5000,0.4656,1.42233,-0.03162,-2.63742,1.09829,1.57085,0.11671,-0.12757,-0.48152,0.02655,,,,,,,,,,,,,,,,,,,,,,,,,,0,0,0,0,0
20.5016,1783969872.2684,1,2,0.5000,0.4600,1.42233,-0.03162,-2.63742,1.09829,1.57085,0.11671,-0.12757,-0.48152,0.02655,,,,,,,,,,,,,,,,,,,,,,,,,,0,0,0,0,0
20.5139,1783969872.2806,1,2,0.5000,0.4271,1.42233,-0.03162,-2.63742,1.09829,1.57085,0.11671,-0.12757,-0.48152,0.02655,,,,,,,,,,,,,,,,,,,,,,,,,,0,0,0,0,0
20.5251,1783969872.2918,1,2,0.5000,0.4219,1.42233,-0.03162,-2.63742,1.09829,1.57085,0.11671,-0.12757,-0.48152,0.02655,,,,,,,,,,,,,,,,,,,,,,,,,,0,0,0,0,0
20.5361,1783969872.3029,1,2,0.5000,0.4330,1.42233,-0.03162,-2.63742,1.09829,1.57085,0.11671,-0.12757,-0.48152,0.02655,,,,,,,,,,,,,,,,,,,,,,,,,,0,0,0,0,0
20.5512,1783969872.3179,1,2,0.5000,0.4313,1.42233,-0.03162,-2.63742,1.09829,1.57085,0.11671,-0.12757,-0.48152,0.02655,,,,,,,,,,,,,,,,,,,,,,,,,,0,0,0,0,0
20.5527,1783969872.3195,1,2,0.5000,0.4391,1.42233,-0.03162,-2.63742,1.09829,1.57085,0.11671,-0.12757,-0.48152,0.02655,,,,,,,,,,,,,,,,,,,,,,,,,,0,0,0,0,0
20.5646,1783969872.3313,1,2,0.5000,0.4432,1.42233,-0.03162,-2.63742,1.09829,1.57085,0.11671,-0.12757,-0.48152,0.02655,,,,,,,,,,,,,,,,,,,,,,,,,,0,0,0,0,0
20.5707,1783969872.3374,1,2,0.5000,0.4191,1.42233,-0.03162,-2.63742,1.09829,1.57085,0.11671,-0.12757,-0.48152,0.02655,,,,,,,,,,,,,,,,,,,,,,,,,,0,0,0,0,0
20.5804,1783969872.3472,1,2,0.5000,0.4380,1.42233,-0.03162,-2.63742,1.09829,1.57085,0.11671,-0.12757,-0.48152,0.02655,,,,,,,,,,,,,,,,,,,,,,,,,,0,0,0,0,0
20.6090,1783969872.3757,1,2,0.5000,0.4467,1.42233,-0.03162,-2.63742,1.09829,1.57085,0.11671,-0.12757,-0.48152,0.02655,,,,,,,,,,,,,,,,,,,,,,,,,,0,0,0,0,0
20.6106,1783969872.3774,1,2,0.5000,0.4857,1.42233,-0.03162,-2.63742,1.09829,1.57085,0.11671,-0.12757,-0.48152,0.02655,,,,,,,,,,,,,,,,,,,,,,,,,,0,0,0,0,0
20.6110,1783969872.3778,1,2,0.5000,0.4599,1.42233,-0.03162,-2.63742,1.09829,1.57085,0.11671,-0.12757,-0.48152,0.02655,,,,,,,,,,,,,,,,,,,,,,,,,,0,0,0,0,0
20.6237,1783969872.3905,1,2,0.5000,0.4560,1.42233,-0.03162,-2.63742,1.09829,1.57085,0.11671,-0.12757,-0.48152,0.02655,,,,,,,,,,,,,,,,,,,,,,,,,,0,0,0,0,0
20.6240,1783969872.3908,1,2,0.5000,0.4487,1.42233,-0.03162,-2.63742,1.09829,1.57085,0.11671,-0.12757,-0.48152,0.02655,,,,,,,,,,,,,,,,,,,,,,,,,,0,0,0,0,0
20.6314,1783969872.3982,1,2,0.5000,0.4314,1.42233,-0.03162,-2.63742,1.09829,1.57085,0.11671,-0.12757,-0.48152,0.02655,,,,,,,,,,,,,,,,,,,,,,,,,,0,0,0,0,0
20.6471,1783969872.4139,1,2,0.5000,0.3975,1.42233,-0.03162,-2.63742,1.09829,1.57085,0.11671,-0.12757,-0.48152,0.02655,,,,,,,,,,,,,,,,,,,,,,,,,,0,0,0,0,0
20.6491,1783969872.4158,1,2,0.5000,0.4051,1.42233,-0.03162,-2.63742,1.09829,1.57085,0.11671,-0.12757,-0.48152,0.02655,,,,,,,,,,,,,,,,,,,,,,,,,,0,0,0,0,0
20.6599,1783969872.4267,1,2,0.5000,0.4235,1.42233,-0.03162,-2.63742,1.09829,1.57085,0.11671,-0.12757,-0.48152,0.02655,,,,,,,,,,,,,,,,,,,,,,,,,,0,0,0,0,0
20.6941,1783969872.4609,1,2,0.5000,0.4295,1.42233,-0.03162,-2.63742,1.09829,1.57085,0.11671,-0.12757,-0.48152,0.02655,,,,,,,,,,,,,,,,,,,,,,,,,,0,0,0,0,0
20.7105,1783969872.4773,1,2,0.5000,0.4246,1.42233,-0.03162,-2.63742,1.09829,1.57085,0.11671,-0.12757,-0.48152,0.02655,,,,,,,,,,,,,,,,,,,,,,,,,,0,0,0,0,0
20.8333,1783969872.6000,1,2,0.5000,0.4233,1.42233,-0.03162,-2.63742,1.09829,1.57085,0.11671,-0.12757,-0.48152,0.02655,,,,,,,,,,,,,,,,,,,,,,,,,,0,0,0,0,0
20.8827,1783969872.6495,1,2,0.5000,0.4397,1.42233,-0.03162,-2.63742,1.09829,1.57085,0.11671,-0.12757,-0.48152,0.02655,,,,,,,,,,,,,,,,,,,,,,,,,,0,0,0,0,0
20.8830,1783969872.6498,1,2,0.5000,0.4337,1.42233,-0.03162,-2.63742,1.09829,1.57085,0.11671,-0.12757,-0.48152,0.02655,,,,,,,,,,,,,,,,,,,,,,,,,,0,0,0,0,0
20.9008,1783969872.6676,1,2,0.5000,0.4345,1.42233,-0.03162,-2.63742,1.09829,1.57085,0.11671,-0.12757,-0.48152,0.02655,,,,,,,,,,,,,,,,,,,,,,,,,,0,0,0,0,0
20.9066,1783969872.6734,1,2,0.5000,0.4389,1.42233,-0.03162,-2.63742,1.09829,1.57085,0.11671,-0.12757,-0.48152,0.02655,,,,,,,,,,,,,,,,,,,,,,,,,,0,0,0,0,0
20.9109,1783969872.6777,1,2,0.5000,0.4391,1.42233,-0.03162,-2.63742,1.09829,1.57085,0.11671,-0.12757,-0.48152,0.02655,,,,,,,,,,,,,,,,,,,,,,,,,,0,0,0,0,0
20.9124,1783969872.6792,1,2,0.5000,0.4364,1.42233,-0.03162,-2.63742,1.09829,1.57085,0.11671,-0.12757,-0.48152,0.02655,,,,,,,,,,,,,,,,,,,,,,,,,,0,0,0,0,0
20.9128,1783969872.6796,1,2,0.5000,0.4218,1.42233,-0.03162,-2.63742,1.09829,1.57085,0.11671,-0.12757,-0.48152,0.02655,,,,,,,,,,,,,,,,,,,,,,,,,,0,0,0,0,0
20.9133,1783969872.6801,1,2,0.5000,0.4198,1.42233,-0.03162,-2.63742,1.09829,1.57085,0.11671,-0.12757,-0.48152,0.02655,,,,,,,,,,,,,,,,,,,,,,,,,,0,0,0,0,0
20.9180,1783969872.6848,1,2,0.5000,0.3949,1.42233,-0.03162,-2.63742,1.09829,1.57085,0.11671,-0.12757,-0.48152,0.02655,,,,,,,,,,,,,,,,,,,,,,,,,,0,0,0,0,0
20.9182,1783969872.6849,1,2,0.5000,0.3872,1.42233,-0.03162,-2.63742,1.09829,1.57085,0.11671,-0.12757,-0.48152,0.02655,,,,,,,,,,,,,,,,,,,,,,,,,,0,0,0,0,0
20.9249,1783969872.6917,1,2,0.5000,0.3810,1.42233,-0.03162,-2.63742,1.09829,1.57085,0.11671,-0.12757,-0.48152,0.02655,,,,,,,,,,,,,,,,,,,,,,,,,,0,0,0,0,0
20.9356,1783969872.7024,1,2,0.5000,0.3935,1.42233,-0.03162,-2.63742,1.09829,1.57085,0.11671,-0.12757,-0.48152,0.02655,,,,,,,,,,,,,,,,,,,,,,,,,,0,0,0,0,0
20.9359,1783969872.7027,1,2,0.5000,0.3975,1.42233,-0.03162,-2.63742,1.09829,1.57085,0.11671,-0.12757,-0.48152,0.02655,,,,,,,,,,,,,,,,,,,,,,,,,,0,0,0,0,0
20.9659,1783969872.7327,1,2,0.5000,0.4000,1.42233,-0.03162,-2.63742,1.09829,1.57085,0.11671,-0.12757,-0.48152,0.02655,,,,,,,,,,,,,,,,,,,,,,,,,,0,0,0,0,0
20.9663,1783969872.7330,1,2,0.5000,0.4080,1.42233,-0.03162,-2.63742,1.09829,1.57085,0.11671,-0.12757,-0.48152,0.02655,,,,,,,,,,,,,,,,,,,,,,,,,,0,0,0,0,0
20.9758,1783969872.7426,1,2,0.5000,0.4297,1.42233,-0.03162,-2.63742,1.09829,1.57085,0.11671,-0.12757,-0.48152,0.02655,,,,,,,,,,,,,,,,,,,,,,,,,,0,0,0,0,0
20.9761,1783969872.7428,1,2,0.5000,0.4254,1.42233,-0.03162,-2.63742,1.09829,1.57085,0.11671,-0.12757,-0.48152,0.02655,,,,,,,,,,,,,,,,,,,,,,,,,,0,0,0,0,0
20.9800,1783969872.7468,1,2,0.5000,0.4212,1.42233,-0.03162,-2.63742,1.09829,1.57085,0.11671,-0.12757,-0.48152,0.02655,,,,,,,,,,,,,,,,,,,,,,,,,,0,0,0,0,0
20.9804,1783969872.7472,1,2,0.5000,0.4222,1.42233,-0.03162,-2.63742,1.09829,1.57085,0.11671,-0.12757,-0.48152,0.02655,,,,,,,,,,,,,,,,,,,,,,,,,,0,0,0,0,0
20.9820,1783969872.7488,1,2,0.5000,0.4401,1.42233,-0.03162,-2.63742,1.09829,1.57085,0.11671,-0.12757,-0.48152,0.02655,,,,,,,,,,,,,,,,,,,,,,,,,,0,0,0,0,0
20.9852,1783969872.7520,1,2,0.5000,0.4473,1.42233,-0.03162,-2.63742,1.09829,1.57085,0.11671,-0.12757,-0.48152,0.02655,,,,,,,,,,,,,,,,,,,,,,,,,,0,0,0,0,0
20.9855,1783969872.7523,1,2,0.5000,0.4357,1.42233,-0.03162,-2.63742,1.09829,1.57085,0.11671,-0.12757,-0.48152,0.02655,,,,,,,,,,,,,,,,,,,,,,,,,,0,0,0,0,0
20.9860,1783969872.7528,1,2,0.5000,0.4323,1.42233,-0.03162,-2.63742,1.09829,1.57085,0.11671,-0.12757,-0.48152,0.02655,,,,,,,,,,,,,,,,,,,,,,,,,,0,0,0,0,0
20.9942,1783969872.7609,1,2,0.5000,0.4349,1.42233,-0.03162,-2.63742,1.09829,1.57085,0.11671,-0.12757,-0.48152,0.02655,,,,,,,,,,,,,,,,,,,,,,,,,,0,0,0,0,0
21.0060,1783969872.7727,1,2,0.5000,0.4158,1.42233,-0.03162,-2.63742,1.09829,1.57085,0.11671,-0.12757,-0.48152,0.02655,,,,,,,,,,,,,,,,,,,,,,,,,,0,0,0,0,0
21.0069,1783969872.7737,1,2,0.5000,0.4153,1.42233,-0.03162,-2.63742,1.09829,1.57085,0.11671,-0.12757,-0.48152,0.02655,,,,,,,,,,,,,,,,,,,,,,,,,,0,0,0,0,0
21.0103,1783969872.7771,1,2,0.5000,0.4178,1.42233,-0.03162,-2.63742,1.09829,1.57085,0.11671,-0.12757,-0.48152,0.02655,,,,,,,,,,,,,,,,,,,,,,,,,,0,0,0,0,0
21.0107,1783969872.7775,1,2,0.5000,0.4124,1.42233,-0.03162,-2.63742,1.09829,1.57085,0.11671,-0.12757,-0.48152,0.02655,,,,,,,,,,,,,,,,,,,,,,,,,,0,0,0,0,0
21.0155,1783969872.7822,1,2,0.5000,0.4370,1.42233,-0.03162,-2.63742,1.09829,1.57085,0.11671,-0.12757,-0.48152,0.02655,,,,,,,,,,,,,,,,,,,,,,,,,,0,0,0,0,0
21.0166,1783969872.7834,1,2,0.5000,0.4362,1.42233,-0.03162,-2.63742,1.09829,1.57085,0.11671,-0.12757,-0.48152,0.02655,,,,,,,,,,,,,,,,,,,,,,,,,,0,0,0,0,0
21.0170,1783969872.7838,1,2,0.5000,0.4484,1.42233,-0.03162,-2.63742,1.09829,1.57085,0.11671,-0.12757,-0.48152,0.02655,,,,,,,,,,,,,,,,,,,,,,,,,,0,0,0,0,0
21.0259,1783969872.7927,1,2,0.5000,0.4578,1.42233,-0.03162,-2.63742,1.09829,1.57085,0.11671,-0.12757,-0.48152,0.02655,,,,,,,,,,,,,,,,,,,,,,,,,,0,0,0,0,0
21.0263,1783969872.7931,1,2,0.5000,0.4933,1.42233,-0.03162,-2.63742,1.09829,1.57085,0.11671,-0.12757,-0.48152,0.02655,,,,,,,,,,,,,,,,,,,,,,,,,,0,0,0,0,0
21.0266,1783969872.7933,1,2,0.5000,0.4920,1.42233,-0.03162,-2.63742,1.09829,1.57085,0.11671,-0.12757,-0.48152,0.02655,,,,,,,,,,,,,,,,,,,,,,,,,,0,0,0,0,0
21.0292,1783969872.7960,1,2,0.5000,0.4697,1.42233,-0.03162,-2.63742,1.09829,1.57085,0.11671,-0.12757,-0.48152,0.02655,,,,,,,,,,,,,,,,,,,,,,,,,,0,0,0,0,0
21.0300,1783969872.7968,1,2,0.5000,0.4692,1.42233,-0.03162,-2.63742,1.09829,1.57085,0.11671,-0.12757,-0.48152,0.02655,,,,,,,,,,,,,,,,,,,,,,,,,,0,0,0,0,0
21.0358,1783969872.8026,1,2,0.5000,0.4732,1.42233,-0.03162,-2.63742,1.09829,1.57085,0.11671,-0.12757,-0.48152,0.02655,,,,,,,,,,,,,,,,,,,,,,,,,,0,0,0,0,0
21.0362,1783969872.8030,1,2,0.5000,0.4754,1.42233,-0.03162,-2.63742,1.09829,1.57085,0.11671,-0.12757,-0.48152,0.02655,,,,,,,,,,,,,,,,,,,,,,,,,,0,0,0,0,0
21.0395,1783969872.8063,1,2,0.5000,0.4718,1.42233,-0.03162,-2.63742,1.09829,1.57085,0.11671,-0.12757,-0.48152,0.02655,,,,,,,,,,,,,,,,,,,,,,,,,,0,0,0,0,0
21.0399,1783969872.8067,1,2,0.5000,0.4796,1.42233,-0.03162,-2.63742,1.09829,1.57085,0.11671,-0.12757,-0.48152,0.02655,,,,,,,,,,,,,,,,,,,,,,,,,,0,0,0,0,0
21.0412,1783969872.8080,1,2,0.5000,0.4991,1.42233,-0.03162,-2.63742,1.09829,1.57085,0.11671,-0.12757,-0.48152,0.02655,,,,,,,,,,,,,,,,,,,,,,,,,,0,0,0,0,0
21.0418,1783969872.8085,1,2,0.5000,0.5090,1.42233,-0.03162,-2.63742,1.09829,1.57085,0.11671,-0.12757,-0.48152,0.02655,,,,,,,,,,,,,,,,,,,,,,,,,,0,0,0,0,0
21.0459,1783969872.8127,1,2,0.5000,0.5640,1.42233,-0.03162,-2.63742,1.09829,1.57085,0.11671,-0.12757,-0.48152,0.02655,,,,,,,,,,,,,,,,,,,,,,,,,,0,0,0,0,0
21.0463,1783969872.8131,1,2,0.5000,0.5711,1.42233,-0.03162,-2.63742,1.09829,1.57085,0.11671,-0.12757,-0.48152,0.02655,,,,,,,,,,,,,,,,,,,,,,,,,,0,0,0,0,0
21.0467,1783969872.8135,1,2,0.5000,0.5730,1.42233,-0.03162,-2.63742,1.09829,1.57085,0.11671,-0.12757,-0.48152,0.02655,,,,,,,,,,,,,,,,,,,,,,,,,,0,0,0,0,0
21.0530,1783969872.8198,1,2,0.5000,0.5654,1.42233,-0.03162,-2.63742,1.09829,1.57085,0.11671,-0.12757,-0.48152,0.02655,,,,,,,,,,,,,,,,,,,,,,,,,,0,0,0,0,0
21.0534,1783969872.8202,1,2,0.5000,0.5527,1.42233,-0.03162,-2.63742,1.09829,1.57085,0.11671,-0.12757,-0.48152,0.02655,,,,,,,,,,,,,,,,,,,,,,,,,,0,0,0,0,0
21.0577,1783969872.8245,1,2,0.5000,0.5144,1.42233,-0.03162,-2.63742,1.09829,1.57085,0.11671,-0.12757,-0.48152,0.02655,,,,,,,,,,,,,,,,,,,,,,,,,,0,0,0,0,0
21.0579,1783969872.8247,1,2,0.5000,0.4798,1.42233,-0.03162,-2.63742,1.09829,1.57085,0.11671,-0.12757,-0.48152,0.02655,,,,,,,,,,,,,,,,,,,,,,,,,,0,0,0,0,0
21.0678,1783969872.8346,1,2,0.5000,0.4938,1.42233,-0.03162,-2.63742,1.09829,1.57085,0.11671,-0.12757,-0.48152,0.02655,,,,,,,,,,,,,,,,,,,,,,,,,,0,0,0,0,0
21.0848,1783969872.8516,1,2,0.5000,0.5104,1.42233,-0.03162,-2.63742,1.09829,1.57085,0.11671,-0.12757,-0.48152,0.02655,,,,,,,,,,,,,,,,,,,,,,,,,,0,0,0,0,0
21.0934,1783969872.8602,1,2,0.5000,0.5343,1.42233,-0.03162,-2.63742,1.09829,1.57085,0.11671,-0.12757,-0.48152,0.02655,,,,,,,,,,,,,,,,,,,,,,,,,,0,0,0,0,0
21.1031,1783969872.8698,1,2,0.5000,0.5439,1.42233,-0.03162,-2.63742,1.09829,1.57085,0.11671,-0.12757,-0.48152,0.02655,,,,,,,,,,,,,,,,,,,,,,,,,,0,0,0,0,0
21.1034,1783969872.8701,1,2,0.5000,0.5473,1.42233,-0.03162,-2.63742,1.09829,1.57085,0.11671,-0.12757,-0.48152,0.02655,,,,,,,,,,,,,,,,,,,,,,,,,,0,0,0,0,0
21.1110,1783969872.8778,1,2,0.5000,0.5659,1.42233,-0.03162,-2.63742,1.09829,1.57085,0.11671,-0.12757,-0.48152,0.02655,,,,,,,,,,,,,,,,,,,,,,,,,,0,0,0,0,0
21.1114,1783969872.8782,1,2,0.5000,0.5561,1.42233,-0.03162,-2.63742,1.09829,1.57085,0.11671,-0.12757,-0.48152,0.02655,,,,,,,,,,,,,,,,,,,,,,,,,,0,0,0,0,0
21.1140,1783969872.8808,1,2,0.5000,0.5416,1.42233,-0.03162,-2.63742,1.09829,1.57085,0.11671,-0.12757,-0.48152,0.02655,,,,,,,,,,,,,,,,,,,,,,,,,,0,0,0,0,0
21.1142,1783969872.8810,1,2,0.5000,0.5458,1.42233,-0.03162,-2.63742,1.09829,1.57085,0.11671,-0.12757,-0.48152,0.02655,,,,,,,,,,,,,,,,,,,,,,,,,,0,0,0,0,0
21.1146,1783969872.8813,1,2,0.5000,0.5404,1.42233,-0.03162,-2.63742,1.09829,1.57085,0.11671,-0.12757,-0.48152,0.02655,,,,,,,,,,,,,,,,,,,,,,,,,,0,0,0,0,0
21.1147,1783969872.8815,1,2,0.5000,0.5424,1.42233,-0.03162,-2.63742,1.09829,1.57085,0.11671,-0.12757,-0.48152,0.02655,,,,,,,,,,,,,,,,,,,,,,,,,,0,0,0,0,0
21.1222,1783969872.8890,1,2,0.5000,0.5445,1.42233,-0.03162,-2.63742,1.09829,1.57085,0.11671,-0.12757,-0.48152,0.02655,,,,,,,,,,,,,,,,,,,,,,,,,,0,0,0,0,0
21.1226,1783969872.8893,1,2,0.5000,0.5441,1.42233,-0.03162,-2.63742,1.09829,1.57085,0.11671,-0.12757,-0.48152,0.02655,,,,,,,,,,,,,,,,,,,,,,,,,,0,0,0,0,0
21.1370,1783969872.9037,1,2,0.5000,0.5527,1.42233,-0.03162,-2.63742,1.09829,1.57085,0.11671,-0.12757,-0.48152,0.02655,,,,,,,,,,,,,,,,,,,,,,,,,,0,0,0,0,0
21.1395,1783969872.9063,1,2,0.5000,0.4951,1.42233,-0.03162,-2.63742,1.09829,1.57085,0.11671,-0.12757,-0.48152,0.02655,,,,,,,,,,,,,,,,,,,,,,,,,,0,0,0,0,0
21.1569,1783969872.9236,1,2,0.5000,0.4717,1.42233,-0.03162,-2.63742,1.09829,1.57085,0.11671,-0.12757,-0.48152,0.02655,,,,,,,,,,,,,,,,,,,,,,,,,,0,0,0,0,0
21.1611,1783969872.9279,1,2,0.5000,0.4301,1.42233,-0.03162,-2.63742,1.09829,1.57085,0.11671,-0.12757,-0.48152,0.02655,,,,,,,,,,,,,,,,,,,,,,,,,,0,0,0,0,0
21.1618,1783969872.9286,1,2,0.5000,0.4642,1.42233,-0.03162,-2.63742,1.09829,1.57085,0.11671,-0.12757,-0.48152,0.02655,,,,,,,,,,,,,,,,,,,,,,,,,,0,0,0,0,0
21.1712,1783969872.9380,1,2,0.5000,0.4762,1.42233,-0.03162,-2.63742,1.09829,1.57085,0.11671,-0.12757,-0.48152,0.02655,,,,,,,,,,,,,,,,,,,,,,,,,,0,0,0,0,0
21.1844,1783969872.9512,1,2,0.5000,0.5191,1.42233,-0.03162,-2.63742,1.09829,1.57085,0.11671,-0.12757,-0.48152,0.02655,,,,,,,,,,,,,,,,,,,,,,,,,,0,0,0,0,0
21.1928,1783969872.9596,1,2,0.5000,0.5314,1.42233,-0.03162,-2.63742,1.09829,1.57085,0.11671,-0.12757,-0.48152,0.02655,,,,,,,,,,,,,,,,,,,,,,,,,,0,0,0,0,0
21.2026,1783969872.9694,1,2,0.5000,0.5553,1.42233,-0.03162,-2.63742,1.09829,1.57085,0.11671,-0.12757,-0.48152,0.02655,,,,,,,,,,,,,,,,,,,,,,,,,,0,0,0,0,0
21.2123,1783969872.9791,1,2,0.5000,0.5454,1.42233,-0.03162,-2.63742,1.09829,1.57085,0.11671,-0.12757,-0.48152,0.02655,,,,,,,,,,,,,,,,,,,,,,,,,,0,0,0,0,0
21.2127,1783969872.9795,1,2,0.5000,0.5426,1.42233,-0.03162,-2.63742,1.09829,1.57085,0.11671,-0.12757,-0.48152,0.02655,,,,,,,,,,,,,,,,,,,,,,,,,,0,0,0,0,0
21.2199,1783969872.9867,1,2,0.5000,0.5353,1.42233,-0.03162,-2.63742,1.09829,1.57085,0.11671,-0.12757,-0.48152,0.02655,,,,,,,,,,,,,,,,,,,,,,,,,,0,0,0,0,0
21.2345,1783969873.0013,1,2,0.5000,0.5363,1.42233,-0.03162,-2.63742,1.09829,1.57085,0.11671,-0.12757,-0.48152,0.02655,,,,,,,,,,,,,,,,,,,,,,,,,,0,0,0,0,0
21.2432,1783969873.0100,1,2,0.5000,0.5316,1.42233,-0.03162,-2.63742,1.09829,1.57085,0.11671,-0.12757,-0.48152,0.02655,,,,,,,,,,,,,,,,,,,,,,,,,,0,0,0,0,0
21.2538,1783969873.0206,1,2,0.5000,0.5384,1.42233,-0.03162,-2.63742,1.09829,1.57085,0.11671,-0.12757,-0.48152,0.02655,,,,,,,,,,,,,,,,,,,,,,,,,,0,0,0,0,0
21.2620,1783969873.0288,1,2,0.5000,0.5332,1.42233,-0.03162,-2.63742,1.09829,1.57085,0.11671,-0.12757,-0.48152,0.02655,,,,,,,,,,,,,,,,,,,,,,,,,,0,0,0,0,0
21.2623,1783969873.0290,1,2,0.5000,0.5330,1.42233,-0.03162,-2.63742,1.09829,1.57085,0.11671,-0.12757,-0.48152,0.02655,,,,,,,,,,,,,,,,,,,,,,,,,,0,0,0,0,0
21.2766,1783969873.0433,1,2,0.5000,0.5155,1.42233,-0.03162,-2.63742,1.09829,1.57085,0.11671,-0.12757,-0.48152,0.02655,,,,,,,,,,,,,,,,,,,,,,,,,,0,0,0,0,0
21.2807,1783969873.0475,1,2,0.5000,0.4822,1.42233,-0.03162,-2.63742,1.09829,1.57085,0.11671,-0.12757,-0.48152,0.02655,,,,,,,,,,,,,,,,,,,,,,,,,,0,0,0,0,0
21.2810,1783969873.0478,1,2,0.5000,0.4858,1.42233,-0.03162,-2.63742,1.09829,1.57085,0.11671,-0.12757,-0.48152,0.02655,,,,,,,,,,,,,,,,,,,,,,,,,,0,0,0,0,0
21.2933,1783969873.0601,1,2,0.5000,0.4371,1.42233,-0.03162,-2.63742,1.09829,1.57085,0.11671,-0.12757,-0.48152,0.02655,,,,,,,,,,,,,,,,,,,,,,,,,,0,0,0,0,0
21.3043,1783969873.0710,1,2,0.5000,0.4778,1.42233,-0.03162,-2.63742,1.09829,1.57085,0.11671,-0.12757,-0.48152,0.02655,,,,,,,,,,,,,,,,,,,,,,,,,,0,0,0,0,0
21.3142,1783969873.0810,1,2,0.5000,0.5435,1.42233,-0.03162,-2.63742,1.09829,1.57085,0.11671,-0.12757,-0.48152,0.02655,,,,,,,,,,,,,,,,,,,,,,,,,,0,0,0,0,0
21.3209,1783969873.0877,1,2,0.5000,0.5454,1.42233,-0.03162,-2.63742,1.09829,1.57085,0.11671,-0.12757,-0.48152,0.02655,,,,,,,,,,,,,,,,,,,,,,,,,,0,0,0,0,0
21.3315,1783969873.0983,1,2,0.5000,0.5570,1.42233,-0.03162,-2.63742,1.09829,1.57085,0.11671,-0.12757,-0.48152,0.02655,,,,,,,,,,,,,,,,,,,,,,,,,,0,0,0,0,0
21.3444,1783969873.1112,1,2,0.5000,0.5321,1.42233,-0.03163,-2.63742,1.09829,1.57085,0.11671,-0.12757,-0.48152,0.02655,,,,,,,,,,,,,,,,,,,,,,,,,,0,0,0,0,0
21.3568,1783969873.1236,1,2,0.5000,0.5222,1.42233,-0.03163,-2.63743,1.09829,1.57085,0.11671,-0.12757,-0.48152,0.02655,,,,,,,,,,,,,,,,,,,,,,,,,,0,0,0,0,0
21.3663,1783969873.1331,1,2,0.5000,0.5237,1.42233,-0.03163,-2.63743,1.09829,1.57085,0.11671,-0.12757,-0.48152,0.02655,,,,,,,,,,,,,,,,,,,,,,,,,,0,0,0,0,0
21.3696,1783969873.1363,1,2,0.5000,0.5253,1.42233,-0.03163,-2.63743,1.09829,1.57085,0.11671,-0.12757,-0.48152,0.02655,,,,,,,,,,,,,,,,,,,,,,,,,,0,0,0,0,0
21.3704,1783969873.1371,1,2,0.5000,0.5253,1.42233,-0.03163,-2.63743,1.09829,1.57085,0.11671,-0.12757,-0.48152,0.02655,,,,,,,,,,,,,,,,,,,,,,,,,,0,0,0,0,0
21.3707,1783969873.1374,1,2,0.5000,0.5223,1.42233,-0.03163,-2.63743,1.09829,1.57085,0.11671,-0.12757,-0.48152,0.02655,,,,,,,,,,,,,,,,,,,,,,,,,,0,0,0,0,0
21.3827,1783969873.1495,1,2,0.5000,0.5249,1.42233,-0.03163,-2.63743,1.09829,1.57085,0.11671,-0.12757,-0.48152,0.02655,,,,,,,,,,,,,,,,,,,,,,,,,,0,0,0,0,0
21.3895,1783969873.1563,1,2,0.5000,0.4992,1.42233,-0.03163,-2.63743,1.09829,1.57085,0.11671,-0.12757,-0.48152,0.02655,,,,,,,,,,,,,,,,,,,,,,,,,,0,0,0,0,0
21.4161,1783969873.1829,1,2,0.5000,0.4798,1.42233,-0.03163,-2.63743,1.09829,1.57085,0.11671,-0.12757,-0.48152,0.02655,,,,,,,,,,,,,,,,,,,,,,,,,,0,0,0,0,0
21.4243,1783969873.1910,1,2,0.5000,0.4482,1.42233,-0.03163,-2.63743,1.09829,1.57085,0.11671,-0.12757,-0.48152,0.02655,,,,,,,,,,,,,,,,,,,,,,,,,,0,0,0,0,0
21.4309,1783969873.1977,1,2,0.5000,0.5066,1.42233,-0.03163,-2.63743,1.09829,1.57085,0.11671,-0.12757,-0.48152,0.02655,,,,,,,,,,,,,,,,,,,,,,,,,,0,0,0,0,0
21.4440,1783969873.2108,1,2,0.5000,0.5203,1.42233,-0.03163,-2.63743,1.09829,1.57085,0.11671,-0.12757,-0.48152,0.02655,,,,,,,,,,,,,,,,,,,,,,,,,,0,0,0,0,0
21.4549,1783969873.2217,1,2,0.5000,0.5550,1.42233,-0.03163,-2.63743,1.09829,1.57085,0.11671,-0.12757,-0.48152,0.02655,,,,,,,,,,,,,,,,,,,,,,,,,,0,0,0,0,0
21.4553,1783969873.2221,1,2,0.5000,0.5755,1.42233,-0.03163,-2.63743,1.09829,1.57085,0.11671,-0.12757,-0.48152,0.02655,,,,,,,,,,,,,,,,,,,,,,,,,,0,0,0,0,0
21.4659,1783969873.2327,1,2,0.5000,0.5478,1.42233,-0.03163,-2.63743,1.09829,1.57085,0.11671,-0.12757,-0.48152,0.02655,,,,,,,,,,,,,,,,,,,,,,,,,,0,0,0,0,0
21.4662,1783969873.2330,1,2,0.5000,0.5504,1.42233,-0.03163,-2.63743,1.09829,1.57085,0.11671,-0.12757,-0.48152,0.02655,,,,,,,,,,,,,,,,,,,,,,,,,,0,0,0,0,0
21.4731,1783969873.2399,1,2,0.5000,0.5274,1.42233,-0.03163,-2.63743,1.09829,1.57085,0.11671,-0.12757,-0.48152,0.02655,,,,,,,,,,,,,,,,,,,,,,,,,,0,0,0,0,0
21.4735,1783969873.2402,1,2,0.5000,0.5185,1.42233,-0.03163,-2.63743,1.09829,1.57085,0.11671,-0.12757,-0.48152,0.02655,,,,,,,,,,,,,,,,,,,,,,,,,,0,0,0,0,0
21.4862,1783969873.2530,1,2,0.5000,0.5229,1.42233,-0.03163,-2.63743,1.09829,1.57085,0.11671,-0.12757,-0.48152,0.02655,,,,,,,,,,,,,,,,,,,,,,,,,,0,0,0,0,0
21.4944,1783969873.2612,1,2,0.5000,0.5085,1.42233,-0.03163,-2.63743,1.09829,1.57085,0.11671,-0.12757,-0.48152,0.02655,,,,,,,,,,,,,,,,,,,,,,,,,,0,0,0,0,0
21.5074,1783969873.2742,1,2,0.5000,0.5214,1.42233,-0.03163,-2.63743,1.09829,1.57085,0.11671,-0.12757,-0.48152,0.02655,,,,,,,,,,,,,,,,,,,,,,,,,,0,0,0,0,0
21.5076,1783969873.2744,1,2,0.5000,0.5207,1.42233,-0.03163,-2.63743,1.09829,1.57085,0.11671,-0.12757,-0.48152,0.02655,,,,,,,,,,,,,,,,,,,,,,,,,,0,0,0,0,0
21.5103,1783969873.2770,1,2,0.5000,0.5063,1.42233,-0.03163,-2.63743,1.09829,1.57085,0.11671,-0.12757,-0.48152,0.02655,,,,,,,,,,,,,,,,,,,,,,,,,,0,0,0,0,0
21.5105,1783969873.2773,1,2,0.5000,0.5089,1.42233,-0.03163,-2.63743,1.09829,1.57085,0.11671,-0.12757,-0.48152,0.02655,,,,,,,,,,,,,,,,,,,,,,,,,,0,0,0,0,0
21.5203,1783969873.2870,1,2,0.5000,0.4928,1.42233,-0.03163,-2.63743,1.09829,1.57085,0.11671,-0.12757,-0.48152,0.02655,,,,,,,,,,,,,,,,,,,,,,,,,,0,0,0,0,0
21.5337,1783969873.3005,1,2,0.5000,0.4625,1.42233,-0.03163,-2.63743,1.09829,1.57085,0.11671,-0.12757,-0.48152,0.02655,,,,,,,,,,,,,,,,,,,,,,,,,,0,0,0,0,0
21.5344,1783969873.3012,1,2,0.5000,0.4612,1.42233,-0.03163,-2.63743,1.09829,1.57085,0.11671,-0.12757,-0.48152,0.02655,,,,,,,,,,,,,,,,,,,,,,,,,,0,0,0,0,0
21.5406,1783969873.3074,1,2,0.5000,0.4413,1.42233,-0.03163,-2.63743,1.09829,1.57085,0.11671,-0.12757,-0.48152,0.02655,,,,,,,,,,,,,,,,,,,,,,,,,,0,0,0,0,0
21.5549,1783969873.3217,1,2,0.5000,0.4833,1.42233,-0.03163,-2.63743,1.09829,1.57085,0.11671,-0.12757,-0.48152,0.02655,,,,,,,,,,,,,,,,,,,,,,,,,,0,0,0,0,0
21.5616,1783969873.3284,1,2,0.5000,0.5197,1.42233,-0.03163,-2.63743,1.09829,1.57085,0.11671,-0.12757,-0.48152,0.02655,,,,,,,,,,,,,,,,,,,,,,,,,,0,0,0,0,0
21.5752,1783969873.3420,1,2,0.5000,0.5366,1.42233,-0.03163,-2.63743,1.09829,1.57085,0.11671,-0.12757,-0.48152,0.02655,,,,,,,,,,,,,,,,,,,,,,,,,,0,0,0,0,0
21.5911,1783969873.3578,1,2,0.5000,0.5621,1.42233,-0.03163,-2.63743,1.09829,1.57085,0.11671,-0.12757,-0.48152,0.02655,,,,,,,,,,,,,,,,,,,,,,,,,,0,0,0,0,0
21.5936,1783969873.3604,1,2,0.5000,0.5508,1.42233,-0.03163,-2.63743,1.09829,1.57085,0.11671,-0.12757,-0.48152,0.02655,,,,,,,,,,,,,,,,,,,,,,,,,,0,0,0,0,0
21.5944,1783969873.3611,1,2,0.5000,0.5363,1.42233,-0.03163,-2.63743,1.09829,1.57085,0.11671,-0.12757,-0.48152,0.02655,,,,,,,,,,,,,,,,,,,,,,,,,,0,0,0,0,0
21.6105,1783969873.3773,1,2,0.5000,0.5424,1.42233,-0.03163,-2.63743,1.09829,1.57085,0.11671,-0.12757,-0.48152,0.02655,,,,,,,,,,,,,,,,,,,,,,,,,,0,0,0,0,0
21.6108,1783969873.3776,1,2,0.5000,0.5382,1.42233,-0.03163,-2.63743,1.09829,1.57085,0.11671,-0.12757,-0.48152,0.02655,,,,,,,,,,,,,,,,,,,,,,,,,,0,0,0,0,0
21.6156,1783969873.3823,1,2,0.5000,0.5171,1.42233,-0.03163,-2.63743,1.09829,1.57085,0.11671,-0.12757,-0.48152,0.02655,,,,,,,,,,,,,,,,,,,,,,,,,,0,0,0,0,0
21.6159,1783969873.3827,1,2,0.5000,0.5197,1.42233,-0.03163,-2.63743,1.09829,1.57085,0.11671,-0.12757,-0.48152,0.02655,,,,,,,,,,,,,,,,,,,,,,,,,,0,0,0,0,0
21.6204,1783969873.3872,1,2,0.5000,0.4999,1.42233,-0.03163,-2.63743,1.09829,1.57085,0.11671,-0.12757,-0.48152,0.02655,,,,,,,,,,,,,,,,,,,,,,,,,,0,0,0,0,0
21.6315,1783969873.3982,1,2,0.5000,0.4917,1.42233,-0.03163,-2.63743,1.09829,1.57085,0.11671,-0.12757,-0.48152,0.02655,,,,,,,,,,,,,,,,,,,,,,,,,,0,0,0,0,0
21.6397,1783969873.4065,1,2,0.5000,0.4795,1.42233,-0.03163,-2.63743,1.09829,1.57085,0.11671,-0.12757,-0.48152,0.02655,,,,,,,,,,,,,,,,,,,,,,,,,,0,0,0,0,0
21.6492,1783969873.4160,1,2,0.5000,0.4797,1.42233,-0.03163,-2.63743,1.09829,1.57085,0.11671,-0.12757,-0.48152,0.02655,,,,,,,,,,,,,,,,,,,,,,,,,,0,0,0,0,0
21.6696,1783969873.4364,1,2,0.5000,0.4529,1.42233,-0.03163,-2.63743,1.09829,1.57085,0.11671,-0.12757,-0.48152,0.02655,,,,,,,,,,,,,,,,,,,,,,,,,,0,0,0,0,0
21.6744,1783969873.4412,1,2,0.5000,0.4596,1.42233,-0.03163,-2.63743,1.09829,1.57085,0.11671,-0.12757,-0.48152,0.02655,,,,,,,,,,,,,,,,,,,,,,,,,,0,0,0,0,0
21.6747,1783969873.4415,1,2,0.5000,0.4408,1.42233,-0.03163,-2.63743,1.09829,1.57085,0.11671,-0.12757,-0.48152,0.02655,,,,,,,,,,,,,,,,,,,,,,,,,,0,0,0,0,0
21.6797,1783969873.4465,1,2,0.5000,0.4672,1.42233,-0.03163,-2.63743,1.09829,1.57085,0.11671,-0.12757,-0.48152,0.02655,,,,,,,,,,,,,,,,,,,,,,,,,,0,0,0,0,0
21.6937,1783969873.4605,1,2,0.5000,0.4825,1.42233,-0.03163,-2.63743,1.09829,1.57085,0.11671,-0.12757,-0.48152,0.02655,,,,,,,,,,,,,,,,,,,,,,,,,,0,0,0,0,0
21.8028,1783969873.5696,1,2,0.5000,0.5084,1.42233,-0.03163,-2.63743,1.09829,1.57085,0.11671,-0.12757,-0.48152,0.02655,,,,,,,,,,,,,,,,,,,,,,,,,,0,0,0,0,0
21.8033,1783969873.5701,1,2,0.5000,0.5596,1.42233,-0.03163,-2.63743,1.09829,1.57085,0.11671,-0.12757,-0.48152,0.02655,,,,,,,,,,,,,,,,,,,,,,,,,,0,0,0,0,0
21.8036,1783969873.5704,1,2,0.5000,0.5503,1.42233,-0.03163,-2.63743,1.09829,1.57085,0.11671,-0.12757,-0.48152,0.02655,,,,,,,,,,,,,,,,,,,,,,,,,,0,0,0,0,0
21.8039,1783969873.5707,1,2,0.5000,0.5790,1.42233,-0.03163,-2.63743,1.09829,1.57085,0.11671,-0.12757,-0.48152,0.02655,,,,,,,,,,,,,,,,,,,,,,,,,,0,0,0,0,0
21.8043,1783969873.5710,1,2,0.5000,0.5412,1.42233,-0.03163,-2.63743,1.09829,1.57085,0.11671,-0.12757,-0.48152,0.02655,,,,,,,,,,,,,,,,,,,,,,,,,,0,0,0,0,0
21.8045,1783969873.5713,1,2,0.5000,0.5398,1.42233,-0.03163,-2.63743,1.09829,1.57085,0.11671,-0.12757,-0.48152,0.02655,,,,,,,,,,,,,,,,,,,,,,,,,,0,0,0,0,0
21.8077,1783969873.5745,1,2,0.5000,0.5360,1.42233,-0.03163,-2.63743,1.09829,1.57085,0.11671,-0.12757,-0.48152,0.02655,,,,,,,,,,,,,,,,,,,,,,,,,,0,0,0,0,0
21.8080,1783969873.5747,1,2,0.5000,0.5143,1.42233,-0.03163,-2.63743,1.09829,1.57085,0.11671,-0.12757,-0.48152,0.02655,,,,,,,,,,,,,,,,,,,,,,,,,,0,0,0,0,0
21.8200,1783969873.5867,1,2,0.5000,0.5361,1.42233,-0.03163,-2.63743,1.09829,1.57085,0.11671,-0.12757,-0.48152,0.02655,,,,,,,,,,,,,,,,,,,,,,,,,,0,0,0,0,0
21.8238,1783969873.5906,1,2,0.5000,0.5270,1.42233,-0.03163,-2.63743,1.09829,1.57085,0.11671,-0.12757,-0.48152,0.02655,,,,,,,,,,,,,,,,,,,,,,,,,,0,0,0,0,0
21.8241,1783969873.5909,1,2,0.5000,0.5235,1.42233,-0.03163,-2.63743,1.09829,1.57085,0.11671,-0.12757,-0.48152,0.02655,,,,,,,,,,,,,,,,,,,,,,,,,,0,0,0,0,0
21.8353,1783969873.6020,1,2,0.5000,0.4689,1.42233,-0.03163,-2.63743,1.09829,1.57085,0.11671,-0.12757,-0.48152,0.02655,,,,,,,,,,,,,,,,,,,,,,,,,,0,0,0,0,0
21.8355,1783969873.6023,1,2,0.5000,0.4743,1.42233,-0.03163,-2.63743,1.09829,1.57085,0.11671,-0.12757,-0.48152,0.02655,,,,,,,,,,,,,,,,,,,,,,,,,,0,0,0,0,0
21.8373,1783969873.6040,1,2,0.5000,0.4111,1.42233,-0.03163,-2.63743,1.09829,1.57085,0.11671,-0.12757,-0.48152,0.02655,,,,,,,,,,,,,,,,,,,,,,,,,,0,0,0,0,0
21.8376,1783969873.6043,1,2,0.5000,0.4299,1.42233,-0.03163,-2.63743,1.09829,1.57085,0.11671,-0.12757,-0.48152,0.02655,,,,,,,,,,,,,,,,,,,,,,,,,,0,0,0,0,0
21.8448,1783969873.6115,1,2,0.5000,0.4428,1.42233,-0.03163,-2.63743,1.09829,1.57085,0.11671,-0.12757,-0.48152,0.02655,,,,,,,,,,,,,,,,,,,,,,,,,,0,0,0,0,0
21.8561,1783969873.6229,1,2,0.5000,0.4474,1.42233,-0.03163,-2.63743,1.09830,1.57085,0.11671,-0.12757,-0.48152,0.02655,,,,,,,,,,,,,,,,,,,,,,,,,,0,0,0,0,0
21.8570,1783969873.6238,1,2,0.5000,0.4786,1.42233,-0.03163,-2.63743,1.09830,1.57085,0.11671,-0.12757,-0.48152,0.02655,,,,,,,,,,,,,,,,,,,,,,,,,,0,0,0,0,0
21.8575,1783969873.6242,1,2,0.5000,0.5178,1.42233,-0.03163,-2.63743,1.09830,1.57085,0.11671,-0.12757,-0.48152,0.02655,,,,,,,,,,,,,,,,,,,,,,,,,,0,0,0,0,0
21.8583,1783969873.6250,1,2,0.5000,0.5098,1.42233,-0.03163,-2.63743,1.09830,1.57085,0.11671,-0.12757,-0.48152,0.02655,,,,,,,,,,,,,,,,,,,,,,,,,,0,0,0,0,0
21.8633,1783969873.6301,1,2,0.5000,0.5148,1.42233,-0.03163,-2.63743,1.09830,1.57085,0.11671,-0.12757,-0.48152,0.02655,,,,,,,,,,,,,,,,,,,,,,,,,,0,0,0,0,0
21.8783,1783969873.6451,1,2,0.5000,0.5009,1.42233,-0.03163,-2.63743,1.09830,1.57085,0.11671,-0.12757,-0.48152,0.02655,,,,,,,,,,,,,,,,,,,,,,,,,,0,0,0,0,0
21.8954,1783969873.6622,1,2,0.5000,0.5058,1.42233,-0.03163,-2.63743,1.09830,1.57085,0.11671,-0.12757,-0.48152,0.02655,,,,,,,,,,,,,,,,,,,,,,,,,,0,0,0,0,0
21.8974,1783969873.6642,1,2,0.5000,0.5117,1.42233,-0.03163,-2.63743,1.09830,1.57085,0.11671,-0.12757,-0.48152,0.02655,,,,,,,,,,,,,,,,,,,,,,,,,,0,0,0,0,0
21.8978,1783969873.6646,1,2,0.5000,0.5300,1.42233,-0.03163,-2.63743,1.09830,1.57085,0.11671,-0.12757,-0.48152,0.02655,,,,,,,,,,,,,,,,,,,,,,,,,,0,0,0,0,0
21.9056,1783969873.6724,1,2,0.5000,0.5069,1.42233,-0.03163,-2.63743,1.09830,1.57085,0.11671,-0.12757,-0.48152,0.02655,,,,,,,,,,,,,,,,,,,,,,,,,,0,0,0,0,0
21.9062,1783969873.6730,1,2,0.5000,0.5001,1.42233,-0.03163,-2.63743,1.09830,1.57085,0.11671,-0.12757,-0.48152,0.02655,,,,,,,,,,,,,,,,,,,,,,,,,,0,0,0,0,0
21.9103,1783969873.6770,1,2,0.5000,0.4841,1.42233,-0.03163,-2.63743,1.09830,1.57085,0.11671,-0.12757,-0.48152,0.02655,,,,,,,,,,,,,,,,,,,,,,,,,,0,0,0,0,0
21.9196,1783969873.6864,1,2,0.5000,0.4380,1.42233,-0.03163,-2.63743,1.09830,1.57085,0.11671,-0.12757,-0.48152,0.02655,,,,,,,,,,,,,,,,,,,,,,,,,,0,0,0,0,0
21.9201,1783969873.6868,1,2,0.5000,0.4460,1.42233,-0.03163,-2.63743,1.09830,1.57085,0.11671,-0.12757,-0.48152,0.02655,,,,,,,,,,,,,,,,,,,,,,,,,,0,0,0,0,0
21.9318,1783969873.6986,1,2,0.5000,0.4530,1.42233,-0.03163,-2.63743,1.09830,1.57085,0.11671,-0.12757,-0.48152,0.02655,,,,,,,,,,,,,,,,,,,,,,,,,,0,0,0,0,0
21.9323,1783969873.6990,1,2,0.5000,0.4420,1.42233,-0.03163,-2.63743,1.09830,1.57085,0.11671,-0.12757,-0.48152,0.02655,,,,,,,,,,,,,,,,,,,,,,,,,,0,0,0,0,0
21.9355,1783969873.7023,1,2,0.5000,0.4474,1.42233,-0.03163,-2.63743,1.09830,1.57085,0.11671,-0.12757,-0.48152,0.02655,,,,,,,,,,,,,,,,,,,,,,,,,,0,0,0,0,0
21.9463,1783969873.7131,1,2,0.5000,0.4448,1.42233,-0.03163,-2.63743,1.09830,1.57085,0.11671,-0.12757,-0.48152,0.02655,,,,,,,,,,,,,,,,,,,,,,,,,,0,0,0,0,0
21.9503,1783969873.7171,1,2,0.5000,0.4847,1.42233,-0.03163,-2.63743,1.09830,1.57085,0.11671,-0.12757,-0.48152,0.02655,,,,,,,,,,,,,,,,,,,,,,,,,,0,0,0,0,0
21.9506,1783969873.7174,1,2,0.5000,0.5060,1.42233,-0.03163,-2.63743,1.09830,1.57085,0.11671,-0.12757,-0.48152,0.02655,,,,,,,,,,,,,,,,,,,,,,,,,,0,0,0,0,0
21.9616,1783969873.7284,1,2,0.5000,0.5353,1.42233,-0.03163,-2.63743,1.09830,1.57085,0.11671,-0.12757,-0.48152,0.02655,,,,,,,,,,,,,,,,,,,,,,,,,,0,0,0,0,0
21.9769,1783969873.7437,1,2,0.5000,0.5027,1.42233,-0.03163,-2.63743,1.09830,1.57085,0.11671,-0.12757,-0.48152,0.02655,,,,,,,,,,,,,,,,,,,,,,,,,,0,0,0,0,0
21.9792,1783969873.7460,1,2,0.5000,0.4942,1.42233,-0.03163,-2.63743,1.09830,1.57085,0.11671,-0.12757,-0.48152,0.02655,,,,,,,,,,,,,,,,,,,,,,,,,,0,0,0,0,0
21.9795,1783969873.7463,1,2,0.5000,0.5091,1.42233,-0.03163,-2.63743,1.09830,1.57085,0.11671,-0.12757,-0.48152,0.02655,,,,,,,,,,,,,,,,,,,,,,,,,,0,0,0,0,0
21.9910,1783969873.7578,1,2,0.5000,0.5077,1.42233,-0.03163,-2.63743,1.09830,1.57085,0.11671,-0.12757,-0.48152,0.02655,,,,,,,,,,,,,,,,,,,,,,,,,,0,0,0,0,0
21.9915,1783969873.7583,1,2,0.5000,0.5017,1.42233,-0.03163,-2.63743,1.09830,1.57085,0.11671,-0.12757,-0.48152,0.02655,,,,,,,,,,,,,,,,,,,,,,,,,,0,0,0,0,0
22.0002,1783969873.7670,1,2,0.5000,0.4940,1.42233,-0.03163,-2.63743,1.09830,1.57085,0.11671,-0.12757,-0.48152,0.02655,,,,,,,,,,,,,,,,,,,,,,,,,,0,0,0,0,0
22.0006,1783969873.7674,1,2,0.5000,0.4933,1.42233,-0.03163,-2.63743,1.09830,1.57085,0.11671,-0.12757,-0.48152,0.02655,,,,,,,,,,,,,,,,,,,,,,,,,,0,0,0,0,0
22.0126,1783969873.7793,1,2,0.5000,0.4654,1.42233,-0.03163,-2.63743,1.09830,1.57085,0.11671,-0.12757,-0.48152,0.02655,,,,,,,,,,,,,,,,,,,,,,,,,,0,0,0,0,0
22.0225,1783969873.7893,1,2,0.5000,0.4663,1.42233,-0.03163,-2.63743,1.09830,1.57085,0.11671,-0.12757,-0.48152,0.02655,,,,,,,,,,,,,,,,,,,,,,,,,,0,0,0,0,0
22.0229,1783969873.7896,1,2,0.5000,0.4589,1.42233,-0.03163,-2.63743,1.09830,1.57085,0.11671,-0.12757,-0.48152,0.02655,,,,,,,,,,,,,,,,,,,,,,,,,,0,0,0,0,0
22.0347,1783969873.8015,1,2,0.5000,0.4577,1.42233,-0.03163,-2.63743,1.09830,1.57085,0.11671,-0.12757,-0.48152,0.02655,,,,,,,,,,,,,,,,,,,,,,,,,,0,0,0,0,0
22.0352,1783969873.8020,1,2,0.5000,0.4604,1.42233,-0.03163,-2.63743,1.09830,1.57085,0.11671,-0.12757,-0.48152,0.02655,,,,,,,,,,,,,,,,,,,,,,,,,,0,0,0,0,0
22.0403,1783969873.8071,1,2,0.5000,0.4120,1.42233,-0.03163,-2.63743,1.09830,1.57085,0.11671,-0.12757,-0.48152,0.02655,,,,,,,,,,,,,,,,,,,,,,,,,,0,0,0,0,0
22.0645,1783969873.8312,1,2,0.5000,0.4231,1.42233,-0.03163,-2.63743,1.09830,1.57085,0.11671,-0.12757,-0.48152,0.02655,,,,,,,,,,,,,,,,,,,,,,,,,,0,0,0,0,0
22.0778,1783969873.8446,1,2,0.5000,0.4333,1.42233,-0.03163,-2.63743,1.09830,1.57085,0.11671,-0.12757,-0.48152,0.02655,,,,,,,,,,,,,,,,,,,,,,,,,,0,0,0,0,0
22.0831,1783969873.8499,1,2,0.5000,0.4453,1.42233,-0.03163,-2.63743,1.09830,1.57085,0.11671,-0.12757,-0.48152,0.02655,,,,,,,,,,,,,,,,,,,,,,,,,,0,0,0,0,0
22.0833,1783969873.8501,1,2,0.5000,0.5275,1.42233,-0.03163,-2.63743,1.09830,1.57085,0.11671,-0.12757,-0.48152,0.02655,,,,,,,,,,,,,,,,,,,,,,,,,,0,0,0,0,0
22.0934,1783969873.8602,1,2,0.5000,0.5325,1.42233,-0.03163,-2.63743,1.09830,1.57085,0.11671,-0.12757,-0.48152,0.02655,,,,,,,,,,,,,,,,,,,,,,,,,,0,0,0,0,0
22.1018,1783969873.8686,1,2,0.5000,0.5183,1.42233,-0.03163,-2.63743,1.09830,1.57085,0.11671,-0.12757,-0.48152,0.02655,,,,,,,,,,,,,,,,,,,,,,,,,,0,0,0,0,0
22.1152,1783969873.8820,1,2,0.5000,0.5009,1.42233,-0.03163,-2.63743,1.09830,1.57085,0.11671,-0.12757,-0.48152,0.02655,,,,,,,,,,,,,,,,,,,,,,,,,,0,0,0,0,0
22.1269,1783969873.8936,1,2,0.5000,0.4828,1.42233,-0.03163,-2.63743,1.09830,1.57085,0.11671,-0.12757,-0.48152,0.02655,,,,,,,,,,,,,,,,,,,,,,,,,,0,0,0,0,0
22.1271,1783969873.8939,1,2,0.5000,0.4650,1.42233,-0.03163,-2.63743,1.09830,1.57085,0.11671,-0.12757,-0.48152,0.02655,,,,,,,,,,,,,,,,,,,,,,,,,,0,0,0,0,0
22.1317,1783969873.8985,1,2,0.5000,0.4567,1.42233,-0.03163,-2.63743,1.09830,1.57085,0.11671,-0.12757,-0.48152,0.02655,,,,,,,,,,,,,,,,,,,,,,,,,,0,0,0,0,0
22.1466,1783969873.9133,1,2,0.5000,0.4354,1.42233,-0.03163,-2.63743,1.09830,1.57085,0.11671,-0.12757,-0.48152,0.02655,,,,,,,,,,,,,,,,,,,,,,,,,,0,0,0,0,0
22.1469,1783969873.9137,1,2,0.5000,0.4285,1.42233,-0.03163,-2.63743,1.09830,1.57085,0.11671,-0.12757,-0.48152,0.02655,,,,,,,,,,,,,,,,,,,,,,,,,,0,0,0,0,0
22.1546,1783969873.9214,1,2,0.5000,0.4541,1.42233,-0.03163,-2.63743,1.09830,1.57085,0.11671,-0.12757,-0.48152,0.02655,,,,,,,,,,,,,,,,,,,,,,,,,,0,0,0,0,0
22.1639,1783969873.9306,1,2,0.5000,0.4443,1.42233,-0.03163,-2.63743,1.09830,1.57085,0.11671,-0.12757,-0.48152,0.02655,,,,,,,,,,,,,,,,,,,,,,,,,,0,0,0,0,0
22.1758,1783969873.9426,1,2,0.5000,0.4359,1.42233,-0.03163,-2.63743,1.09830,1.57085,0.11671,-0.12757,-0.48152,0.02655,,,,,,,,,,,,,,,,,,,,,,,,,,0,0,0,0,0
22.1876,1783969873.9544,1,2,0.5000,0.4352,1.42233,-0.03163,-2.63743,1.09830,1.57085,0.11671,-0.12757,-0.48152,0.02655,,,,,,,,,,,,,,,,,,,,,,,,,,0,0,0,0,0
22.2043,1783969873.9711,1,2,0.5000,0.4434,1.42233,-0.03163,-2.63743,1.09830,1.57085,0.11671,-0.12757,-0.48152,0.02655,,,,,,,,,,,,,,,,,,,,,,,,,,0,0,0,0,0
22.2053,1783969873.9721,1,2,0.5000,0.4526,1.42233,-0.03163,-2.63743,1.09830,1.57085,0.11671,-0.12757,-0.48152,0.02655,,,,,,,,,,,,,,,,,,,,,,,,,,0,0,0,0,0
22.2056,1783969873.9723,1,2,0.5000,0.4626,1.42233,-0.03163,-2.63743,1.09830,1.57085,0.11671,-0.12757,-0.48152,0.02655,,,,,,,,,,,,,,,,,,,,,,,,,,0,0,0,0,0
22.2101,1783969873.9769,1,2,0.5000,0.4916,1.42233,-0.03163,-2.63743,1.09830,1.57085,0.11671,-0.12757,-0.48152,0.02655,,,,,,,,,,,,,,,,,,,,,,,,,,0,0,0,0,0
22.2274,1783969873.9942,1,2,0.5000,0.5137,1.42233,-0.03163,-2.63743,1.09830,1.57085,0.11671,-0.12757,-0.48152,0.02655,,,,,,,,,,,,,,,,,,,,,,,,,,0,0,0,0,0
22.2401,1783969874.0069,1,2,0.5000,0.5043,1.42233,-0.03163,-2.63743,1.09830,1.57085,0.11671,-0.12757,-0.48152,0.02655,,,,,,,,,,,,,,,,,,,,,,,,,,0,0,0,0,0
22.2407,1783969874.0075,1,2,0.5000,0.5104,1.42233,-0.03163,-2.63743,1.09830,1.57085,0.11671,-0.12757,-0.48152,0.02655,,,,,,,,,,,,,,,,,,,,,,,,,,0,0,0,0,0
22.2466,1783969874.0133,1,2,0.5000,0.4716,1.42233,-0.03163,-2.63743,1.09830,1.57085,0.11671,-0.12757,-0.48152,0.02655,,,,,,,,,,,,,,,,,,,,,,,,,,0,0,0,0,0
22.2529,1783969874.0197,1,2,0.5000,0.4677,1.42233,-0.03163,-2.63743,1.09830,1.57085,0.11671,-0.12757,-0.48152,0.02655,,,,,,,,,,,,,,,,,,,,,,,,,,0,0,0,0,0
22.2533,1783969874.0201,1,2,0.5000,0.4767,1.42233,-0.03163,-2.63743,1.09830,1.57085,0.11671,-0.12757,-0.48152,0.02655,,,,,,,,,,,,,,,,,,,,,,,,,,0,0,0,0,0
22.2635,1783969874.0302,1,2,0.5000,0.4577,1.42233,-0.03163,-2.63743,1.09830,1.57085,0.11671,-0.12757,-0.48152,0.02655,,,,,,,,,,,,,,,,,,,,,,,,,,0,0,0,0,0
22.2637,1783969874.0305,1,2,0.5000,0.4626,1.42233,-0.03163,-2.63743,1.09830,1.57085,0.11671,-0.12757,-0.48152,0.02655,,,,,,,,,,,,,,,,,,,,,,,,,,0,0,0,0,0
22.2705,1783969874.0373,1,2,0.5000,0.4579,1.42233,-0.03163,-2.63743,1.09830,1.57085,0.11671,-0.12757,-0.48152,0.02655,,,,,,,,,,,,,,,,,,,,,,,,,,0,0,0,0,0
22.2860,1783969874.0528,1,2,0.5000,0.4533,1.42233,-0.03163,-2.63743,1.09830,1.57085,0.11671,-0.12757,-0.48152,0.02655,,,,,,,,,,,,,,,,,,,,,,,,,,0,0,0,0,0
22.2937,1783969874.0605,1,2,0.5000,0.4253,1.42233,-0.03163,-2.63743,1.09830,1.57085,0.11671,-0.12757,-0.48152,0.02655,,,,,,,,,,,,,,,,,,,,,,,,,,0,0,0,0,0
22.3045,1783969874.0713,1,2,0.5000,0.4296,1.42233,-0.03163,-2.63743,1.09830,1.57085,0.11671,-0.12757,-0.48152,0.02655,,,,,,,,,,,,,,,,,,,,,,,,,,0,0,0,0,0
22.3050,1783969874.0717,1,2,0.5000,0.4135,1.42233,-0.03163,-2.63743,1.09830,1.57085,0.11671,-0.12757,-0.48152,0.02655,,,,,,,,,,,,,,,,,,,,,,,,,,0,0,0,0,0
22.3138,1783969874.0806,1,2,0.5000,0.4219,1.42233,-0.03163,-2.63743,1.09830,1.57085,0.11671,-0.12757,-0.48152,0.02655,,,,,,,,,,,,,,,,,,,,,,,,,,0,0,0,0,0
22.3424,1783969874.1092,1,2,0.5000,0.4773,1.42233,-0.03163,-2.63743,1.09830,1.57085,0.11671,-0.12757,-0.48152,0.02655,,,,,,,,,,,,,,,,,,,,,,,,,,0,0,0,0,0
22.3427,1783969874.1095,1,2,0.5000,0.5139,1.42233,-0.03163,-2.63743,1.09830,1.57085,0.11671,-0.12757,-0.48152,0.02655,,,,,,,,,,,,,,,,,,,,,,,,,,0,0,0,0,0
22.3466,1783969874.1133,1,2,0.5000,0.5156,1.42233,-0.03163,-2.63743,1.09830,1.57085,0.11671,-0.12757,-0.48152,0.02655,,,,,,,,,,,,,,,,,,,,,,,,,,0,0,0,0,0
22.3653,1783969874.1321,1,2,0.5000,0.5140,1.42233,-0.03163,-2.63743,1.09830,1.57085,0.11671,-0.12757,-0.48152,0.02655,,,,,,,,,,,,,,,,,,,,,,,,,,0,0,0,0,0
22.3696,1783969874.1364,1,2,0.5000,0.4980,1.42233,-0.03163,-2.63743,1.09830,1.57085,0.11671,-0.12757,-0.48152,0.02655,,,,,,,,,,,,,,,,,,,,,,,,,,0,0,0,0,0
22.3700,1783969874.1368,1,2,0.5000,0.4973,1.42233,-0.03163,-2.63743,1.09830,1.57085,0.11671,-0.12757,-0.48152,0.02655,,,,,,,,,,,,,,,,,,,,,,,,,,0,0,0,0,0
22.3706,1783969874.1373,1,2,0.5000,0.4922,1.42233,-0.03163,-2.63743,1.09830,1.57085,0.11671,-0.12757,-0.48152,0.02655,,,,,,,,,,,,,,,,,,,,,,,,,,0,0,0,0,0
22.3855,1783969874.1522,1,2,0.5000,0.4970,1.42233,-0.03163,-2.63743,1.09830,1.57085,0.11671,-0.12757,-0.48152,0.02655,,,,,,,,,,,,,,,,,,,,,,,,,,0,0,0,0,0
22.3918,1783969874.1585,1,2,0.5000,0.4788,1.42233,-0.03163,-2.63743,1.09830,1.57085,0.11671,-0.12757,-0.48152,0.02655,,,,,,,,,,,,,,,,,,,,,,,,,,0,0,0,0,0
22.4073,1783969874.1740,1,2,0.5000,0.4788,1.42233,-0.03163,-2.63743,1.09830,1.57085,0.11671,-0.12757,-0.48152,0.02655,,,,,,,,,,,,,,,,,,,,,,,,,,0,0,0,0,0
22.4106,1783969874.1774,1,2,0.5000,0.4461,1.42233,-0.03163,-2.63743,1.09830,1.57085,0.11671,-0.12757,-0.48152,0.02655,,,,,,,,,,,,,,,,,,,,,,,,,,0,0,0,0,0
22.4331,1783969874.1999,1,2,0.5000,0.4445,1.42233,-0.03163,-2.63743,1.09830,1.57085,0.11671,-0.12757,-0.48152,0.02655,,,,,,,,,,,,,,,,,,,,,,,,,,0,0,0,0,0
22.4410,1783969874.2078,1,2,0.5000,0.4371,1.42233,-0.03163,-2.63743,1.09830,1.57085,0.11671,-0.12757,-0.48152,0.02655,,,,,,,,,,,,,,,,,,,,,,,,,,0,0,0,0,0
22.4437,1783969874.2104,1,2,0.5000,0.4378,1.42233,-0.03163,-2.63743,1.09830,1.57085,0.11671,-0.12757,-0.48152,0.02655,,,,,,,,,,,,,,,,,,,,,,,,,,0,0,0,0,0
22.4497,1783969874.2164,1,2,0.5000,0.4319,1.42233,-0.03163,-2.63743,1.09830,1.57085,0.11671,-0.12757,-0.48152,0.02655,,,,,,,,,,,,,,,,,,,,,,,,,,0,0,0,0,0
22.4501,1783969874.2169,1,2,0.5000,0.4383,1.42233,-0.03163,-2.63743,1.09830,1.57085,0.11671,-0.12757,-0.48152,0.02655,,,,,,,,,,,,,,,,,,,,,,,,,,0,0,0,0,0
22.4638,1783969874.2306,1,2,0.5000,0.4287,1.42233,-0.03163,-2.63743,1.09830,1.57085,0.11671,-0.12757,-0.48152,0.02655,,,,,,,,,,,,,,,,,,,,,,,,,,0,0,0,0,0
22.5237,1783969874.2905,1,2,0.5000,0.4518,1.42233,-0.03163,-2.63743,1.09830,1.57085,0.11671,-0.12757,-0.48152,0.02655,,,,,,,,,,,,,,,,,,,,,,,,,,0,0,0,0,0
22.5316,1783969874.2983,1,2,0.5000,0.4754,1.42233,-0.03163,-2.63743,1.09830,1.57085,0.11671,-0.12757,-0.48152,0.02655,,,,,,,,,,,,,,,,,,,,,,,,,,0,0,0,0,0
22.5327,1783969874.2995,1,2,0.5000,0.4860,1.42233,-0.03163,-2.63743,1.09830,1.57085,0.11671,-0.12757,-0.48152,0.02655,,,,,,,,,,,,,,,,,,,,,,,,,,0,0,0,0,0
22.5331,1783969874.2999,1,2,0.5000,0.4665,1.42233,-0.03163,-2.63743,1.09830,1.57085,0.11671,-0.12757,-0.48152,0.02655,,,,,,,,,,,,,,,,,,,,,,,,,,0,0,0,0,0
22.5358,1783969874.3025,1,2,0.5000,0.4615,1.42233,-0.03163,-2.63743,1.09830,1.57085,0.11671,-0.12757,-0.48152,0.02655,,,,,,,,,,,,,,,,,,,,,,,,,,0,0,0,0,0
22.5404,1783969874.3072,1,2,0.5000,0.4478,1.42233,-0.03163,-2.63743,1.09830,1.57085,0.11671,-0.12757,-0.48152,0.02655,,,,,,,,,,,,,,,,,,,,,,,,,,0,0,0,0,0
22.5409,1783969874.3077,1,2,0.5000,0.4288,1.42233,-0.03163,-2.63743,1.09830,1.57085,0.11671,-0.12757,-0.48152,0.02655,,,,,,,,,,,,,,,,,,,,,,,,,,0,0,0,0,0
22.5491,1783969874.3159,1,2,0.5000,0.4330,1.42233,-0.03163,-2.63743,1.09830,1.57085,0.11671,-0.12757,-0.48152,0.02655,,,,,,,,,,,,,,,,,,,,,,,,,,0,0,0,0,0
22.5496,1783969874.3164,1,2,0.5000,0.4252,1.42233,-0.03163,-2.63743,1.09830,1.57085,0.11671,-0.12757,-0.48152,0.02655,,,,,,,,,,,,,,,,,,,,,,,,,,0,0,0,0,0
22.5603,1783969874.3270,1,2,0.5000,0.4237,1.42233,-0.03163,-2.63743,1.09830,1.57085,0.11671,-0.12757,-0.48152,0.02655,,,,,,,,,,,,,,,,,,,,,,,,,,0,0,0,0,0
22.5737,1783969874.3404,1,2,0.5000,0.4118,1.42233,-0.03163,-2.63743,1.09830,1.57085,0.11671,-0.12757,-0.48152,0.02655,,,,,,,,,,,,,,,,,,,,,,,,,,0,0,0,0,0
22.5804,1783969874.3472,1,2,0.5000,0.4139,1.42233,-0.03163,-2.63743,1.09830,1.57085,0.11671,-0.12757,-0.48152,0.02655,,,,,,,,,,,,,,,,,,,,,,,,,,0,0,0,0,0
22.5808,1783969874.3475,1,2,0.5000,0.4268,1.42233,-0.03163,-2.63743,1.09830,1.57085,0.11671,-0.12757,-0.48152,0.02655,,,,,,,,,,,,,,,,,,,,,,,,,,0,0,0,0,0
22.6269,1783969874.3936,1,2,0.5000,0.4283,1.42233,-0.03163,-2.63743,1.09830,1.57085,0.11671,-0.12757,-0.48152,0.02655,,,,,,,,,,,,,,,,,,,,,,,,,,0,0,0,0,0
22.6676,1783969874.4344,1,2,0.5000,0.4983,1.42233,-0.03163,-2.63743,1.09830,1.57085,0.11671,-0.12757,-0.48152,0.02655,,,,,,,,,,,,,,,,,,,,,,,,,,0,0,0,0,0
22.6728,1783969874.4396,1,2,0.5000,0.5149,1.42233,-0.03163,-2.63743,1.09830,1.57085,0.11671,-0.12757,-0.48152,0.02655,,,,,,,,,,,,,,,,,,,,,,,,,,0,0,0,0,0
22.6755,1783969874.4423,1,2,0.5000,0.5066,1.42233,-0.03163,-2.63743,1.09830,1.57085,0.11671,-0.12757,-0.48152,0.02655,,,,,,,,,,,,,,,,,,,,,,,,,,0,0,0,0,0
22.6771,1783969874.4438,1,2,0.5000,0.5078,1.42233,-0.03163,-2.63743,1.09830,1.57085,0.11671,-0.12757,-0.48152,0.02655,,,,,,,,,,,,,,,,,,,,,,,,,,0,0,0,0,0
22.6774,1783969874.4441,1,2,0.5000,0.5083,1.42233,-0.03163,-2.63743,1.09830,1.57085,0.11671,-0.12757,-0.48152,0.02655,,,,,,,,,,,,,,,,,,,,,,,,,,0,0,0,0,0
22.6776,1783969874.4444,1,2,0.5000,0.4822,1.42233,-0.03163,-2.63743,1.09830,1.57085,0.11671,-0.12757,-0.48152,0.02655,,,,,,,,,,,,,,,,,,,,,,,,,,0,0,0,0,0
22.6779,1783969874.4447,1,2,0.5000,0.4808,1.42233,-0.03163,-2.63743,1.09830,1.57085,0.11671,-0.12757,-0.48152,0.02655,,,,,,,,,,,,,,,,,,,,,,,,,,0,0,0,0,0
22.6806,1783969874.4474,1,2,0.5000,0.4519,1.42233,-0.03163,-2.63743,1.09830,1.57085,0.11671,-0.12757,-0.48152,0.02655,,,,,,,,,,,,,,,,,,,,,,,,,,0,0,0,0,0
22.6950,1783969874.4618,1,2,0.5000,0.4442,1.42233,-0.03163,-2.63743,1.09830,1.57085,0.11671,-0.12757,-0.48152,0.02655,,,,,,,,,,,,,,,,,,,,,,,,,,0,0,0,0,0
22.6954,1783969874.4622,1,2,0.5000,0.4263,1.42233,-0.03163,-2.63743,1.09830,1.57085,0.11671,-0.12757,-0.48152,0.02655,,,,,,,,,,,,,,,,,,,,,,,,,,0,0,0,0,0
22.6958,1783969874.4626,1,2,0.5000,0.4361,1.42233,-0.03163,-2.63743,1.09830,1.57085,0.11671,-0.12757,-0.48152,0.02655,,,,,,,,,,,,,,,,,,,,,,,,,,0,0,0,0,0
22.6962,1783969874.4630,1,2,0.5000,0.4304,1.42233,-0.03163,-2.63743,1.09830,1.57085,0.11671,-0.12757,-0.48152,0.02655,,,,,,,,,,,,,,,,,,,,,,,,,,0,0,0,0,0
22.7000,1783969874.4668,1,2,0.5000,0.4457,1.42233,-0.03163,-2.63743,1.09830,1.57085,0.11671,-0.12757,-0.48152,0.02655,,,,,,,,,,,,,,,,,,,,,,,,,,0,0,0,0,0
22.7156,1783969874.4824,1,2,0.5000,0.4544,1.42233,-0.03163,-2.63743,1.09830,1.57085,0.11671,-0.12757,-0.48152,0.02655,,,,,,,,,,,,,,,,,,,,,,,,,,0,0,0,0,0
22.7250,1783969874.4917,1,2,0.5000,0.4813,1.42233,-0.03163,-2.63743,1.09830,1.57085,0.11671,-0.12757,-0.48152,0.02655,,,,,,,,,,,,,,,,,,,,,,,,,,0,0,0,0,0
22.7426,1783969874.5093,1,2,0.5000,0.5218,1.42233,-0.03163,-2.63743,1.09830,1.57085,0.11671,-0.12757,-0.48152,0.02655,,,,,,,,,,,,,,,,,,,,,,,,,,0,0,0,0,0
22.7457,1783969874.5125,1,2,0.5000,0.5143,1.42233,-0.03163,-2.63743,1.09830,1.57085,0.11671,-0.12757,-0.48152,0.02655,,,,,,,,,,,,,,,,,,,,,,,,,,0,0,0,0,0
22.7521,1783969874.5188,1,2,0.5000,0.5265,1.42233,-0.03163,-2.63743,1.09830,1.57085,0.11671,-0.12757,-0.48152,0.02655,,,,,,,,,,,,,,,,,,,,,,,,,,0,0,0,0,0
22.7524,1783969874.5192,1,2,0.5000,0.5308,1.42233,-0.03163,-2.63743,1.09830,1.57085,0.11671,-0.12757,-0.48152,0.02655,,,,,,,,,,,,,,,,,,,,,,,,,,0,0,0,0,0
22.7619,1783969874.5286,1,2,0.5000,0.5329,1.42233,-0.03163,-2.63743,1.09830,1.57085,0.11671,-0.12757,-0.48152,0.02655,,,,,,,,,,,,,,,,,,,,,,,,,,0,0,0,0,0
22.7625,1783969874.5293,1,2,0.5000,0.5337,1.42233,-0.03163,-2.63743,1.09830,1.57085,0.11671,-0.12757,-0.48152,0.02655,,,,,,,,,,,,,,,,,,,,,,,,,,0,0,0,0,0
22.7749,1783969874.5417,1,2,0.5000,0.5175,1.42233,-0.03163,-2.63743,1.09830,1.57085,0.11671,-0.12757,-0.48152,0.02655,,,,,,,,,,,,,,,,,,,,,,,,,,0,0,0,0,0
22.7790,1783969874.5457,1,2,0.5000,0.4964,1.42233,-0.03163,-2.63743,1.09830,1.57085,0.11671,-0.12757,-0.48152,0.02655,,,,,,,,,,,,,,,,,,,,,,,,,,0,0,0,0,0
22.7793,1783969874.5461,1,2,0.5000,0.4974,1.42233,-0.03163,-2.63743,1.09830,1.57085,0.11671,-0.12757,-0.48152,0.02655,,,,,,,,,,,,,,,,,,,,,,,,,,0,0,0,0,0
22.7949,1783969874.5617,1,2,0.5000,0.4888,1.42233,-0.03163,-2.63743,1.09830,1.57085,0.11671,-0.12757,-0.48152,0.02655,,,,,,,,,,,,,,,,,,,,,,,,,,0,0,0,0,0
22.7952,1783969874.5619,1,2,0.5000,0.4904,1.42233,-0.03163,-2.63743,1.09830,1.57085,0.11671,-0.12757,-0.48152,0.02655,,,,,,,,,,,,,,,,,,,,,,,,,,0,0,0,0,0
22.7993,1783969874.5661,1,2,0.5000,0.5327,1.42233,-0.03163,-2.63743,1.09830,1.57085,0.11671,-0.12757,-0.48152,0.02655,,,,,,,,,,,,,,,,,,,,,,,,,,0,0,0,0,0
22.8109,1783969874.5777,1,2,0.5000,0.5570,1.42233,-0.03163,-2.63743,1.09830,1.57085,0.11671,-0.12757,-0.48152,0.02655,,,,,,,,,,,,,,,,,,,,,,,,,,0,0,0,0,0
22.8269,1783969874.5937,1,2,0.5000,0.6022,1.42233,-0.03163,-2.63743,1.09830,1.57085,0.11671,-0.12757,-0.48152,0.02655,,,,,,,,,,,,,,,,,,,,,,,,,,0,0,0,0,0
22.8428,1783969874.6096,1,2,0.5000,0.6263,1.42233,-0.03163,-2.63743,1.09830,1.57085,0.11671,-0.12757,-0.48152,0.02655,,,,,,,,,,,,,,,,,,,,,,,,,,0,0,0,0,0
22.8432,1783969874.6100,1,2,0.5000,0.5900,1.42233,-0.03163,-2.63743,1.09830,1.57085,0.11671,-0.12757,-0.48152,0.02655,,,,,,,,,,,,,,,,,,,,,,,,,,0,0,0,0,0
22.8521,1783969874.6189,1,2,0.5000,0.5973,1.42233,-0.03163,-2.63743,1.09830,1.57085,0.11671,-0.12757,-0.48152,0.02655,,,,,,,,,,,,,,,,,,,,,,,,,,0,0,0,0,0
22.8525,1783969874.6193,1,2,0.5000,0.6160,1.42233,-0.03163,-2.63743,1.09830,1.57085,0.11671,-0.12757,-0.48152,0.02655,,,,,,,,,,,,,,,,,,,,,,,,,,0,0,0,0,0
22.9155,1783969874.6822,1,2,0.5000,0.6101,1.42233,-0.03163,-2.63743,1.09830,1.57085,0.11671,-0.12757,-0.48152,0.02655,,,,,,,,,,,,,,,,,,,,,,,,,,0,0,0,0,0
22.9157,1783969874.6825,1,2,0.5000,0.6157,1.42233,-0.03163,-2.63743,1.09830,1.57085,0.11671,-0.12757,-0.48152,0.02655,,,,,,,,,,,,,,,,,,,,,,,,,,0,0,0,0,0
22.9188,1783969874.6855,1,2,0.5000,0.6220,1.42233,-0.03163,-2.63743,1.09830,1.57085,0.11671,-0.12757,-0.48152,0.02655,,,,,,,,,,,,,,,,,,,,,,,,,,0,0,0,0,0
22.9190,1783969874.6858,1,2,0.5000,0.6381,1.42233,-0.03163,-2.63743,1.09830,1.57085,0.11671,-0.12757,-0.48152,0.02655,,,,,,,,,,,,,,,,,,,,,,,,,,0,0,0,0,0
22.9259,1783969874.6926,1,2,0.5000,0.6479,1.42233,-0.03163,-2.63743,1.09830,1.57085,0.11671,-0.12757,-0.48152,0.02655,,,,,,,,,,,,,,,,,,,,,,,,,,0,0,0,0,0
22.9262,1783969874.6930,1,2,0.5000,0.6494,1.42233,-0.03163,-2.63743,1.09830,1.57085,0.11671,-0.12757,-0.48152,0.02655,,,,,,,,,,,,,,,,,,,,,,,,,,0,0,0,0,0
22.9539,1783969874.7207,1,2,0.5000,0.6390,1.42233,-0.03163,-2.63743,1.09830,1.57085,0.11671,-0.12757,-0.48152,0.02655,,,,,,,,,,,,,,,,,,,,,,,,,,0,0,0,0,0
22.9558,1783969874.7226,1,2,0.5000,0.6208,1.42233,-0.03163,-2.63743,1.09830,1.57085,0.11671,-0.12757,-0.48152,0.02655,,,,,,,,,,,,,,,,,,,,,,,,,,0,0,0,0,0
22.9565,1783969874.7233,1,2,0.5000,0.5825,1.42233,-0.03163,-2.63743,1.09830,1.57085,0.11671,-0.12757,-0.48152,0.02655,,,,,,,,,,,,,,,,,,,,,,,,,,0,0,0,0,0
22.9569,1783969874.7236,1,2,0.5000,0.5526,1.42233,-0.03163,-2.63743,1.09830,1.57085,0.11671,-0.12757,-0.48152,0.02655,,,,,,,,,,,,,,,,,,,,,,,,,,0,0,0,0,0
22.9571,1783969874.7239,1,2,0.5000,0.5113,1.42233,-0.03163,-2.63743,1.09830,1.57085,0.11671,-0.12757,-0.48152,0.02655,,,,,,,,,,,,,,,,,,,,,,,,,,0,0,0,0,0
22.9575,1783969874.7243,1,2,0.5000,0.5520,1.42233,-0.03163,-2.63743,1.09830,1.57085,0.11671,-0.12757,-0.48152,0.02655,,,,,,,,,,,,,,,,,,,,,,,,,,0,0,0,0,0
22.9625,1783969874.7293,1,2,0.5000,0.5627,1.42233,-0.03163,-2.63743,1.09830,1.57085,0.11671,-0.12757,-0.48152,0.02655,,,,,,,,,,,,,,,,,,,,,,,,,,0,0,0,0,0
22.9627,1783969874.7295,1,2,0.5000,0.5760,1.42233,-0.03163,-2.63743,1.09830,1.57085,0.11671,-0.12757,-0.48152,0.02655,,,,,,,,,,,,,,,,,,,,,,,,,,0,0,0,0,0
22.9632,1783969874.7300,1,2,0.5000,0.5998,1.42233,-0.03163,-2.63743,1.09830,1.57085,0.11671,-0.12757,-0.48152,0.02655,,,,,,,,,,,,,,,,,,,,,,,,,,0,0,0,0,0
22.9636,1783969874.7304,1,2,0.5000,0.5845,1.42233,-0.03163,-2.63743,1.09830,1.57085,0.11671,-0.12757,-0.48152,0.02655,,,,,,,,,,,,,,,,,,,,,,,,,,0,0,0,0,0
22.9638,1783969874.7306,1,2,0.5000,0.5775,1.42233,-0.03163,-2.63743,1.09830,1.57085,0.11671,-0.12757,-0.48152,0.02655,,,,,,,,,,,,,,,,,,,,,,,,,,0,0,0,0,0
22.9728,1783969874.7395,1,2,0.5000,0.5747,1.42233,-0.03163,-2.63743,1.09830,1.57085,0.11671,-0.12757,-0.48152,0.02655,,,,,,,,,,,,,,,,,,,,,,,,,,0,0,0,0,0
22.9820,1783969874.7487,1,2,0.5000,0.5711,1.42233,-0.03163,-2.63743,1.09830,1.57085,0.11671,-0.12757,-0.48152,0.02655,,,,,,,,,,,,,,,,,,,,,,,,,,0,0,0,0,0
22.9830,1783969874.7497,1,2,0.5000,0.5729,1.42233,-0.03163,-2.63743,1.09830,1.57085,0.11671,-0.12757,-0.48152,0.02655,,,,,,,,,,,,,,,,,,,,,,,,,,0,0,0,0,0
22.9910,1783969874.7577,1,2,0.5000,0.5728,1.42233,-0.03163,-2.63743,1.09830,1.57085,0.11671,-0.12757,-0.48152,0.02655,,,,,,,,,,,,,,,,,,,,,,,,,,0,0,0,0,0
22.9915,1783969874.7582,1,2,0.5000,0.5849,1.42233,-0.03163,-2.63743,1.09830,1.57085,0.11671,-0.12757,-0.48152,0.02655,,,,,,,,,,,,,,,,,,,,,,,,,,0,0,0,0,0
23.0067,1783969874.7735,1,2,0.5000,0.6432,1.42233,-0.03163,-2.63743,1.09830,1.57085,0.11671,-0.12757,-0.48152,0.02655,,,,,,,,,,,,,,,,,,,,,,,,,,0,0,0,0,0
23.0092,1783969874.7760,1,2,0.5000,0.6256,1.42233,-0.03163,-2.63743,1.09830,1.57085,0.11671,-0.12757,-0.48152,0.02655,,,,,,,,,,,,,,,,,,,,,,,,,,0,0,0,0,0
23.0214,1783969874.7882,1,2,0.5000,0.6183,1.42233,-0.03163,-2.63743,1.09830,1.57085,0.11671,-0.12757,-0.48152,0.02655,,,,,,,,,,,,,,,,,,,,,,,,,,0,0,0,0,0
23.0365,1783969874.8033,1,2,0.5000,0.6087,1.42233,-0.03163,-2.63743,1.09830,1.57085,0.11671,-0.12757,-0.48152,0.02655,,,,,,,,,,,,,,,,,,,,,,,,,,0,0,0,0,0
23.0427,1783969874.8095,1,2,0.5000,0.5745,1.42233,-0.03163,-2.63743,1.09830,1.57085,0.11671,-0.12757,-0.48152,0.02655,,,,,,,,,,,,,,,,,,,,,,,,,,0,0,0,0,0
23.0430,1783969874.8098,1,2,0.5000,0.5204,1.42233,-0.03163,-2.63743,1.09830,1.57085,0.11671,-0.12757,-0.48152,0.02655,,,,,,,,,,,,,,,,,,,,,,,,,,0,0,0,0,0
23.0607,1783969874.8275,1,2,0.5000,0.5075,1.42233,-0.03163,-2.63743,1.09830,1.57085,0.11671,-0.12757,-0.48152,0.02655,,,,,,,,,,,,,,,,,,,,,,,,,,0,0,0,0,0
23.0611,1783969874.8278,1,2,0.5000,0.5062,1.42233,-0.03163,-2.63743,1.09830,1.57085,0.11671,-0.12757,-0.48152,0.02655,,,,,,,,,,,,,,,,,,,,,,,,,,0,0,0,0,0
23.0626,1783969874.8294,1,2,0.5000,0.4811,1.42233,-0.03163,-2.63743,1.09830,1.57085,0.11671,-0.12757,-0.48152,0.02655,,,,,,,,,,,,,,,,,,,,,,,,,,0,0,0,0,0
23.0628,1783969874.8296,1,2,0.5000,0.5056,1.42233,-0.03163,-2.63743,1.09830,1.57085,0.11671,-0.12757,-0.48152,0.02655,,,,,,,,,,,,,,,,,,,,,,,,,,0,0,0,0,0
23.0724,1783969874.8392,1,2,0.5000,0.5113,1.42233,-0.03163,-2.63743,1.09830,1.57085,0.11671,-0.12757,-0.48152,0.02655,,,,,,,,,,,,,,,,,,,,,,,,,,0,0,0,0,0
23.0734,1783969874.8402,1,2,0.5000,0.5371,1.42233,-0.03163,-2.63743,1.09830,1.57085,0.11671,-0.12757,-0.48152,0.02655,,,,,,,,,,,,,,,,,,,,,,,,,,0,0,0,0,0
23.0848,1783969874.8516,1,2,0.5000,0.5723,1.42233,-0.03163,-2.63743,1.09830,1.57085,0.11671,-0.12757,-0.48152,0.02655,,,,,,,,,,,,,,,,,,,,,,,,,,0,0,0,0,0
23.0895,1783969874.8563,1,2,0.5000,0.5749,1.42233,-0.03163,-2.63743,1.09830,1.57085,0.11671,-0.12757,-0.48152,0.02655,,,,,,,,,,,,,,,,,,,,,,,,,,0,0,0,0,0
23.1028,1783969874.8696,1,2,0.5000,0.5721,1.42233,-0.03163,-2.63743,1.09830,1.57085,0.11671,-0.12757,-0.48152,0.02655,,,,,,,,,,,,,,,,,,,,,,,,,,0,0,0,0,0
23.1032,1783969874.8700,1,2,0.5000,0.5693,1.42233,-0.03163,-2.63743,1.09830,1.57085,0.11671,-0.12757,-0.48152,0.02655,,,,,,,,,,,,,,,,,,,,,,,,,,0,0,0,0,0
23.1116,1783969874.8784,1,2,0.5000,0.5295,1.42233,-0.03163,-2.63743,1.09830,1.57085,0.11671,-0.12757,-0.48152,0.02655,,,,,,,,,,,,,,,,,,,,,,,,,,0,0,0,0,0
23.1236,1783969874.8904,1,2,0.5000,0.5372,1.42233,-0.03163,-2.63743,1.09830,1.57085,0.11671,-0.12757,-0.48152,0.02655,,,,,,,,,,,,,,,,,,,,,,,,,,0,0,0,0,0
23.1308,1783969874.8976,1,2,0.5000,0.5822,1.42233,-0.03163,-2.63743,1.09830,1.57085,0.11671,-0.12757,-0.48152,0.02655,,,,,,,,,,,,,,,,,,,,,,,,,,0,0,0,0,0
23.1311,1783969874.8979,1,2,0.5000,0.5938,1.42233,-0.03163,-2.63743,1.09830,1.57085,0.11671,-0.12757,-0.48152,0.02655,,,,,,,,,,,,,,,,,,,,,,,,,,0,0,0,0,0
23.1630,1783969874.9298,1,2,0.5000,0.5987,1.42233,-0.03163,-2.63743,1.09830,1.57085,0.11671,-0.12757,-0.48152,0.02655,,,,,,,,,,,,,,,,,,,,,,,,,,0,0,0,0,0
23.1635,1783969874.9303,1,2,0.5000,0.6185,1.42233,-0.03163,-2.63743,1.09830,1.57085,0.11671,-0.12757,-0.48152,0.02655,,,,,,,,,,,,,,,,,,,,,,,,,,0,0,0,0,0
23.1637,1783969874.9305,1,2,0.5000,0.6070,1.42233,-0.03163,-2.63743,1.09830,1.57085,0.11671,-0.12757,-0.48152,0.02655,,,,,,,,,,,,,,,,,,,,,,,,,,0,0,0,0,0
23.1641,1783969874.9309,1,2,0.5000,0.5925,1.42233,-0.03163,-2.63743,1.09830,1.57085,0.11671,-0.12757,-0.48152,0.02655,,,,,,,,,,,,,,,,,,,,,,,,,,0,0,0,0,0
23.1643,1783969874.9311,1,2,0.5000,0.5581,1.42233,-0.03163,-2.63743,1.09830,1.57085,0.11671,-0.12757,-0.48152,0.02655,,,,,,,,,,,,,,,,,,,,,,,,,,0,0,0,0,0
23.1707,1783969874.9374,1,2,0.5000,0.4828,1.42233,-0.03163,-2.63743,1.09830,1.57085,0.11671,-0.12757,-0.48152,0.02655,,,,,,,,,,,,,,,,,,,,,,,,,,0,0,0,0,0
23.1803,1783969874.9471,1,2,0.5000,0.4703,1.42233,-0.03163,-2.63743,1.09830,1.57085,0.11671,-0.12757,-0.48152,0.02655,,,,,,,,,,,,,,,,,,,,,,,,,,0,0,0,0,0
23.1896,1783969874.9563,1,2,0.5000,0.4376,1.42233,-0.03163,-2.63743,1.09830,1.57085,0.11671,-0.12757,-0.48152,0.02655,,,,,,,,,,,,,,,,,,,,,,,,,,0,0,0,0,0
23.2038,1783969874.9706,1,2,0.5000,0.4952,1.42233,-0.03163,-2.63743,1.09830,1.57085,0.11671,-0.12757,-0.48152,0.02655,,,,,,,,,,,,,,,,,,,,,,,,,,0,0,0,0,0
23.2094,1783969874.9761,1,2,0.5000,0.5616,1.42233,-0.03163,-2.63743,1.09830,1.57085,0.11671,-0.12757,-0.48152,0.02655,,,,,,,,,,,,,,,,,,,,,,,,,,0,0,0,0,0
23.2219,1783969874.9887,1,2,0.5000,0.5662,1.42233,-0.03163,-2.63743,1.09830,1.57085,0.11671,-0.12757,-0.48152,0.02655,,,,,,,,,,,,,,,,,,,,,,,,,,0,0,0,0,0
23.2334,1783969875.0002,1,2,0.5000,0.5405,1.42233,-0.03163,-2.63743,1.09830,1.57085,0.11671,-0.12757,-0.48152,0.02655,,,,,,,,,,,,,,,,,,,,,,,,,,0,0,0,0,0
23.2508,1783969875.0176,1,2,0.5000,0.4891,1.42233,-0.03163,-2.63743,1.09830,1.57085,0.11671,-0.12757,-0.48152,0.02655,,,,,,,,,,,,,,,,,,,,,,,,,,0,0,0,0,0
23.2521,1783969875.0189,1,2,0.5000,0.4661,1.42233,-0.03163,-2.63743,1.09830,1.57085,0.11671,-0.12757,-0.48152,0.02655,,,,,,,,,,,,,,,,,,,,,,,,,,0,0,0,0,0
23.2525,1783969875.0192,1,2,0.5000,0.4839,1.42233,-0.03163,-2.63743,1.09830,1.57085,0.11671,-0.12757,-0.48152,0.02655,,,,,,,,,,,,,,,,,,,,,,,,,,0,0,0,0,0
23.2669,1783969875.0336,1,2,0.5000,0.5142,1.42233,-0.03163,-2.63743,1.09830,1.57085,0.11671,-0.12757,-0.48152,0.02655,,,,,,,,,,,,,,,,,,,,,,,,,,0,0,0,0,0
23.2795,1783969875.0463,1,2,0.5000,0.5663,1.42233,-0.03163,-2.63743,1.09830,1.57085,0.11671,-0.12757,-0.48152,0.02655,,,,,,,,,,,,,,,,,,,,,,,,,,0,0,0,0,0
23.2800,1783969875.0467,1,2,0.5000,0.5664,1.42233,-0.03163,-2.63743,1.09830,1.57085,0.11671,-0.12757,-0.48152,0.02655,,,,,,,,,,,,,,,,,,,,,,,,,,0,0,0,0,0
23.2813,1783969875.0480,1,2,0.5000,0.5796,1.42233,-0.03163,-2.63743,1.09830,1.57085,0.11671,-0.12757,-0.48152,0.02655,,,,,,,,,,,,,,,,,,,,,,,,,,0,0,0,0,0
23.2817,1783969875.0484,1,2,0.5000,0.5818,1.42233,-0.03163,-2.63743,1.09830,1.57085,0.11671,-0.12757,-0.48152,0.02655,,,,,,,,,,,,,,,,,,,,,,,,,,0,0,0,0,0
23.2937,1783969875.0605,1,2,0.5000,0.5241,1.42233,-0.03163,-2.63743,1.09830,1.57085,0.11671,-0.12757,-0.48152,0.02655,,,,,,,,,,,,,,,,,,,,,,,,,,0,0,0,0,0
23.2990,1783969875.0658,1,2,0.5000,0.4692,1.42233,-0.03163,-2.63743,1.09830,1.57085,0.11671,-0.12757,-0.48152,0.02655,,,,,,,,,,,,,,,,,,,,,,,,,,0,0,0,0,0
23.3126,1783969875.0794,1,2,0.5000,0.4077,1.42233,-0.03163,-2.63743,1.09830,1.57085,0.11671,-0.12757,-0.48152,0.02655,,,,,,,,,,,,,,,,,,,,,,,,,,0,0,0,0,0
23.3315,1783969875.0983,1,2,0.5000,0.4273,1.42233,-0.03163,-2.63743,1.09830,1.57085,0.11671,-0.12757,-0.48152,0.02655,,,,,,,,,,,,,,,,,,,,,,,,,,0,0,0,0,0
23.3332,1783969875.1000,1,2,0.5000,0.4464,1.42233,-0.03163,-2.63743,1.09830,1.57085,0.11671,-0.12757,-0.48152,0.02655,,,,,,,,,,,,,,,,,,,,,,,,,,0,0,0,0,0
23.3335,1783969875.1003,1,2,0.5000,0.4777,1.42233,-0.03163,-2.63743,1.09830,1.57085,0.11671,-0.12757,-0.48152,0.02655,,,,,,,,,,,,,,,,,,,,,,,,,,0,0,0,0,0
23.3408,1783969875.1076,1,2,0.5000,0.4902,1.42233,-0.03163,-2.63743,1.09830,1.57085,0.11671,-0.12757,-0.48152,0.02655,,,,,,,,,,,,,,,,,,,,,,,,,,0,0,0,0,0
23.3538,1783969875.1206,1,2,0.5000,0.5513,1.42233,-0.03163,-2.63743,1.09830,1.57085,0.11671,-0.12757,-0.48152,0.02655,,,,,,,,,,,,,,,,,,,,,,,,,,0,0,0,0,0
23.3655,1783969875.1323,1,2,0.5000,0.4992,1.42233,-0.03163,-2.63743,1.09830,1.57085,0.11671,-0.12757,-0.48152,0.02655,,,,,,,,,,,,,,,,,,,,,,,,,,0,0,0,0,0
23.3700,1783969875.1368,1,2,0.5000,0.4678,1.42233,-0.03163,-2.63743,1.09830,1.57085,0.11671,-0.12757,-0.48152,0.02655,,,,,,,,,,,,,,,,,,,,,,,,,,0,0,0,0,0
23.3801,1783969875.1468,1,2,0.5000,0.4699,1.42233,-0.03163,-2.63743,1.09830,1.57085,0.11671,-0.12757,-0.48152,0.02655,,,,,,,,,,,,,,,,,,,,,,,,,,0,0,0,0,0
23.3924,1783969875.1592,1,2,0.5000,0.4777,1.42233,-0.03163,-2.63743,1.09830,1.57085,0.11671,-0.12757,-0.48152,0.02655,,,,,,,,,,,,,,,,,,,,,,,,,,0,0,0,0,0
23.3992,1783969875.1660,1,2,0.5000,0.5260,1.42233,-0.03163,-2.63743,1.09830,1.57085,0.11671,-0.12757,-0.48152,0.02655,,,,,,,,,,,,,,,,,,,,,,,,,,0,0,0,0,0
23.3995,1783969875.1663,1,2,0.5000,0.5328,1.42233,-0.03163,-2.63743,1.09830,1.57085,0.11671,-0.12757,-0.48152,0.02655,,,,,,,,,,,,,,,,,,,,,,,,,,0,0,0,0,0
23.4114,1783969875.1782,1,2,0.5000,0.5288,1.42233,-0.03163,-2.63743,1.09830,1.57085,0.11671,-0.12757,-0.48152,0.02655,,,,,,,,,,,,,,,,,,,,,,,,,,0,0,0,0,0
23.4224,1783969875.1891,1,2,0.5000,0.5309,1.42233,-0.03163,-2.63743,1.09830,1.57085,0.11671,-0.12757,-0.48152,0.02655,,,,,,,,,,,,,,,,,,,,,,,,,,0,0,0,0,0
23.4230,1783969875.1897,1,2,0.5000,0.5045,1.42233,-0.03163,-2.63743,1.09830,1.57085,0.11671,-0.12757,-0.48152,0.02655,,,,,,,,,,,,,,,,,,,,,,,,,,0,0,0,0,0
23.4308,1783969875.1976,1,2,0.5000,0.4488,1.42233,-0.03163,-2.63743,1.09830,1.57085,0.11671,-0.12757,-0.48152,0.02655,,,,,,,,,,,,,,,,,,,,,,,,,,0,0,0,0,0
23.4311,1783969875.1979,1,2,0.5000,0.4299,1.42233,-0.03163,-2.63743,1.09830,1.57085,0.11671,-0.12757,-0.48152,0.02655,,,,,,,,,,,,,,,,,,,,,,,,,,0,0,0,0,0
23.4405,1783969875.2073,1,2,0.5000,0.3914,1.42233,-0.03163,-2.63743,1.09830,1.57085,0.11671,-0.12757,-0.48152,0.02655,,,,,,,,,,,,,,,,,,,,,,,,,,0,0,0,0,0
23.4556,1783969875.2224,1,2,0.5000,0.4316,1.42233,-0.03163,-2.63743,1.09830,1.57085,0.11671,-0.12757,-0.48152,0.02655,,,,,,,,,,,,,,,,,,,,,,,,,,0,0,0,0,0
23.4643,1783969875.2311,1,2,0.5000,0.4487,1.42233,-0.03163,-2.63743,1.09830,1.57085,0.11671,-0.12757,-0.48152,0.02655,,,,,,,,,,,,,,,,,,,,,,,,,,0,0,0,0,0
23.4711,1783969875.2379,1,2,0.5000,0.4915,1.42233,-0.03163,-2.63743,1.09830,1.57085,0.11671,-0.12757,-0.48152,0.02655,,,,,,,,,,,,,,,,,,,,,,,,,,0,0,0,0,0
23.4714,1783969875.2382,1,2,0.5000,0.5036,1.42233,-0.03163,-2.63743,1.09830,1.57085,0.11671,-0.12757,-0.48152,0.02655,,,,,,,,,,,,,,,,,,,,,,,,,,0,0,0,0,0
23.4821,1783969875.2489,1,2,0.5000,0.5437,1.42233,-0.03163,-2.63743,1.09830,1.57085,0.11671,-0.12757,-0.48152,0.02655,,,,,,,,,,,,,,,,,,,,,,,,,,0,0,0,0,0
23.4962,1783969875.2630,1,2,0.5000,0.4968,1.42233,-0.03163,-2.63743,1.09830,1.57085,0.11671,-0.12757,-0.48152,0.02655,,,,,,,,,,,,,,,,,,,,,,,,,,0,0,0,0,0
23.5046,1783969875.2714,1,2,0.5000,0.4841,1.42233,-0.03163,-2.63743,1.09830,1.57085,0.11671,-0.12757,-0.48152,0.02655,,,,,,,,,,,,,,,,,,,,,,,,,,0,0,0,0,0
23.5109,1783969875.2777,1,2,0.5000,0.4632,1.42233,-0.03163,-2.63743,1.09830,1.57085,0.11671,-0.12757,-0.48152,0.02655,,,,,,,,,,,,,,,,,,,,,,,,,,0,0,0,0,0
23.5193,1783969875.2861,1,2,0.5000,0.4891,1.42233,-0.03163,-2.63743,1.09830,1.57085,0.11671,-0.12757,-0.48152,0.02655,,,,,,,,,,,,,,,,,,,,,,,,,,0,0,0,0,0
23.5197,1783969875.2864,1,2,0.5000,0.4914,1.42233,-0.03163,-2.63743,1.09830,1.57085,0.11671,-0.12757,-0.48152,0.02655,,,,,,,,,,,,,,,,,,,,,,,,,,0,0,0,0,0
23.5303,1783969875.2971,1,2,0.5000,0.5370,1.42233,-0.03163,-2.63743,1.09830,1.57085,0.11671,-0.12757,-0.48152,0.02655,,,,,,,,,,,,,,,,,,,,,,,,,,0,0,0,0,0
23.5423,1783969875.3091,1,2,0.5000,0.5238,1.42233,-0.03163,-2.63743,1.09830,1.57085,0.11671,-0.12757,-0.48152,0.02655,,,,,,,,,,,,,,,,,,,,,,,,,,0,0,0,0,0
23.5557,1783969875.3225,1,2,0.5000,0.5137,1.42233,-0.03163,-2.63743,1.09830,1.57085,0.11671,-0.12757,-0.48152,0.02655,,,,,,,,,,,,,,,,,,,,,,,,,,0,0,0,0,0
23.5560,1783969875.3227,1,2,0.5000,0.5002,1.42233,-0.03163,-2.63743,1.09830,1.57085,0.11671,-0.12757,-0.48152,0.02655,,,,,,,,,,,,,,,,,,,,,,,,,,0,0,0,0,0
23.5723,1783969875.3391,1,2,0.5000,0.4319,1.42233,-0.03163,-2.63743,1.09830,1.57085,0.11671,-0.12757,-0.48152,0.02655,,,,,,,,,,,,,,,,,,,,,,,,,,0,0,0,0,0
23.5846,1783969875.3514,1,2,0.5000,0.4020,1.42233,-0.03163,-2.63743,1.09830,1.57085,0.11671,-0.12757,-0.48152,0.02655,,,,,,,,,,,,,,,,,,,,,,,,,,0,0,0,0,0
23.5851,1783969875.3518,1,2,0.5000,0.4198,1.42233,-0.03163,-2.63743,1.09830,1.57085,0.11671,-0.12757,-0.48152,0.02655,,,,,,,,,,,,,,,,,,,,,,,,,,0,0,0,0,0
23.5855,1783969875.3523,1,2,0.5000,0.4311,1.42233,-0.03163,-2.63743,1.09830,1.57085,0.11671,-0.12757,-0.48152,0.02655,,,,,,,,,,,,,,,,,,,,,,,,,,0,0,0,0,0
23.5890,1783969875.3558,1,2,0.5000,0.4542,1.42233,-0.03163,-2.63743,1.09830,1.57085,0.11671,-0.12757,-0.48152,0.02655,,,,,,,,,,,,,,,,,,,,,,,,,,0,0,0,0,0
23.5894,1783969875.3562,1,2,0.5000,0.4529,1.42233,-0.03163,-2.63743,1.09830,1.57085,0.11671,-0.12757,-0.48152,0.02655,,,,,,,,,,,,,,,,,,,,,,,,,,0,0,0,0,0
23.5994,1783969875.3662,1,2,0.5000,0.5114,1.42233,-0.03163,-2.63743,1.09830,1.57085,0.11671,-0.12757,-0.48152,0.02655,,,,,,,,,,,,,,,,,,,,,,,,,,0,0,0,0,0
23.6141,1783969875.3809,1,2,0.5000,0.4949,1.42233,-0.03163,-2.63743,1.09830,1.57085,0.11671,-0.12757,-0.48152,0.02655,,,,,,,,,,,,,,,,,,,,,,,,,,0,0,0,0,0
23.6190,1783969875.3858,1,2,0.5000,0.4888,1.42233,-0.03163,-2.63743,1.09830,1.57085,0.11671,-0.12757,-0.48152,0.02655,,,,,,,,,,,,,,,,,,,,,,,,,,0,0,0,0,0
23.6193,1783969875.3861,1,2,0.5000,0.4766,1.42233,-0.03163,-2.63743,1.09830,1.57085,0.11671,-0.12757,-0.48152,0.02655,,,,,,,,,,,,,,,,,,,,,,,,,,0,0,0,0,0
23.6309,1783969875.3977,1,2,0.5000,0.4391,1.42233,-0.03163,-2.63743,1.09830,1.57085,0.11671,-0.12757,-0.48152,0.02655,,,,,,,,,,,,,,,,,,,,,,,,,,0,0,0,0,0
23.6312,1783969875.3980,1,2,0.5000,0.4523,1.42233,-0.03163,-2.63743,1.09830,1.57085,0.11671,-0.12757,-0.48152,0.02655,,,,,,,,,,,,,,,,,,,,,,,,,,0,0,0,0,0
23.6430,1783969875.4098,1,2,0.5000,0.4350,1.42233,-0.03163,-2.63743,1.09830,1.57085,0.11671,-0.12757,-0.48152,0.02655,,,,,,,,,,,,,,,,,,,,,,,,,,0,0,0,0,0
23.6608,1783969875.4276,1,2,0.5000,0.4710,1.42233,-0.03163,-2.63743,1.09830,1.57085,0.11671,-0.12757,-0.48152,0.02655,,,,,,,,,,,,,,,,,,,,,,,,,,0,0,0,0,0
23.6637,1783969875.4304,1,2,0.5000,0.5081,1.42233,-0.03163,-2.63743,1.09830,1.57085,0.11671,-0.12757,-0.48152,0.02655,,,,,,,,,,,,,,,,,,,,,,,,,,0,0,0,0,0
23.6699,1783969875.4366,1,2,0.5000,0.4882,1.42233,-0.03163,-2.63743,1.09830,1.57085,0.11671,-0.12757,-0.48152,0.02655,,,,,,,,,,,,,,,,,,,,,,,,,,0,0,0,0,0
23.6799,1783969875.4467,1,2,0.5000,0.4686,1.42233,-0.03163,-2.63743,1.09830,1.57085,0.11671,-0.12757,-0.48152,0.02655,,,,,,,,,,,,,,,,,,,,,,,,,,0,0,0,0,0
23.6890,1783969875.4557,1,2,0.5000,0.4311,1.42233,-0.03163,-2.63743,1.09830,1.57085,0.11671,-0.12757,-0.48152,0.02655,,,,,,,,,,,,,,,,,,,,,,,,,,0,0,0,0,0
23.7124,1783969875.4792,1,2,0.5000,0.4381,1.42233,-0.03163,-2.63743,1.09830,1.57085,0.11671,-0.12757,-0.48152,0.02655,,,,,,,,,,,,,,,,,,,,,,,,,,0,0,0,0,0
23.7201,1783969875.4869,1,2,0.5000,0.4355,1.42233,-0.03163,-2.63743,1.09830,1.57085,0.11671,-0.12757,-0.48152,0.02655,,,,,,,,,,,,,,,,,,,,,,,,,,0,0,0,0,0
23.7204,1783969875.4871,1,2,0.5000,0.4412,1.42233,-0.03163,-2.63743,1.09830,1.57085,0.11671,-0.12757,-0.48152,0.02655,,,,,,,,,,,,,,,,,,,,,,,,,,0,0,0,0,0
23.7254,1783969875.4922,1,2,0.5000,0.4957,1.42233,-0.03163,-2.63743,1.09830,1.57085,0.11671,-0.12757,-0.48152,0.02655,,,,,,,,,,,,,,,,,,,,,,,,,,0,0,0,0,0
23.7302,1783969875.4970,1,2,0.5000,0.5048,1.42233,-0.03163,-2.63743,1.09830,1.57085,0.11671,-0.12757,-0.48152,0.02655,,,,,,,,,,,,,,,,,,,,,,,,,,0,0,0,0,0
23.7395,1783969875.5063,1,2,0.5000,0.4927,1.42233,-0.03163,-2.63743,1.09830,1.57085,0.11671,-0.12757,-0.48152,0.02655,,,,,,,,,,,,,,,,,,,,,,,,,,0,0,0,0,0
23.7497,1783969875.5165,1,2,0.5000,0.4769,1.42233,-0.03163,-2.63743,1.09830,1.57085,0.11671,-0.12757,-0.48152,0.02655,,,,,,,,,,,,,,,,,,,,,,,,,,0,0,0,0,0
23.7644,1783969875.5311,1,2,0.5000,0.4643,1.42233,-0.03163,-2.63743,1.09830,1.57085,0.11671,-0.12757,-0.48152,0.02655,,,,,,,,,,,,,,,,,,,,,,,,,,0,0,0,0,0
23.7647,1783969875.5315,1,2,0.5000,0.4660,1.42233,-0.03163,-2.63743,1.09830,1.57085,0.11671,-0.12757,-0.48152,0.02655,,,,,,,,,,,,,,,,,,,,,,,,,,0,0,0,0,0
23.7739,1783969875.5407,1,2,0.5000,0.4623,1.42233,-0.03163,-2.63743,1.09830,1.57085,0.11671,-0.12757,-0.48152,0.02655,,,,,,,,,,,,,,,,,,,,,,,,,,0,0,0,0,0
23.7743,1783969875.5410,1,2,0.5000,0.4632,1.42233,-0.03163,-2.63743,1.09830,1.57085,0.11671,-0.12757,-0.48152,0.02655,,,,,,,,,,,,,,,,,,,,,,,,,,0,0,0,0,0
23.7799,1783969875.5467,1,2,0.5000,0.4842,1.42233,-0.03163,-2.63743,1.09830,1.57085,0.11671,-0.12757,-0.48152,0.02655,,,,,,,,,,,,,,,,,,,,,,,,,,0,0,0,0,0
23.7806,1783969875.5474,1,2,0.5000,0.5064,1.42233,-0.03163,-2.63743,1.09830,1.57085,0.11671,-0.12757,-0.48152,0.02655,,,,,,,,,,,,,,,,,,,,,,,,,,0,0,0,0,0
23.7897,1783969875.5564,1,2,0.5000,0.5191,1.42233,-0.03163,-2.63743,1.09830,1.57085,0.11671,-0.12757,-0.48152,0.02655,,,,,,,,,,,,,,,,,,,,,,,,,,0,0,0,0,0
23.7993,1783969875.5660,1,2,0.5000,0.5086,1.42233,-0.03163,-2.63743,1.09830,1.57085,0.11671,-0.12757,-0.48152,0.02655,,,,,,,,,,,,,,,,,,,,,,,,,,0,0,0,0,0
23.8191,1783969875.5859,1,2,0.5000,0.4801,1.42233,-0.03163,-2.63743,1.09830,1.57085,0.11671,-0.12757,-0.48152,0.02655,,,,,,,,,,,,,,,,,,,,,,,,,,0,0,0,0,0
23.8195,1783969875.5862,1,2,0.5000,0.4718,1.42233,-0.03163,-2.63743,1.09830,1.57085,0.11671,-0.12757,-0.48152,0.02655,,,,,,,,,,,,,,,,,,,,,,,,,,0,0,0,0,0
23.8230,1783969875.5898,1,2,0.5000,0.4226,1.42233,-0.03163,-2.63743,1.09830,1.57085,0.11671,-0.12757,-0.48152,0.02655,,,,,,,,,,,,,,,,,,,,,,,,,,0,0,0,0,0
23.8347,1783969875.6015,1,2,0.5000,0.4424,1.42233,-0.03163,-2.63743,1.09830,1.57085,0.11671,-0.12757,-0.48152,0.02655,,,,,,,,,,,,,,,,,,,,,,,,,,0,0,0,0,0
23.8432,1783969875.6100,1,2,0.5000,0.4615,1.42233,-0.03163,-2.63743,1.09830,1.57085,0.11671,-0.12757,-0.48152,0.02655,,,,,,,,,,,,,,,,,,,,,,,,,,0,0,0,0,0
23.8435,1783969875.6102,1,2,0.5000,0.4585,1.42233,-0.03163,-2.63743,1.09830,1.57085,0.11671,-0.12757,-0.48152,0.02655,,,,,,,,,,,,,,,,,,,,,,,,,,0,0,0,0,0
23.8554,1783969875.6222,1,2,0.5000,0.4927,1.42233,-0.03163,-2.63743,1.09830,1.57085,0.11671,-0.12757,-0.48152,0.02655,,,,,,,,,,,,,,,,,,,,,,,,,,0,0,0,0,0
23.8630,1783969875.6298,1,2,0.5000,0.4731,1.42233,-0.03163,-2.63743,1.09830,1.57085,0.11671,-0.12757,-0.48152,0.02655,,,,,,,,,,,,,,,,,,,,,,,,,,0,0,0,0,0
23.9989,1783969875.7657,1,2,0.5000,0.4614,1.42233,-0.03163,-2.63743,1.09830,1.57085,0.11671,-0.12757,-0.48152,0.02655,,,,,,,,,,,,,,,,,,,,,,,,,,0,0,0,0,0
24.0075,1783969875.7743,1,2,0.5000,0.4484,1.42233,-0.03163,-2.63743,1.09830,1.57085,0.11671,-0.12757,-0.48152,0.02655,,,,,,,,,,,,,,,,,,,,,,,,,,0,0,0,0,0
24.0184,1783969875.7851,1,2,0.5000,0.4511,1.42233,-0.03163,-2.63743,1.09830,1.57085,0.11671,-0.12757,-0.48152,0.02655,,,,,,,,,,,,,,,,,,,,,,,,,,0,0,0,0,0
24.0263,1783969875.7931,1,2,0.5000,0.4958,1.42233,-0.03163,-2.63743,1.09830,1.57085,0.11671,-0.12757,-0.48152,0.02655,,,,,,,,,,,,,,,,,,,,,,,,,,0,0,0,0,0
24.0289,1783969875.7957,1,2,0.5000,0.5011,1.42233,-0.03163,-2.63743,1.09830,1.57085,0.11671,-0.12757,-0.48152,0.02655,,,,,,,,,,,,,,,,,,,,,,,,,,0,0,0,0,0
24.0292,1783969875.7960,1,2,0.5000,0.5222,1.42233,-0.03163,-2.63743,1.09830,1.57085,0.11671,-0.12757,-0.48152,0.02655,,,,,,,,,,,,,,,,,,,,,,,,,,0,0,0,0,0
24.0295,1783969875.7963,1,2,0.5000,0.4889,1.42233,-0.03163,-2.63743,1.09830,1.57085,0.11671,-0.12757,-0.48152,0.02655,,,,,,,,,,,,,,,,,,,,,,,,,,0,0,0,0,0
24.0300,1783969875.7967,1,2,0.5000,0.4378,1.42233,-0.03163,-2.63743,1.09830,1.57085,0.11671,-0.12757,-0.48152,0.02655,,,,,,,,,,,,,,,,,,,,,,,,,,0,0,0,0,0
24.0361,1783969875.8029,1,2,0.5000,0.4332,1.42233,-0.03163,-2.63743,1.09830,1.57085,0.11671,-0.12757,-0.48152,0.02655,,,,,,,,,,,,,,,,,,,,,,,,,,0,0,0,0,0
24.0452,1783969875.8120,1,2,0.5000,0.4500,1.42233,-0.03163,-2.63743,1.09830,1.57085,0.11671,-0.12757,-0.48152,0.02655,,,,,,,,,,,,,,,,,,,,,,,,,,0,0,0,0,0
24.0457,1783969875.8124,1,2,0.5000,0.4542,1.42233,-0.03163,-2.63743,1.09830,1.57085,0.11671,-0.12757,-0.48152,0.02655,,,,,,,,,,,,,,,,,,,,,,,,,,0,0,0,0,0
24.0479,1783969875.8147,1,2,0.5000,0.4649,1.42233,-0.03163,-2.63743,1.09830,1.57085,0.11671,-0.12757,-0.48152,0.02655,,,,,,,,,,,,,,,,,,,,,,,,,,0,0,0,0,0
24.0484,1783969875.8151,1,2,0.5000,0.4727,1.42233,-0.03163,-2.63743,1.09830,1.57085,0.11671,-0.12757,-0.48152,0.02655,,,,,,,,,,,,,,,,,,,,,,,,,,0,0,0,0,0
24.0488,1783969875.8156,1,2,0.5000,0.4372,1.42233,-0.03163,-2.63743,1.09830,1.57085,0.11671,-0.12757,-0.48152,0.02655,,,,,,,,,,,,,,,,,,,,,,,,,,0,0,0,0,0
24.0493,1783969875.8160,1,2,0.5000,0.4122,1.42233,-0.03163,-2.63743,1.09830,1.57085,0.11671,-0.12757,-0.48152,0.02655,,,,,,,,,,,,,,,,,,,,,,,,,,0,0,0,0,0
24.0497,1783969875.8164,1,2,0.5000,0.4445,1.42233,-0.03163,-2.63743,1.09830,1.57085,0.11671,-0.12757,-0.48152,0.02655,,,,,,,,,,,,,,,,,,,,,,,,,,0,0,0,0,0
24.0500,1783969875.8168,1,2,0.5000,0.5117,1.42233,-0.03163,-2.63743,1.09830,1.57085,0.11671,-0.12757,-0.48152,0.02655,,,,,,,,,,,,,,,,,,,,,,,,,,0,0,0,0,0
24.0507,1783969875.8175,1,2,0.5000,0.4953,1.42233,-0.03163,-2.63743,1.09830,1.57085,0.11671,-0.12757,-0.48152,0.02655,,,,,,,,,,,,,,,,,,,,,,,,,,0,0,0,0,0
24.0525,1783969875.8192,1,2,0.5000,0.4940,1.42233,-0.03163,-2.63743,1.09830,1.57085,0.11671,-0.12757,-0.48152,0.02655,,,,,,,,,,,,,,,,,,,,,,,,,,0,0,0,0,0
24.0670,1783969875.8338,1,2,0.5000,0.4939,1.42233,-0.03163,-2.63743,1.09830,1.57085,0.11671,-0.12757,-0.48152,0.02655,,,,,,,,,,,,,,,,,,,,,,,,,,0,0,0,0,0
24.0675,1783969875.8342,1,2,0.5000,0.4787,1.42233,-0.03163,-2.63743,1.09830,1.57085,0.11671,-0.12757,-0.48152,0.02655,,,,,,,,,,,,,,,,,,,,,,,,,,0,0,0,0,0
24.0775,1783969875.8443,1,2,0.5000,0.4475,1.42233,-0.03163,-2.63743,1.09830,1.57085,0.11671,-0.12757,-0.48152,0.02655,,,,,,,,,,,,,,,,,,,,,,,,,,0,0,0,0,0
24.0850,1783969875.8518,1,2,0.5000,0.4443,1.42233,-0.03163,-2.63743,1.09830,1.57085,0.11671,-0.12757,-0.48152,0.02655,,,,,,,,,,,,,,,,,,,,,,,,,,0,0,0,0,0
24.0991,1783969875.8659,1,2,0.5000,0.4347,1.42233,-0.03163,-2.63743,1.09830,1.57085,0.11671,-0.12757,-0.48152,0.02655,,,,,,,,,,,,,,,,,,,,,,,,,,0,0,0,0,0
24.1091,1783969875.8759,1,2,0.5000,0.4555,1.42233,-0.03163,-2.63743,1.09830,1.57085,0.11671,-0.12757,-0.48152,0.02655,,,,,,,,,,,,,,,,,,,,,,,,,,0,0,0,0,0
24.1209,1783969875.8877,1,2,0.5000,0.4706,1.42233,-0.03163,-2.63743,1.09830,1.57085,0.11671,-0.12757,-0.48152,0.02655,,,,,,,,,,,,,,,,,,,,,,,,,,0,0,0,0,0
24.1270,1783969875.8937,1,2,0.5000,0.4542,1.42233,-0.03163,-2.63743,1.09830,1.57085,0.11671,-0.12757,-0.48152,0.02655,,,,,,,,,,,,,,,,,,,,,,,,,,0,0,0,0,0
24.1349,1783969875.9017,1,2,0.5000,0.4525,1.42233,-0.03163,-2.63743,1.09830,1.57085,0.11671,-0.12757,-0.48152,0.02655,,,,,,,,,,,,,,,,,,,,,,,,,,0,0,0,0,0
24.1490,1783969875.9157,1,2,0.5000,0.4657,1.42233,-0.03163,-2.63743,1.09830,1.57085,0.11671,-0.12757,-0.48152,0.02655,,,,,,,,,,,,,,,,,,,,,,,,,,0,0,0,0,0
24.1492,1783969875.9160,1,2,0.5000,0.4697,1.42233,-0.03163,-2.63743,1.09830,1.57085,0.11671,-0.12757,-0.48152,0.02655,,,,,,,,,,,,,,,,,,,,,,,,,,0,0,0,0,0
24.1579,1783969875.9247,1,2,0.5000,0.4755,1.42233,-0.03163,-2.63743,1.09830,1.57085,0.11671,-0.12757,-0.48152,0.02655,,,,,,,,,,,,,,,,,,,,,,,,,,0,0,0,0,0
24.1583,1783969875.9251,1,2,0.5000,0.4768,1.42233,-0.03163,-2.63743,1.09830,1.57085,0.11671,-0.12757,-0.48152,0.02655,,,,,,,,,,,,,,,,,,,,,,,,,,0,0,0,0,0
24.1634,1783969875.9302,1,2,0.5000,0.4760,1.42233,-0.03163,-2.63743,1.09830,1.57085,0.11671,-0.12757,-0.48152,0.02655,,,,,,,,,,,,,,,,,,,,,,,,,,0,0,0,0,0
24.1737,1783969875.9405,1,2,0.5000,0.4734,1.42233,-0.03163,-2.63743,1.09830,1.57085,0.11671,-0.12757,-0.48152,0.02655,,,,,,,,,,,,,,,,,,,,,,,,,,0,0,0,0,0
24.1843,1783969875.9511,1,2,0.5000,0.4857,1.42233,-0.03163,-2.63743,1.09830,1.57085,0.11671,-0.12757,-0.48152,0.02655,,,,,,,,,,,,,,,,,,,,,,,,,,0,0,0,0,0
24.1954,1783969875.9622,1,2,0.5000,0.4677,1.42233,-0.03163,-2.63743,1.09830,1.57085,0.11671,-0.12757,-0.48152,0.02655,,,,,,,,,,,,,,,,,,,,,,,,,,0,0,0,0,0
24.2108,1783969875.9776,1,2,0.5000,0.4663,1.42233,-0.03163,-2.63743,1.09830,1.57085,0.11671,-0.12757,-0.48152,0.02655,,,,,,,,,,,,,,,,,,,,,,,,,,0,0,0,0,0
24.2192,1783969875.9860,1,2,0.5000,0.4651,1.42233,-0.03163,-2.63743,1.09830,1.57085,0.11671,-0.12757,-0.48152,0.02655,,,,,,,,,,,,,,,,,,,,,,,,,,0,0,0,0,0
24.2196,1783969875.9864,1,2,0.5000,0.4656,1.42233,-0.03163,-2.63743,1.09830,1.57085,0.11671,-0.12757,-0.48152,0.02655,,,,,,,,,,,,,,,,,,,,,,,,,,0,0,0,0,0
24.2273,1783969875.9941,1,2,0.5000,0.4617,1.42233,-0.03163,-2.63743,1.09830,1.57085,0.11671,-0.12757,-0.48152,0.02655,,,,,,,,,,,,,,,,,,,,,,,,,,0,0,0,0,0
24.2277,1783969875.9945,1,2,0.5000,0.4588,1.42233,-0.03163,-2.63743,1.09830,1.57085,0.11671,-0.12757,-0.48152,0.02655,,,,,,,,,,,,,,,,,,,,,,,,,,0,0,0,0,0
24.2331,1783969875.9998,1,2,0.5000,0.4714,1.42233,-0.03163,-2.63743,1.09830,1.57085,0.11671,-0.12757,-0.48152,0.02655,,,,,,,,,,,,,,,,,,,,,,,,,,0,0,0,0,0
24.2501,1783969876.0168,1,2,0.5000,0.4556,1.42233,-0.03163,-2.63743,1.09830,1.57085,0.11671,-0.12757,-0.48152,0.02655,,,,,,,,,,,,,,,,,,,,,,,,,,0,0,0,0,0
24.2507,1783969876.0175,1,2,0.5000,0.4443,1.42233,-0.03163,-2.63743,1.09830,1.57085,0.11671,-0.12757,-0.48152,0.02655,,,,,,,,,,,,,,,,,,,,,,,,,,0,0,0,0,0
24.2521,1783969876.0188,1,2,0.5000,0.4507,1.42233,-0.03163,-2.63743,1.09830,1.57085,0.11671,-0.12757,-0.48152,0.02655,,,,,,,,,,,,,,,,,,,,,,,,,,0,0,0,0,0
24.2523,1783969876.0191,1,2,0.5000,0.4480,1.42233,-0.03163,-2.63743,1.09830,1.57085,0.11671,-0.12757,-0.48152,0.02655,,,,,,,,,,,,,,,,,,,,,,,,,,0,0,0,0,0
24.2743,1783969876.0411,1,2,0.5000,0.4479,1.42233,-0.03163,-2.63743,1.09830,1.57085,0.11671,-0.12757,-0.48152,0.02655,,,,,,,,,,,,,,,,,,,,,,,,,,0,0,0,0,0
24.2748,1783969876.0416,1,2,0.5000,0.4519,1.42233,-0.03163,-2.63743,1.09830,1.57085,0.11671,-0.12757,-0.48152,0.02655,,,,,,,,,,,,,,,,,,,,,,,,,,0,0,0,0,0
24.2751,1783969876.0419,1,2,0.5000,0.4519,1.42233,-0.03163,-2.63743,1.09830,1.57085,0.11671,-0.12757,-0.48152,0.02655,,,,,,,,,,,,,,,,,,,,,,,,,,0,0,0,0,0
24.2843,1783969876.0511,1,2,0.5000,0.4738,1.42233,-0.03163,-2.63743,1.09830,1.57085,0.11671,-0.12757,-0.48152,0.02655,,,,,,,,,,,,,,,,,,,,,,,,,,0,0,0,0,0
24.2847,1783969876.0515,1,2,0.5000,0.4946,1.42233,-0.03163,-2.63743,1.09830,1.57085,0.11671,-0.12757,-0.48152,0.02655,,,,,,,,,,,,,,,,,,,,,,,,,,0,0,0,0,0
24.2935,1783969876.0602,1,2,0.5000,0.4945,1.42233,-0.03163,-2.63743,1.09830,1.57085,0.11671,-0.12757,-0.48152,0.02655,,,,,,,,,,,,,,,,,,,,,,,,,,0,0,0,0,0
24.3055,1783969876.0723,1,2,0.5000,0.5010,1.42233,-0.03163,-2.63743,1.09830,1.57085,0.11671,-0.12757,-0.48152,0.02655,,,,,,,,,,,,,,,,,,,,,,,,,,0,0,0,0,0
24.3140,1783969876.0808,1,2,0.5000,0.4939,1.42233,-0.03163,-2.63743,1.09830,1.57085,0.11671,-0.12757,-0.48152,0.02655,,,,,,,,,,,,,,,,,,,,,,,,,,0,0,0,0,0
24.3310,1783969876.0978,1,2,0.5000,0.4798,1.42233,-0.03163,-2.63743,1.09830,1.57085,0.11671,-0.12757,-0.48152,0.02655,,,,,,,,,,,,,,,,,,,,,,,,,,0,0,0,0,0
24.3344,1783969876.1012,1,2,0.5000,0.4815,1.42233,-0.03163,-2.63743,1.09830,1.57085,0.11671,-0.12757,-0.48152,0.02655,,,,,,,,,,,,,,,,,,,,,,,,,,0,0,0,0,0
24.3430,1783969876.1098,1,2,0.5000,0.4775,1.42233,-0.03163,-2.63743,1.09830,1.57085,0.11671,-0.12757,-0.48152,0.02655,,,,,,,,,,,,,,,,,,,,,,,,,,0,0,0,0,0
24.3434,1783969876.1102,1,2,0.5000,0.4689,1.42233,-0.03163,-2.63743,1.09830,1.57085,0.11671,-0.12757,-0.48152,0.02655,,,,,,,,,,,,,,,,,,,,,,,,,,0,0,0,0,0
24.3580,1783969876.1248,1,2,0.5000,0.4793,1.42233,-0.03163,-2.63743,1.09830,1.57085,0.11671,-0.12757,-0.48152,0.02655,,,,,,,,,,,,,,,,,,,,,,,,,,0,0,0,0,0
24.3584,1783969876.1252,1,2,0.5000,0.4753,1.42233,-0.03163,-2.63743,1.09830,1.57085,0.11671,-0.12757,-0.48152,0.02655,,,,,,,,,,,,,,,,,,,,,,,,,,0,0,0,0,0
24.3635,1783969876.1303,1,2,0.5000,0.4797,1.42233,-0.03163,-2.63743,1.09830,1.57085,0.11671,-0.12757,-0.48152,0.02655,,,,,,,,,,,,,,,,,,,,,,,,,,0,0,0,0,0
24.3875,1783969876.1543,1,2,0.5000,0.4701,1.42233,-0.03163,-2.63743,1.09830,1.57085,0.11671,-0.12757,-0.48152,0.02655,,,,,,,,,,,,,,,,,,,,,,,,,,0,0,0,0,0
24.3959,1783969876.1627,1,2,0.5000,0.4567,1.42233,-0.03163,-2.63743,1.09830,1.57085,0.11671,-0.12757,-0.48152,0.02655,,,,,,,,,,,,,,,,,,,,,,,,,,0,0,0,0,0
24.4044,1783969876.1712,1,2,0.5000,0.4929,1.42233,-0.03163,-2.63743,1.09830,1.57085,0.11671,-0.12757,-0.48152,0.02655,,,,,,,,,,,,,,,,,,,,,,,,,,0,0,0,0,0
24.4139,1783969876.1807,1,2,0.5000,0.5011,1.42233,-0.03163,-2.63743,1.09830,1.57085,0.11671,-0.12757,-0.48152,0.02655,,,,,,,,,,,,,,,,,,,,,,,,,,0,0,0,0,0
24.4256,1783969876.1924,1,2,0.5000,0.5014,1.42233,-0.03163,-2.63743,1.09830,1.57085,0.11671,-0.12757,-0.48152,0.02655,,,,,,,,,,,,,,,,,,,,,,,,,,0,0,0,0,0
24.4350,1783969876.2018,1,2,0.5000,0.4966,1.42233,-0.03163,-2.63743,1.09830,1.57085,0.11671,-0.12757,-0.48152,0.02655,,,,,,,,,,,,,,,,,,,,,,,,,,0,0,0,0,0
24.4441,1783969876.2109,1,2,0.5000,0.4738,1.42233,-0.03163,-2.63743,1.09830,1.57085,0.11671,-0.12757,-0.48152,0.02655,,,,,,,,,,,,,,,,,,,,,,,,,,0,0,0,0,0
24.4555,1783969876.2223,1,2,0.5000,0.4761,1.42233,-0.03163,-2.63743,1.09830,1.57085,0.11671,-0.12757,-0.48152,0.02655,,,,,,,,,,,,,,,,,,,,,,,,,,0,0,0,0,0
24.4560,1783969876.2227,1,2,0.5000,0.4683,1.42233,-0.03163,-2.63743,1.09830,1.57085,0.11671,-0.12757,-0.48152,0.02655,,,,,,,,,,,,,,,,,,,,,,,,,,0,0,0,0,0
24.4645,1783969876.2313,1,2,0.5000,0.4762,1.42233,-0.03163,-2.63743,1.09830,1.57085,0.11671,-0.12757,-0.48152,0.02655,,,,,,,,,,,,,,,,,,,,,,,,,,0,0,0,0,0
24.4770,1783969876.2437,1,2,0.5000,0.4672,1.42233,-0.03163,-2.63743,1.09830,1.57085,0.11671,-0.12757,-0.48152,0.02655,,,,,,,,,,,,,,,,,,,,,,,,,,0,0,0,0,0
24.4933,1783969876.2601,1,2,0.5000,0.4643,1.42233,-0.03163,-2.63743,1.09830,1.57085,0.11671,-0.12757,-0.48152,0.02655,,,,,,,,,,,,,,,,,,,,,,,,,,0,0,0,0,0
24.4971,1783969876.2639,1,2,0.5000,0.4073,1.42233,-0.03163,-2.63743,1.09830,1.57085,0.11671,-0.12757,-0.48152,0.02655,,,,,,,,,,,,,,,,,,,,,,,,,,0,0,0,0,0
24.5023,1783969876.2691,1,2,0.5000,0.4118,1.42233,-0.03163,-2.63743,1.09830,1.57085,0.11671,-0.12757,-0.48152,0.02655,,,,,,,,,,,,,,,,,,,,,,,,,,0,0,0,0,0
24.5032,1783969876.2700,1,2,0.5000,0.4166,1.42233,-0.03163,-2.63743,1.09830,1.57085,0.11671,-0.12757,-0.48152,0.02655,,,,,,,,,,,,,,,,,,,,,,,,,,0,0,0,0,0
24.5190,1783969876.2858,1,2,0.5000,0.4517,1.42233,-0.03163,-2.63743,1.09830,1.57085,0.11671,-0.12757,-0.48152,0.02655,,,,,,,,,,,,,,,,,,,,,,,,,,0,0,0,0,0
24.5309,1783969876.2976,1,2,0.5000,0.4970,1.42233,-0.03163,-2.63743,1.09830,1.57085,0.11671,-0.12757,-0.48152,0.02655,,,,,,,,,,,,,,,,,,,,,,,,,,0,0,0,0,0
24.5311,1783969876.2979,1,2,0.5000,0.4847,1.42233,-0.03163,-2.63743,1.09830,1.57085,0.11671,-0.12757,-0.48152,0.02655,,,,,,,,,,,,,,,,,,,,,,,,,,0,0,0,0,0
24.5459,1783969876.3127,1,2,0.5000,0.5100,1.42233,-0.03163,-2.63743,1.09830,1.57085,0.11671,-0.12757,-0.48152,0.02655,,,,,,,,,,,,,,,,,,,,,,,,,,0,0,0,0,0
24.5463,1783969876.3131,1,2,0.5000,0.4897,1.42233,-0.03163,-2.63743,1.09830,1.57085,0.11671,-0.12757,-0.48152,0.02655,,,,,,,,,,,,,,,,,,,,,,,,,,0,0,0,0,0
24.5588,1783969876.3256,1,2,0.5000,0.5066,1.42233,-0.03163,-2.63743,1.09830,1.57085,0.11671,-0.12757,-0.48152,0.02655,,,,,,,,,,,,,,,,,,,,,,,,,,0,0,0,0,0
24.5639,1783969876.3307,1,2,0.5000,0.4881,1.42233,-0.03163,-2.63743,1.09830,1.57085,0.11671,-0.12757,-0.48152,0.02655,,,,,,,,,,,,,,,,,,,,,,,,,,0,0,0,0,0
24.5642,1783969876.3310,1,2,0.5000,0.4935,1.42233,-0.03163,-2.63743,1.09830,1.57085,0.11671,-0.12757,-0.48152,0.02655,,,,,,,,,,,,,,,,,,,,,,,,,,0,0,0,0,0
24.5829,1783969876.3497,1,2,0.5000,0.4834,1.42233,-0.03163,-2.63743,1.09830,1.57085,0.11671,-0.12757,-0.48152,0.02655,,,,,,,,,,,,,,,,,,,,,,,,,,0,0,0,0,0
24.6044,1783969876.3712,1,2,0.5000,0.4792,1.42233,-0.03163,-2.63743,1.09830,1.57085,0.11671,-0.12757,-0.48152,0.02655,,,,,,,,,,,,,,,,,,,,,,,,,,0,0,0,0,0
24.6110,1783969876.3778,1,2,0.5000,0.4465,1.42233,-0.03163,-2.63743,1.09830,1.57085,0.11671,-0.12757,-0.48152,0.02655,,,,,,,,,,,,,,,,,,,,,,,,,,0,0,0,0,0
24.6211,1783969876.3879,1,2,0.5000,0.4473,1.42233,-0.03163,-2.63743,1.09830,1.57085,0.11671,-0.12757,-0.48152,0.02655,,,,,,,,,,,,,,,,,,,,,,,,,,0,0,0,0,0
24.6215,1783969876.3883,1,2,0.5000,0.4385,1.42233,-0.03163,-2.63743,1.09830,1.57085,0.11671,-0.12757,-0.48152,0.02655,,,,,,,,,,,,,,,,,,,,,,,,,,0,0,0,0,0
24.6310,1783969876.3977,1,2,0.5000,0.4459,1.42233,-0.03163,-2.63743,1.09830,1.57085,0.11671,-0.12757,-0.48152,0.02655,,,,,,,,,,,,,,,,,,,,,,,,,,0,0,0,0,0
24.6444,1783969876.4112,1,2,0.5000,0.4333,1.42233,-0.03163,-2.63743,1.09830,1.57085,0.11671,-0.12757,-0.48152,0.02655,,,,,,,,,,,,,,,,,,,,,,,,,,0,0,0,0,0
24.6474,1783969876.4141,1,2,0.5000,0.4467,1.42233,-0.03163,-2.63743,1.09830,1.57085,0.11671,-0.12757,-0.48152,0.02655,,,,,,,,,,,,,,,,,,,,,,,,,,0,0,0,0,0
24.6477,1783969876.4144,1,2,0.5000,0.4458,1.42233,-0.03163,-2.63743,1.09830,1.57085,0.11671,-0.12757,-0.48152,0.02655,,,,,,,,,,,,,,,,,,,,,,,,,,0,0,0,0,0
24.6509,1783969876.4176,1,2,0.5000,0.4389,1.42233,-0.03163,-2.63743,1.09830,1.57085,0.11671,-0.12757,-0.48152,0.02655,,,,,,,,,,,,,,,,,,,,,,,,,,0,0,0,0,0
24.6557,1783969876.4225,1,2,0.5000,0.4606,1.42233,-0.03163,-2.63743,1.09830,1.57085,0.11671,-0.12757,-0.48152,0.02655,,,,,,,,,,,,,,,,,,,,,,,,,,0,0,0,0,0
24.6560,1783969876.4228,1,2,0.5000,0.4631,1.42233,-0.03163,-2.63743,1.09830,1.57085,0.11671,-0.12757,-0.48152,0.02655,,,,,,,,,,,,,,,,,,,,,,,,,,0,0,0,0,0
24.6628,1783969876.4296,1,2,0.5000,0.4801,1.42233,-0.03163,-2.63743,1.09830,1.57085,0.11671,-0.12757,-0.48152,0.02655,,,,,,,,,,,,,,,,,,,,,,,,,,0,0,0,0,0
24.6631,1783969876.4299,1,2,0.5000,0.4886,1.42233,-0.03163,-2.63743,1.09830,1.57085,0.11671,-0.12757,-0.48152,0.02655,,,,,,,,,,,,,,,,,,,,,,,,,,0,0,0,0,0
24.6753,1783969876.4421,1,2,0.5000,0.4801,1.42233,-0.03163,-2.63743,1.09830,1.57085,0.11671,-0.12757,-0.48152,0.02655,,,,,,,,,,,,,,,,,,,,,,,,,,0,0,0,0,0
24.6756,1783969876.4424,1,2,0.5000,0.4696,1.42233,-0.03163,-2.63743,1.09830,1.57085,0.11671,-0.12757,-0.48152,0.02655,,,,,,,,,,,,,,,,,,,,,,,,,,0,0,0,0,0
24.6937,1783969876.4605,1,2,0.5000,0.4765,1.42233,-0.03163,-2.63743,1.09830,1.57085,0.11671,-0.12757,-0.48152,0.02655,,,,,,,,,,,,,,,,,,,,,,,,,,0,0,0,0,0
24.6939,1783969876.4607,1,2,0.5000,0.4771,1.42233,-0.03163,-2.63743,1.09830,1.57085,0.11671,-0.12757,-0.48152,0.02655,,,,,,,,,,,,,,,,,,,,,,,,,,0,0,0,0,0
24.7049,1783969876.4717,1,2,0.5000,0.4790,1.42233,-0.03163,-2.63743,1.09830,1.57085,0.11671,-0.12757,-0.48152,0.02655,,,,,,,,,,,,,,,,,,,,,,,,,,0,0,0,0,0
24.7259,1783969876.4927,1,2,0.5000,0.4742,1.42233,-0.03163,-2.63743,1.09830,1.57085,0.11671,-0.12757,-0.48152,0.02655,,,,,,,,,,,,,,,,,,,,,,,,,,0,0,0,0,0
24.7269,1783969876.4937,1,2,0.5000,0.4476,1.42233,-0.03163,-2.63743,1.09830,1.57085,0.11671,-0.12757,-0.48152,0.02655,,,,,,,,,,,,,,,,,,,,,,,,,,0,0,0,0,0
24.7398,1783969876.5066,1,2,0.5000,0.4542,1.42233,-0.03163,-2.63743,1.09830,1.57085,0.11671,-0.12757,-0.48152,0.02655,,,,,,,,,,,,,,,,,,,,,,,,,,0,0,0,0,0
24.7434,1783969876.5102,1,2,0.5000,0.4307,1.42233,-0.03163,-2.63743,1.09830,1.57085,0.11671,-0.12757,-0.48152,0.02655,,,,,,,,,,,,,,,,,,,,,,,,,,0,0,0,0,0
24.7437,1783969876.5105,1,2,0.5000,0.4151,1.42233,-0.03163,-2.63743,1.09830,1.57085,0.11671,-0.12757,-0.48152,0.02655,,,,,,,,,,,,,,,,,,,,,,,,,,0,0,0,0,0
24.7681,1783969876.5349,1,2,0.5000,0.4224,1.42233,-0.03163,-2.63743,1.09830,1.57085,0.11671,-0.12757,-0.48152,0.02655,,,,,,,,,,,,,,,,,,,,,,,,,,0,0,0,0,0
24.7789,1783969876.5457,1,2,0.5000,0.4044,1.42233,-0.03163,-2.63743,1.09830,1.57085,0.11671,-0.12757,-0.48152,0.02655,,,,,,,,,,,,,,,,,,,,,,,,,,0,0,0,0,0
24.7792,1783969876.5460,1,2,0.5000,0.4305,1.42233,-0.03163,-2.63743,1.09830,1.57085,0.11671,-0.12757,-0.48152,0.02655,,,,,,,,,,,,,,,,,,,,,,,,,,0,0,0,0,0
24.7873,1783969876.5540,1,2,0.5000,0.4387,1.42233,-0.03163,-2.63743,1.09830,1.57085,0.11671,-0.12757,-0.48152,0.02655,,,,,,,,,,,,,,,,,,,,,,,,,,0,0,0,0,0
24.7877,1783969876.5545,1,2,0.5000,0.4323,1.42233,-0.03163,-2.63743,1.09830,1.57085,0.11671,-0.12757,-0.48152,0.02655,,,,,,,,,,,,,,,,,,,,,,,,,,0,0,0,0,0
24.7966,1783969876.5633,1,2,0.5000,0.4687,1.42233,-0.03163,-2.63743,1.09830,1.57085,0.11671,-0.12757,-0.48152,0.02655,,,,,,,,,,,,,,,,,,,,,,,,,,0,0,0,0,0
24.7998,1783969876.5665,1,2,0.5000,0.4760,1.42233,-0.03163,-2.63743,1.09830,1.57085,0.11671,-0.12757,-0.48152,0.02655,,,,,,,,,,,,,,,,,,,,,,,,,,0,0,0,0,0
24.8041,1783969876.5708,1,2,0.5000,0.5118,1.42233,-0.03163,-2.63743,1.09830,1.57085,0.11671,-0.12757,-0.48152,0.02655,,,,,,,,,,,,,,,,,,,,,,,,,,0,0,0,0,0
24.8044,1783969876.5712,1,2,0.5000,0.5018,1.42233,-0.03163,-2.63743,1.09830,1.57085,0.11671,-0.12757,-0.48152,0.02655,,,,,,,,,,,,,,,,,,,,,,,,,,0,0,0,0,0
24.8148,1783969876.5816,1,2,0.5000,0.4818,1.42233,-0.03163,-2.63743,1.09830,1.57085,0.11671,-0.12757,-0.48152,0.02655,,,,,,,,,,,,,,,,,,,,,,,,,,0,0,0,0,0
24.8275,1783969876.5943,1,2,0.5000,0.4792,1.42233,-0.03163,-2.63743,1.09830,1.57085,0.11671,-0.12757,-0.48152,0.02655,,,,,,,,,,,,,,,,,,,,,,,,,,0,0,0,0,0
24.8389,1783969876.6057,1,2,0.5000,0.4751,1.42233,-0.03163,-2.63743,1.09830,1.57085,0.11671,-0.12757,-0.48152,0.02655,,,,,,,,,,,,,,,,,,,,,,,,,,0,0,0,0,0
24.8555,1783969876.6223,1,2,0.5000,0.4290,1.42233,-0.03163,-2.63743,1.09830,1.57085,0.11671,-0.12757,-0.48152,0.02655,,,,,,,,,,,,,,,,,,,,,,,,,,0,0,0,0,0
24.8578,1783969876.6246,1,2,0.5000,0.4319,1.42233,-0.03163,-2.63743,1.09830,1.57085,0.11671,-0.12757,-0.48152,0.02655,,,,,,,,,,,,,,,,,,,,,,,,,,0,0,0,0,0
24.8581,1783969876.6249,1,2,0.5000,0.4045,1.42233,-0.03163,-2.63743,1.09830,1.57085,0.11671,-0.12757,-0.48152,0.02655,,,,,,,,,,,,,,,,,,,,,,,,,,0,0,0,0,0
24.8679,1783969876.6346,1,2,0.5000,0.4034,1.42233,-0.03163,-2.63743,1.09830,1.57085,0.11671,-0.12757,-0.48152,0.02655,,,,,,,,,,,,,,,,,,,,,,,,,,0,0,0,0,0
24.8683,1783969876.6350,1,2,0.5000,0.4150,1.42233,-0.03163,-2.63743,1.09830,1.57085,0.11671,-0.12757,-0.48152,0.02655,,,,,,,,,,,,,,,,,,,,,,,,,,0,0,0,0,0
24.8726,1783969876.6394,1,2,0.5000,0.4120,1.42233,-0.03163,-2.63743,1.09830,1.57085,0.11671,-0.12757,-0.48152,0.02655,,,,,,,,,,,,,,,,,,,,,,,,,,0,0,0,0,0
24.8879,1783969876.6547,1,2,0.5000,0.4505,1.42233,-0.03163,-2.63743,1.09830,1.57085,0.11671,-0.12757,-0.48152,0.02655,,,,,,,,,,,,,,,,,,,,,,,,,,0,0,0,0,0
24.8951,1783969876.6619,1,2,0.5000,0.4356,1.42233,-0.03163,-2.63743,1.09830,1.57085,0.11671,-0.12757,-0.48152,0.02655,,,,,,,,,,,,,,,,,,,,,,,,,,0,0,0,0,0
24.9348,1783969876.7016,1,2,0.5000,0.4379,1.42233,-0.03163,-2.63743,1.09830,1.57085,0.11671,-0.12757,-0.48152,0.02655,,,,,,,,,,,,,,,,,,,,,,,,,,0,0,0,0,0
24.9444,1783969876.7112,1,2,0.5000,0.4325,1.42233,-0.03163,-2.63743,1.09830,1.57085,0.11671,-0.12757,-0.48152,0.02655,,,,,,,,,,,,,,,,,,,,,,,,,,0,0,0,0,0
24.9454,1783969876.7122,1,2,0.5000,0.4440,1.42233,-0.03163,-2.63743,1.09830,1.57085,0.11671,-0.12757,-0.48152,0.02655,,,,,,,,,,,,,,,,,,,,,,,,,,0,0,0,0,0
24.9514,1783969876.7182,1,2,0.5000,0.4715,1.42233,-0.03163,-2.63743,1.09830,1.57085,0.11671,-0.12757,-0.48152,0.02655,,,,,,,,,,,,,,,,,,,,,,,,,,0,0,0,0,0
24.9531,1783969876.7198,1,2,0.5000,0.5149,1.42233,-0.03163,-2.63743,1.09830,1.57085,0.11671,-0.12757,-0.48152,0.02655,,,,,,,,,,,,,,,,,,,,,,,,,,0,0,0,0,0
24.9555,1783969876.7223,1,2,0.5000,0.5056,1.42233,-0.03163,-2.63743,1.09830,1.57085,0.11671,-0.12757,-0.48152,0.02655,,,,,,,,,,,,,,,,,,,,,,,,,,0,0,0,0,0
24.9558,1783969876.7226,1,2,0.5000,0.5046,1.42233,-0.03163,-2.63743,1.09830,1.57085,0.11671,-0.12757,-0.48152,0.02655,,,,,,,,,,,,,,,,,,,,,,,,,,0,0,0,0,0
24.9571,1783969876.7239,1,2,0.5000,0.5137,1.42233,-0.03163,-2.63743,1.09830,1.57085,0.11671,-0.12757,-0.48152,0.02655,,,,,,,,,,,,,,,,,,,,,,,,,,0,0,0,0,0
24.9573,1783969876.7241,1,2,0.5000,0.5296,1.42233,-0.03163,-2.63743,1.09830,1.57085,0.11671,-0.12757,-0.48152,0.02655,,,,,,,,,,,,,,,,,,,,,,,,,,0,0,0,0,0
24.9711,1783969876.7379,1,2,0.5000,0.5124,1.42233,-0.03163,-2.63743,1.09830,1.57085,0.11671,-0.12757,-0.48152,0.02655,,,,,,,,,,,,,,,,,,,,,,,,,,0,0,0,0,0
24.9769,1783969876.7436,1,2,0.5000,0.4309,1.42233,-0.03163,-2.63743,1.09830,1.57085,0.11671,-0.12757,-0.48152,0.02655,,,,,,,,,,,,,,,,,,,,,,,,,,0,0,0,0,0
24.9995,1783969876.7663,1,2,0.5000,0.4169,1.42233,-0.03163,-2.63743,1.09830,1.57085,0.11671,-0.12757,-0.48152,0.02655,,,,,,,,,,,,,,,,,,,,,,,,,,0,0,0,0,0
25.0040,1783969876.7708,1,2,0.5000,0.3987,1.42233,-0.03163,-2.63743,1.09830,1.57085,0.11671,-0.12757,-0.48152,0.02655,,,,,,,,,,,,,,,,,,,,,,,,,,0,0,0,0,0
25.0043,1783969876.7711,1,2,0.5000,0.3981,1.42233,-0.03163,-2.63743,1.09830,1.57085,0.11671,-0.12757,-0.48152,0.02655,,,,,,,,,,,,,,,,,,,,,,,,,,0,0,0,0,0
25.0091,1783969876.7759,1,2,0.5000,0.4362,1.42233,-0.03163,-2.63743,1.09830,1.57085,0.11671,-0.12757,-0.48152,0.02655,,,,,,,,,,,,,,,,,,,,,,,,,,0,0,0,0,0
25.0137,1783969876.7805,1,2,0.5000,0.4841,1.42233,-0.03163,-2.63743,1.09830,1.57085,0.11671,-0.12757,-0.48152,0.02655,,,,,,,,,,,,,,,,,,,,,,,,,,0,0,0,0,0
25.0287,1783969876.7955,1,2,0.5000,0.4804,1.42233,-0.03163,-2.63743,1.09830,1.57085,0.11671,-0.12757,-0.48152,0.02655,,,,,,,,,,,,,,,,,,,,,,,,,,0,0,0,0,0
25.0327,1783969876.7995,1,2,0.5000,0.4838,1.42233,-0.03163,-2.63743,1.09830,1.57085,0.11671,-0.12757,-0.48152,0.02655,,,,,,,,,,,,,,,,,,,,,,,,,,0,0,0,0,0
25.0485,1783969876.8153,1,2,0.5000,0.4529,1.42233,-0.03163,-2.63743,1.09830,1.57085,0.11671,-0.12757,-0.48152,0.02655,,,,,,,,,,,,,,,,,,,,,,,,,,0,0,0,0,0
25.0523,1783969876.8191,1,2,0.5000,0.4575,1.42233,-0.03163,-2.63743,1.09830,1.57085,0.11671,-0.12757,-0.48152,0.02655,,,,,,,,,,,,,,,,,,,,,,,,,,0,0,0,0,0
25.4108,1783969877.1775,1,2,0.5000,0.4612,1.42233,-0.03163,-2.63743,1.09830,1.57085,0.11671,-0.12757,-0.48152,0.02655,,,,,,,,,,,,,,,,,,,,,,,,,,0,0,0,0,0
25.4762,1783969877.2430,1,2,0.5000,0.4683,1.42233,-0.03163,-2.63743,1.09830,1.57085,0.11671,-0.12757,-0.48152,0.02655,,,,,,,,,,,,,,,,,,,,,,,,,,0,0,0,0,0
25.5017,1783969877.2685,1,2,0.5000,0.4968,1.42233,-0.03163,-2.63743,1.09830,1.57085,0.11671,-0.12757,-0.48152,0.02655,,,,,,,,,,,,,,,,,,,,,,,,,,0,0,0,0,0
25.5123,1783969877.2790,1,2,0.5000,0.4778,1.42233,-0.03163,-2.63743,1.09830,1.57085,0.11671,-0.12757,-0.48152,0.02655,,,,,,,,,,,,,,,,,,,,,,,,,,0,0,0,0,0
25.5154,1783969877.2822,1,2,0.5000,0.4664,1.42233,-0.03163,-2.63743,1.09830,1.57085,0.11671,-0.12757,-0.48152,0.02655,,,,,,,,,,,,,,,,,,,,,,,,,,0,0,0,0,0
25.5163,1783969877.2831,1,2,0.5000,0.4222,1.42233,-0.03163,-2.63743,1.09830,1.57085,0.11671,-0.12757,-0.48152,0.02655,,,,,,,,,,,,,,,,,,,,,,,,,,0,0,0,0,0
25.5167,1783969877.2835,1,2,0.5000,0.4328,1.42233,-0.03163,-2.63743,1.09830,1.57085,0.11671,-0.12757,-0.48152,0.02655,,,,,,,,,,,,,,,,,,,,,,,,,,0,0,0,0,0
25.5231,1783969877.2899,1,2,0.5000,0.4092,1.42233,-0.03163,-2.63743,1.09830,1.57085,0.11671,-0.12757,-0.48152,0.02655,,,,,,,,,,,,,,,,,,,,,,,,,,0,0,0,0,0
25.5302,1783969877.2970,1,2,0.5000,0.4525,1.42233,-0.03163,-2.63743,1.09830,1.57085,0.11671,-0.12757,-0.48152,0.02655,,,,,,,,,,,,,,,,,,,,,,,,,,0,0,0,0,0
25.5410,1783969877.3077,1,2,0.5000,0.4473,1.42233,-0.03163,-2.63743,1.09830,1.57085,0.11671,-0.12757,-0.48152,0.02655,,,,,,,,,,,,,,,,,,,,,,,,,,0,0,0,0,0
25.5477,1783969877.3145,1,2,0.5000,0.4591,1.42233,-0.03163,-2.63743,1.09830,1.57085,0.11671,-0.12757,-0.48152,0.02655,,,,,,,,,,,,,,,,,,,,,,,,,,0,0,0,0,0
25.5495,1783969877.3162,1,2,0.5000,0.4523,1.42233,-0.03163,-2.63743,1.09830,1.57085,0.11671,-0.12757,-0.48152,0.02655,,,,,,,,,,,,,,,,,,,,,,,,,,0,0,0,0,0
25.5498,1783969877.3165,1,2,0.5000,0.4521,1.42233,-0.03163,-2.63743,1.09830,1.57085,0.11671,-0.12757,-0.48152,0.02655,,,,,,,,,,,,,,,,,,,,,,,,,,0,0,0,0,0
25.5520,1783969877.3187,1,2,0.5000,0.4590,1.42233,-0.03163,-2.63743,1.09830,1.57085,0.11671,-0.12757,-0.48152,0.02655,,,,,,,,,,,,,,,,,,,,,,,,,,0,0,0,0,0
25.5522,1783969877.3190,1,2,0.5000,0.4503,1.42233,-0.03163,-2.63743,1.09830,1.57085,0.11671,-0.12757,-0.48152,0.02655,,,,,,,,,,,,,,,,,,,,,,,,,,0,0,0,0,0
25.5595,1783969877.3263,1,2,0.5000,0.4596,1.42233,-0.03163,-2.63743,1.09830,1.57085,0.11671,-0.12757,-0.48152,0.02655,,,,,,,,,,,,,,,,,,,,,,,,,,0,0,0,0,0
25.5597,1783969877.3265,1,2,0.5000,0.4668,1.42233,-0.03163,-2.63743,1.09830,1.57085,0.11671,-0.12757,-0.48152,0.02655,,,,,,,,,,,,,,,,,,,,,,,,,,0,0,0,0,0
25.5735,1783969877.3403,1,2,0.5000,0.4461,1.42233,-0.03163,-2.63743,1.09830,1.57085,0.11671,-0.12757,-0.48152,0.02655,,,,,,,,,,,,,,,,,,,,,,,,,,0,0,0,0,0
25.5815,1783969877.3483,1,2,0.5000,0.4570,1.42233,-0.03163,-2.63743,1.09830,1.57085,0.11671,-0.12757,-0.48152,0.02655,,,,,,,,,,,,,,,,,,,,,,,,,,0,0,0,0,0
25.5827,1783969877.3495,1,2,0.5000,0.4618,1.42233,-0.03163,-2.63743,1.09830,1.57085,0.11671,-0.12757,-0.48152,0.02655,,,,,,,,,,,,,,,,,,,,,,,,,,0,0,0,0,0
25.5829,1783969877.3497,1,2,0.5000,0.4741,1.42233,-0.03163,-2.63743,1.09830,1.57085,0.11671,-0.12757,-0.48152,0.02655,,,,,,,,,,,,,,,,,,,,,,,,,,0,0,0,0,0
25.5835,1783969877.3503,1,2,0.5000,0.4655,1.42233,-0.03163,-2.63743,1.09830,1.57085,0.11671,-0.12757,-0.48152,0.02655,,,,,,,,,,,,,,,,,,,,,,,,,,0,0,0,0,0
25.6035,1783969877.3702,1,2,0.5000,0.4609,1.42233,-0.03163,-2.63743,1.09830,1.57085,0.11671,-0.12757,-0.48152,0.02655,,,,,,,,,,,,,,,,,,,,,,,,,,0,0,0,0,0
25.6037,1783969877.3705,1,2,0.5000,0.4629,1.42233,-0.03163,-2.63743,1.09830,1.57085,0.11671,-0.12757,-0.48152,0.02655,,,,,,,,,,,,,,,,,,,,,,,,,,0,0,0,0,0
25.6180,1783969877.3847,1,2,0.5000,0.4283,1.42233,-0.03163,-2.63743,1.09830,1.57085,0.11671,-0.12757,-0.48152,0.02655,,,,,,,,,,,,,,,,,,,,,,,,,,0,0,0,0,0
25.6190,1783969877.3858,1,2,0.5000,0.4315,1.42233,-0.03163,-2.63743,1.09830,1.57085,0.11671,-0.12757,-0.48152,0.02655,,,,,,,,,,,,,,,,,,,,,,,,,,0,0,0,0,0
25.6220,1783969877.3888,1,2,0.5000,0.4242,1.42233,-0.03163,-2.63743,1.09830,1.57085,0.11671,-0.12757,-0.48152,0.02655,,,,,,,,,,,,,,,,,,,,,,,,,,0,0,0,0,0
25.6223,1783969877.3891,1,2,0.5000,0.4382,1.42233,-0.03163,-2.63743,1.09830,1.57085,0.11671,-0.12757,-0.48152,0.02655,,,,,,,,,,,,,,,,,,,,,,,,,,0,0,0,0,0
25.6232,1783969877.3900,1,2,0.5000,0.4719,1.42233,-0.03163,-2.63743,1.09830,1.57085,0.11671,-0.12757,-0.48152,0.02655,,,,,,,,,,,,,,,,,,,,,,,,,,0,0,0,0,0
25.6236,1783969877.3904,1,2,0.5000,0.4754,1.42233,-0.03163,-2.63743,1.09830,1.57085,0.11671,-0.12757,-0.48152,0.02655,,,,,,,,,,,,,,,,,,,,,,,,,,0,0,0,0,0
25.6238,1783969877.3906,1,2,0.5000,0.4544,1.42233,-0.03163,-2.63743,1.09830,1.57085,0.11671,-0.12757,-0.48152,0.02655,,,,,,,,,,,,,,,,,,,,,,,,,,0,0,0,0,0
25.6371,1783969877.4039,1,2,0.5000,0.4259,1.42233,-0.03163,-2.63743,1.09830,1.57085,0.11671,-0.12757,-0.48152,0.02655,,,,,,,,,,,,,,,,,,,,,,,,,,0,0,0,0,0
25.6379,1783969877.4046,1,2,0.5000,0.4407,1.42233,-0.03163,-2.63743,1.09830,1.57085,0.11671,-0.12757,-0.48152,0.02655,,,,,,,,,,,,,,,,,,,,,,,,,,0,0,0,0,0
25.6383,1783969877.4051,1,2,0.5000,0.4377,1.42233,-0.03163,-2.63743,1.09830,1.57085,0.11671,-0.12757,-0.48152,0.02655,,,,,,,,,,,,,,,,,,,,,,,,,,0,0,0,0,0
25.6424,1783969877.4091,1,2,0.5000,0.4398,1.42233,-0.03163,-2.63743,1.09830,1.57085,0.11671,-0.12757,-0.48152,0.02655,,,,,,,,,,,,,,,,,,,,,,,,,,0,0,0,0,0
25.6429,1783969877.4097,1,2,0.5000,0.4416,1.42233,-0.03163,-2.63743,1.09830,1.57085,0.11671,-0.12757,-0.48152,0.02655,,,,,,,,,,,,,,,,,,,,,,,,,,0,0,0,0,0
25.6460,1783969877.4127,1,2,0.5000,0.4283,1.42233,-0.03163,-2.63743,1.09830,1.57085,0.11671,-0.12757,-0.48152,0.02655,,,,,,,,,,,,,,,,,,,,,,,,,,0,0,0,0,0
25.6468,1783969877.4136,1,2,0.5000,0.4182,1.42233,-0.03163,-2.63743,1.09830,1.57085,0.11671,-0.12757,-0.48152,0.02655,,,,,,,,,,,,,,,,,,,,,,,,,,0,0,0,0,0
25.6511,1783969877.4179,1,2,0.5000,0.3762,1.42233,-0.03163,-2.63743,1.09830,1.57085,0.11671,-0.12757,-0.48152,0.02655,,,,,,,,,,,,,,,,,,,,,,,,,,0,0,0,0,0
25.6543,1783969877.4211,1,2,0.5000,0.3766,1.42233,-0.03163,-2.63743,1.09830,1.57085,0.11671,-0.12757,-0.48152,0.02655,,,,,,,,,,,,,,,,,,,,,,,,,,0,0,0,0,0
25.6551,1783969877.4219,1,2,0.5000,0.4113,1.42233,-0.03163,-2.63743,1.09830,1.57085,0.11671,-0.12757,-0.48152,0.02655,,,,,,,,,,,,,,,,,,,,,,,,,,0,0,0,0,0
25.6660,1783969877.4327,1,2,0.5000,0.4231,1.42233,-0.03163,-2.63743,1.09830,1.57085,0.11671,-0.12757,-0.48152,0.02655,,,,,,,,,,,,,,,,,,,,,,,,,,0,0,0,0,0
25.6667,1783969877.4335,1,2,0.5000,0.4629,1.42233,-0.03163,-2.63743,1.09830,1.57085,0.11671,-0.12757,-0.48152,0.02655,,,,,,,,,,,,,,,,,,,,,,,,,,0,0,0,0,0
25.6684,1783969877.4351,1,2,0.5000,0.4518,1.42233,-0.03163,-2.63743,1.09830,1.57085,0.11671,-0.12757,-0.48152,0.02655,,,,,,,,,,,,,,,,,,,,,,,,,,0,0,0,0,0
25.6688,1783969877.4356,1,2,0.5000,0.4591,1.42233,-0.03163,-2.63743,1.09830,1.57085,0.11671,-0.12757,-0.48152,0.02655,,,,,,,,,,,,,,,,,,,,,,,,,,0,0,0,0,0
25.6694,1783969877.4362,1,2,0.5000,0.4574,1.42233,-0.03163,-2.63743,1.09830,1.57085,0.11671,-0.12757,-0.48152,0.02655,,,,,,,,,,,,,,,,,,,,,,,,,,0,0,0,0,0
25.6702,1783969877.4369,1,2,0.5000,0.4284,1.42233,-0.03163,-2.63743,1.09830,1.57085,0.11671,-0.12757,-0.48152,0.02655,,,,,,,,,,,,,,,,,,,,,,,,,,0,0,0,0,0
25.6709,1783969877.4377,1,2,0.5000,0.4174,1.42233,-0.03163,-2.63743,1.09830,1.57085,0.11671,-0.12757,-0.48152,0.02655,,,,,,,,,,,,,,,,,,,,,,,,,,0,0,0,0,0
25.6723,1783969877.4391,1,2,0.5000,0.4091,1.42233,-0.03163,-2.63743,1.09830,1.57085,0.11671,-0.12757,-0.48152,0.02655,,,,,,,,,,,,,,,,,,,,,,,,,,0,0,0,0,0
25.6727,1783969877.4395,1,2,0.5000,0.4185,1.42233,-0.03163,-2.63743,1.09830,1.57085,0.11671,-0.12757,-0.48152,0.02655,,,,,,,,,,,,,,,,,,,,,,,,,,0,0,0,0,0
25.6741,1783969877.4409,1,2,0.5000,0.4327,1.42233,-0.03163,-2.63743,1.09830,1.57085,0.11671,-0.12757,-0.48152,0.02655,,,,,,,,,,,,,,,,,,,,,,,,,,0,0,0,0,0
25.6749,1783969877.4417,1,2,0.5000,0.4378,1.42233,-0.03163,-2.63743,1.09830,1.57085,0.11671,-0.12757,-0.48152,0.02655,,,,,,,,,,,,,,,,,,,,,,,,,,0,0,0,0,0
25.6800,1783969877.4467,1,2,0.5000,0.4600,1.42233,-0.03163,-2.63743,1.09830,1.57085,0.11671,-0.12757,-0.48152,0.02655,,,,,,,,,,,,,,,,,,,,,,,,,,0,0,0,0,0
25.6804,1783969877.4472,1,2,0.5000,0.4605,1.42233,-0.03163,-2.63743,1.09830,1.57085,0.11671,-0.12757,-0.48152,0.02655,,,,,,,,,,,,,,,,,,,,,,,,,,0,0,0,0,0
25.6843,1783969877.4511,1,2,0.5000,0.4585,1.42233,-0.03163,-2.63743,1.09830,1.57085,0.11671,-0.12757,-0.48152,0.02655,,,,,,,,,,,,,,,,,,,,,,,,,,0,0,0,0,0
25.6931,1783969877.4599,1,2,0.5000,0.4601,1.42233,-0.03163,-2.63743,1.09830,1.57085,0.11671,-0.12757,-0.48152,0.02655,,,,,,,,,,,,,,,,,,,,,,,,,,0,0,0,0,0
25.6934,1783969877.4602,1,2,0.5000,0.4449,1.42233,-0.03163,-2.63743,1.09830,1.57085,0.11671,-0.12757,-0.48152,0.02655,,,,,,,,,,,,,,,,,,,,,,,,,,0,0,0,0,0
25.6937,1783969877.4605,1,2,0.5000,0.4383,1.42233,-0.03163,-2.63743,1.09830,1.57085,0.11671,-0.12757,-0.48152,0.02655,,,,,,,,,,,,,,,,,,,,,,,,,,0,0,0,0,0
25.6940,1783969877.4608,1,2,0.5000,0.4431,1.42233,-0.03163,-2.63743,1.09830,1.57085,0.11671,-0.12757,-0.48152,0.02655,,,,,,,,,,,,,,,,,,,,,,,,,,0,0,0,0,0
25.6989,1783969877.4656,1,2,0.5000,0.4381,1.42233,-0.03163,-2.63743,1.09830,1.57085,0.11671,-0.12757,-0.48152,0.02655,,,,,,,,,,,,,,,,,,,,,,,,,,0,0,0,0,0
25.7189,1783969877.4857,1,2,0.5000,0.4414,1.42233,-0.03163,-2.63743,1.09830,1.57085,0.11671,-0.12757,-0.48152,0.02655,,,,,,,,,,,,,,,,,,,,,,,,,,0,0,0,0,0
25.7238,1783969877.4905,1,2,0.5000,0.4373,1.42233,-0.03163,-2.63743,1.09830,1.57085,0.11671,-0.12757,-0.48152,0.02655,,,,,,,,,,,,,,,,,,,,,,,,,,0,0,0,0,0
25.7240,1783969877.4908,1,2,0.5000,0.4223,1.42233,-0.03163,-2.63743,1.09830,1.57085,0.11671,-0.12757,-0.48152,0.02655,,,,,,,,,,,,,,,,,,,,,,,,,,0,0,0,0,0
25.7290,1783969877.4958,1,2,0.5000,0.4291,1.42233,-0.03163,-2.63743,1.09830,1.57085,0.11671,-0.12757,-0.48152,0.02655,,,,,,,,,,,,,,,,,,,,,,,,,,0,0,0,0,0
25.7295,1783969877.4962,1,2,0.5000,0.4238,1.42233,-0.03163,-2.63743,1.09830,1.57085,0.11671,-0.12757,-0.48152,0.02655,,,,,,,,,,,,,,,,,,,,,,,,,,0,0,0,0,0
25.7309,1783969877.4977,1,2,0.5000,0.4177,1.42233,-0.03163,-2.63743,1.09830,1.57085,0.11671,-0.12757,-0.48152,0.02655,,,,,,,,,,,,,,,,,,,,,,,,,,0,0,0,0,0
25.7391,1783969877.5059,1,2,0.5000,0.4188,1.42233,-0.03163,-2.63743,1.09830,1.57085,0.11671,-0.12757,-0.48152,0.02655,,,,,,,,,,,,,,,,,,,,,,,,,,0,0,0,0,0
25.7396,1783969877.5064,1,2,0.5000,0.4191,1.42233,-0.03163,-2.63743,1.09830,1.57085,0.11671,-0.12757,-0.48152,0.02655,,,,,,,,,,,,,,,,,,,,,,,,,,0,0,0,0,0
25.7401,1783969877.5069,1,2,0.5000,0.4708,1.42233,-0.03163,-2.63743,1.09830,1.57085,0.11671,-0.12757,-0.48152,0.02655,,,,,,,,,,,,,,,,,,,,,,,,,,0,0,0,0,0
25.7478,1783969877.5146,1,2,0.5000,0.4808,1.42233,-0.03163,-2.63743,1.09830,1.57085,0.11671,-0.12757,-0.48152,0.02655,,,,,,,,,,,,,,,,,,,,,,,,,,0,0,0,0,0
25.7481,1783969877.5149,1,2,0.5000,0.4724,1.42233,-0.03163,-2.63743,1.09830,1.57085,0.11671,-0.12757,-0.48152,0.02655,,,,,,,,,,,,,,,,,,,,,,,,,,0,0,0,0,0
25.7484,1783969877.5152,1,2,0.5000,0.4556,1.42233,-0.03163,-2.63743,1.09830,1.57085,0.11671,-0.12757,-0.48152,0.02655,,,,,,,,,,,,,,,,,,,,,,,,,,0,0,0,0,0
25.7516,1783969877.5184,1,2,0.5000,0.4305,1.42233,-0.03163,-2.63743,1.09830,1.57085,0.11671,-0.12757,-0.48152,0.02655,,,,,,,,,,,,,,,,,,,,,,,,,,0,0,0,0,0
25.7663,1783969877.5331,1,2,0.5000,0.4151,1.42233,-0.03163,-2.63743,1.09830,1.57085,0.11671,-0.12757,-0.48152,0.02655,,,,,,,,,,,,,,,,,,,,,,,,,,0,0,0,0,0
25.7680,1783969877.5348,1,2,0.5000,0.4428,1.42233,-0.03163,-2.63743,1.09830,1.57085,0.11671,-0.12757,-0.48152,0.02655,,,,,,,,,,,,,,,,,,,,,,,,,,0,0,0,0,0
25.7683,1783969877.5351,1,2,0.5000,0.4497,1.42233,-0.03163,-2.63743,1.09830,1.57085,0.11671,-0.12757,-0.48152,0.02655,,,,,,,,,,,,,,,,,,,,,,,,,,0,0,0,0,0
25.7709,1783969877.5377,1,2,0.5000,0.4685,1.42233,-0.03163,-2.63743,1.09830,1.57085,0.11671,-0.12757,-0.48152,0.02655,,,,,,,,,,,,,,,,,,,,,,,,,,0,0,0,0,0
25.7719,1783969877.5387,1,2,0.5000,0.4536,1.42233,-0.03163,-2.63743,1.09830,1.57085,0.11671,-0.12757,-0.48152,0.02655,,,,,,,,,,,,,,,,,,,,,,,,,,0,0,0,0,0
25.7737,1783969877.5404,1,2,0.5000,0.4414,1.42233,-0.03163,-2.63743,1.09830,1.57085,0.11671,-0.12757,-0.48152,0.02655,,,,,,,,,,,,,,,,,,,,,,,,,,0,0,0,0,0
25.7790,1783969877.5458,1,2,0.5000,0.4285,1.42233,-0.03163,-2.63743,1.09830,1.57085,0.11671,-0.12757,-0.48152,0.02655,,,,,,,,,,,,,,,,,,,,,,,,,,0,0,0,0,0
25.7793,1783969877.5461,1,2,0.5000,0.4308,1.42233,-0.03163,-2.63743,1.09830,1.57085,0.11671,-0.12757,-0.48152,0.02655,,,,,,,,,,,,,,,,,,,,,,,,,,0,0,0,0,0
25.7876,1783969877.5543,1,2,0.5000,0.4093,1.42233,-0.03163,-2.63743,1.09830,1.57085,0.11671,-0.12757,-0.48152,0.02655,,,,,,,,,,,,,,,,,,,,,,,,,,0,0,0,0,0
25.7893,1783969877.5561,1,2,0.5000,0.4538,1.42233,-0.03163,-2.63743,1.09830,1.57085,0.11671,-0.12757,-0.48152,0.02655,,,,,,,,,,,,,,,,,,,,,,,,,,0,0,0,0,0
25.7982,1783969877.5650,1,2,0.5000,0.4621,1.42233,-0.03163,-2.63743,1.09830,1.57085,0.11671,-0.12757,-0.48152,0.02655,,,,,,,,,,,,,,,,,,,,,,,,,,0,0,0,0,0
25.8078,1783969877.5746,1,2,0.5000,0.4493,1.42233,-0.03163,-2.63743,1.09830,1.57085,0.11671,-0.12757,-0.48152,0.02655,,,,,,,,,,,,,,,,,,,,,,,,,,0,0,0,0,0
25.8378,1783969877.6046,1,2,0.5000,0.4500,1.42233,-0.03163,-2.63743,1.09830,1.57085,0.11671,-0.12757,-0.48152,0.02655,,,,,,,,,,,,,,,,,,,,,,,,,,0,0,0,0,0
25.8399,1783969877.6067,1,2,0.5000,0.4173,1.42233,-0.03163,-2.63743,1.09830,1.57085,0.11671,-0.12757,-0.48152,0.02655,,,,,,,,,,,,,,,,,,,,,,,,,,0,0,0,0,0
25.8429,1783969877.6097,1,2,0.5000,0.4244,1.42233,-0.03163,-2.63743,1.09830,1.57085,0.11671,-0.12757,-0.48152,0.02655,,,,,,,,,,,,,,,,,,,,,,,,,,0,0,0,0,0
25.8433,1783969877.6100,1,2,0.5000,0.4279,1.42233,-0.03163,-2.63743,1.09830,1.57085,0.11671,-0.12757,-0.48152,0.02655,,,,,,,,,,,,,,,,,,,,,,,,,,0,0,0,0,0
25.8510,1783969877.6178,1,2,0.5000,0.4222,1.42233,-0.03163,-2.63743,1.09830,1.57085,0.11671,-0.12757,-0.48152,0.02655,,,,,,,,,,,,,,,,,,,,,,,,,,0,0,0,0,0
25.8514,1783969877.6182,1,2,0.5000,0.4211,1.42233,-0.03163,-2.63743,1.09830,1.57085,0.11671,-0.12757,-0.48152,0.02655,,,,,,,,,,,,,,,,,,,,,,,,,,0,0,0,0,0
25.8627,1783969877.6295,1,2,0.5000,0.4277,1.42233,-0.03163,-2.63743,1.09830,1.57085,0.11671,-0.12757,-0.48152,0.02655,,,,,,,,,,,,,,,,,,,,,,,,,,0,0,0,0,0
25.8672,1783969877.6340,1,2,0.5000,0.4300,1.42233,-0.03163,-2.63743,1.09830,1.57085,0.11671,-0.12757,-0.48152,0.02655,,,,,,,,,,,,,,,,,,,,,,,,,,0,0,0,0,0
25.8676,1783969877.6344,1,2,0.5000,0.4325,1.42233,-0.03163,-2.63743,1.09830,1.57085,0.11671,-0.12757,-0.48152,0.02655,,,,,,,,,,,,,,,,,,,,,,,,,,0,0,0,0,0
25.8784,1783969877.6452,1,2,0.5000,0.4084,1.42233,-0.03163,-2.63743,1.09830,1.57085,0.11671,-0.12757,-0.48152,0.02655,,,,,,,,,,,,,,,,,,,,,,,,,,0,0,0,0,0
25.8936,1783969877.6604,1,2,0.5000,0.3996,1.42233,-0.03163,-2.63743,1.09830,1.57085,0.11671,-0.12757,-0.48152,0.02655,,,,,,,,,,,,,,,,,,,,,,,,,,0,0,0,0,0
25.8960,1783969877.6628,1,2,0.5000,0.3793,1.42233,-0.03163,-2.63743,1.09830,1.57085,0.11671,-0.12757,-0.48152,0.02655,,,,,,,,,,,,,,,,,,,,,,,,,,0,0,0,0,0
25.8963,1783969877.6631,1,2,0.5000,0.3929,1.42233,-0.03163,-2.63743,1.09830,1.57085,0.11671,-0.12757,-0.48152,0.02655,,,,,,,,,,,,,,,,,,,,,,,,,,0,0,0,0,0
25.9128,1783969877.6796,1,2,0.5000,0.3866,1.42233,-0.03163,-2.63743,1.09830,1.57085,0.11671,-0.12757,-0.48152,0.02655,,,,,,,,,,,,,,,,,,,,,,,,,,0,0,0,0,0
25.9233,1783969877.6901,1,2,0.5000,0.4102,1.42233,-0.03163,-2.63743,1.09830,1.57085,0.11671,-0.12757,-0.48152,0.02655,,,,,,,,,,,,,,,,,,,,,,,,,,0,0,0,0,0
25.9236,1783969877.6904,1,2,0.5000,0.4327,1.42233,-0.03163,-2.63743,1.09830,1.57085,0.11671,-0.12757,-0.48152,0.02655,,,,,,,,,,,,,,,,,,,,,,,,,,0,0,0,0,0
25.9280,1783969877.6947,1,2,0.5000,0.4125,1.42233,-0.03163,-2.63743,1.09830,1.57085,0.11671,-0.12757,-0.48152,0.02655,,,,,,,,,,,,,,,,,,,,,,,,,,0,0,0,0,0
25.9358,1783969877.7025,1,2,0.5000,0.4482,1.42233,-0.03163,-2.63743,1.09830,1.57085,0.11671,-0.12757,-0.48152,0.02655,,,,,,,,,,,,,,,,,,,,,,,,,,0,0,0,0,0
25.9362,1783969877.7030,1,2,0.5000,0.4444,1.42233,-0.03163,-2.63743,1.09830,1.57085,0.11671,-0.12757,-0.48152,0.02655,,,,,,,,,,,,,,,,,,,,,,,,,,0,0,0,0,0
25.9512,1783969877.7180,1,2,0.5000,0.4391,1.42233,-0.03163,-2.63743,1.09830,1.57085,0.11671,-0.12757,-0.48152,0.02655,,,,,,,,,,,,,,,,,,,,,,,,,,0,0,0,0,0
25.9516,1783969877.7184,1,2,0.5000,0.4527,1.42233,-0.03163,-2.63743,1.09830,1.57085,0.11671,-0.12757,-0.48152,0.02655,,,,,,,,,,,,,,,,,,,,,,,,,,0,0,0,0,0
25.9629,1783969877.7297,1,2,0.5000,0.4427,1.42233,-0.03163,-2.63743,1.09830,1.57085,0.11671,-0.12757,-0.48152,0.02655,,,,,,,,,,,,,,,,,,,,,,,,,,0,0,0,0,0
25.9698,1783969877.7366,1,2,0.5000,0.4692,1.42233,-0.03163,-2.63743,1.09830,1.57085,0.11671,-0.12757,-0.48152,0.02655,,,,,,,,,,,,,,,,,,,,,,,,,,0,0,0,0,0
25.9781,1783969877.7449,1,2,0.5000,0.4439,1.42233,-0.03163,-2.63743,1.09830,1.57085,0.11671,-0.12757,-0.48152,0.02655,,,,,,,,,,,,,,,,,,,,,,,,,,0,0,0,0,0
25.9897,1783969877.7565,1,2,0.5000,0.4345,1.42233,-0.03163,-2.63743,1.09830,1.57085,0.11671,-0.12757,-0.48152,0.02655,,,,,,,,,,,,,,,,,,,,,,,,,,0,0,0,0,0
25.9978,1783969877.7646,1,2,0.5000,0.4239,1.42233,-0.03163,-2.63743,1.09830,1.57085,0.11671,-0.12757,-0.48152,0.02655,,,,,,,,,,,,,,,,,,,,,,,,,,0,0,0,0,0
26.0174,1783969877.7842,1,2,0.5000,0.4183,1.42233,-0.03163,-2.63743,1.09830,1.57085,0.11671,-0.12757,-0.48152,0.02655,,,,,,,,,,,,,,,,,,,,,,,,,,0,0,0,0,0
26.0216,1783969877.7883,1,2,0.5000,0.4333,1.42233,-0.03163,-2.63743,1.09830,1.57085,0.11671,-0.12757,-0.48152,0.02655,,,,,,,,,,,,,,,,,,,,,,,,,,0,0,0,0,0
26.0260,1783969877.7928,1,2,0.5000,0.4263,1.42233,-0.03163,-2.63743,1.09830,1.57085,0.11671,-0.12757,-0.48152,0.02655,,,,,,,,,,,,,,,,,,,,,,,,,,0,0,0,0,0
26.0435,1783969877.8103,1,2,0.5000,0.4038,1.42233,-0.03163,-2.63743,1.09830,1.57085,0.11671,-0.12757,-0.48152,0.02655,,,,,,,,,,,,,,,,,,,,,,,,,,0,0,0,0,0
26.0541,1783969877.8208,1,2,0.5000,0.3953,1.42233,-0.03163,-2.63743,1.09830,1.57085,0.11671,-0.12757,-0.48152,0.02655,,,,,,,,,,,,,,,,,,,,,,,,,,0,0,0,0,0
26.0545,1783969877.8212,1,2,0.5000,0.3991,1.42233,-0.03163,-2.63743,1.09830,1.57085,0.11671,-0.12757,-0.48152,0.02655,,,,,,,,,,,,,,,,,,,,,,,,,,0,0,0,0,0
26.0610,1783969877.8278,1,2,0.5000,0.4152,1.42233,-0.03163,-2.63743,1.09830,1.57085,0.11671,-0.12757,-0.48152,0.02655,,,,,,,,,,,,,,,,,,,,,,,,,,0,0,0,0,0
26.0716,1783969877.8384,1,2,0.5000,0.4284,1.42233,-0.03163,-2.63743,1.09830,1.57085,0.11671,-0.12757,-0.48152,0.02655,,,,,,,,,,,,,,,,,,,,,,,,,,0,0,0,0,0
26.0719,1783969877.8386,1,2,0.5000,0.4381,1.42233,-0.03163,-2.63743,1.09830,1.57085,0.11671,-0.12757,-0.48152,0.02655,,,,,,,,,,,,,,,,,,,,,,,,,,0,0,0,0,0
26.0783,1783969877.8451,1,2,0.5000,0.4316,1.42233,-0.03163,-2.63743,1.09830,1.57085,0.11671,-0.12757,-0.48152,0.02655,,,,,,,,,,,,,,,,,,,,,,,,,,0,0,0,0,0
26.0887,1783969877.8555,1,2,0.5000,0.4380,1.42233,-0.03163,-2.63743,1.09830,1.57085,0.11671,-0.12757,-0.48152,0.02655,,,,,,,,,,,,,,,,,,,,,,,,,,0,0,0,0,0
26.0993,1783969877.8661,1,2,0.5000,0.4238,1.42233,-0.03163,-2.63743,1.09830,1.57085,0.11671,-0.12757,-0.48152,0.02655,,,,,,,,,,,,,,,,,,,,,,,,,,0,0,0,0,0
26.1094,1783969877.8761,1,2,0.5000,0.3984,1.42233,-0.03163,-2.63743,1.09830,1.57085,0.11671,-0.12757,-0.48152,0.02655,,,,,,,,,,,,,,,,,,,,,,,,,,0,0,0,0,0
26.1098,1783969877.8766,1,2,0.5000,0.3702,1.42233,-0.03163,-2.63743,1.09830,1.57085,0.11671,-0.12757,-0.48152,0.02655,,,,,,,,,,,,,,,,,,,,,,,,,,0,0,0,0,0
26.1190,1783969877.8858,1,2,0.5000,0.3902,1.42233,-0.03163,-2.63743,1.09830,1.57085,0.11671,-0.12757,-0.48152,0.02655,,,,,,,,,,,,,,,,,,,,,,,,,,0,0,0,0,0
26.1198,1783969877.8866,1,2,0.5000,0.3989,1.42233,-0.03163,-2.63743,1.09830,1.57085,0.11671,-0.12757,-0.48152,0.02655,,,,,,,,,,,,,,,,,,,,,,,,,,0,0,0,0,0
26.1297,1783969877.8965,1,2,0.5000,0.4058,1.42233,-0.03163,-2.63743,1.09830,1.57085,0.11671,-0.12757,-0.48152,0.02655,,,,,,,,,,,,,,,,,,,,,,,,,,0,0,0,0,0
26.1372,1783969877.9039,1,2,0.5000,0.4141,1.42233,-0.03163,-2.63743,1.09830,1.57085,0.11671,-0.12757,-0.48152,0.02655,,,,,,,,,,,,,,,,,,,,,,,,,,0,0,0,0,0
26.1472,1783969877.9139,1,2,0.5000,0.4137,1.42233,-0.03163,-2.63743,1.09830,1.57085,0.11671,-0.12757,-0.48152,0.02655,,,,,,,,,,,,,,,,,,,,,,,,,,0,0,0,0,0
26.1602,1783969877.9270,1,2,0.5000,0.4249,1.42233,-0.03163,-2.63743,1.09830,1.57085,0.11671,-0.12757,-0.48152,0.02655,,,,,,,,,,,,,,,,,,,,,,,,,,0,0,0,0,0
26.1744,1783969877.9412,1,2,0.5000,0.4244,1.42233,-0.03163,-2.63743,1.09830,1.57085,0.11671,-0.12757,-0.48152,0.02655,,,,,,,,,,,,,,,,,,,,,,,,,,0,0,0,0,0
26.1807,1783969877.9475,1,2,0.5000,0.3988,1.42233,-0.03163,-2.63743,1.09830,1.57085,0.11671,-0.12757,-0.48152,0.02655,,,,,,,,,,,,,,,,,,,,,,,,,,0,0,0,0,0
26.1855,1783969877.9523,1,2,0.5000,0.4116,1.42233,-0.03163,-2.63743,1.09830,1.57085,0.11671,-0.12757,-0.48152,0.02655,,,,,,,,,,,,,,,,,,,,,,,,,,0,0,0,0,0
26.1861,1783969877.9528,1,2,0.5000,0.4226,1.42233,-0.03163,-2.63743,1.09830,1.57085,0.11671,-0.12757,-0.48152,0.02655,,,,,,,,,,,,,,,,,,,,,,,,,,0,0,0,0,0
26.1960,1783969877.9628,1,2,0.5000,0.4372,1.42233,-0.03163,-2.63743,1.09830,1.57085,0.11671,-0.12757,-0.48152,0.02655,,,,,,,,,,,,,,,,,,,,,,,,,,0,0,0,0,0
26.2070,1783969877.9738,1,2,0.5000,0.4492,1.42233,-0.03163,-2.63743,1.09830,1.57085,0.11671,-0.12757,-0.48152,0.02655,,,,,,,,,,,,,,,,,,,,,,,,,,0,0,0,0,0
26.2194,1783969877.9862,1,2,0.5000,0.4517,1.42233,-0.03163,-2.63743,1.09830,1.57085,0.11671,-0.12757,-0.48152,0.02655,,,,,,,,,,,,,,,,,,,,,,,,,,0,0,0,0,0
26.2279,1783969877.9947,1,2,0.5000,0.4273,1.42233,-0.03163,-2.63743,1.09830,1.57085,0.11671,-0.12757,-0.48152,0.02655,,,,,,,,,,,,,,,,,,,,,,,,,,0,0,0,0,0
26.2371,1783969878.0039,1,2,0.5000,0.4311,1.42233,-0.03163,-2.63743,1.09830,1.57085,0.11671,-0.12757,-0.48152,0.02655,,,,,,,,,,,,,,,,,,,,,,,,,,0,0,0,0,0
26.2471,1783969878.0139,1,2,0.5000,0.4354,1.42233,-0.03163,-2.63743,1.09830,1.57085,0.11671,-0.12757,-0.48152,0.02655,,,,,,,,,,,,,,,,,,,,,,,,,,0,0,0,0,0
26.2565,1783969878.0233,1,2,0.5000,0.4410,1.42233,-0.03163,-2.63743,1.09830,1.57085,0.11671,-0.12757,-0.48152,0.02655,,,,,,,,,,,,,,,,,,,,,,,,,,0,0,0,0,0
26.2711,1783969878.0378,1,2,0.5000,0.4563,1.42233,-0.03163,-2.63743,1.09830,1.57085,0.11671,-0.12757,-0.48152,0.02655,,,,,,,,,,,,,,,,,,,,,,,,,,0,0,0,0,0
26.2713,1783969878.0381,1,2,0.5000,0.4557,1.42233,-0.03163,-2.63743,1.09830,1.57085,0.11671,-0.12757,-0.48152,0.02655,,,,,,,,,,,,,,,,,,,,,,,,,,0,0,0,0,0
26.2790,1783969878.0458,1,2,0.5000,0.4448,1.42233,-0.03163,-2.63743,1.09830,1.57085,0.11671,-0.12757,-0.48152,0.02655,,,,,,,,,,,,,,,,,,,,,,,,,,0,0,0,0,0
26.2794,1783969878.0462,1,2,0.5000,0.4364,1.42233,-0.03163,-2.63743,1.09830,1.57085,0.11671,-0.12757,-0.48152,0.02655,,,,,,,,,,,,,,,,,,,,,,,,,,0,0,0,0,0
26.2882,1783969878.0550,1,2,0.5000,0.4128,1.42233,-0.03163,-2.63743,1.09830,1.57085,0.11671,-0.12757,-0.48152,0.02655,,,,,,,,,,,,,,,,,,,,,,,,,,0,0,0,0,0
26.2884,1783969878.0552,1,2,0.5000,0.4028,1.42233,-0.03163,-2.63743,1.09830,1.57085,0.11671,-0.12757,-0.48152,0.02655,,,,,,,,,,,,,,,,,,,,,,,,,,0,0,0,0,0
26.2980,1783969878.0648,1,2,0.5000,0.4004,1.42233,-0.03163,-2.63743,1.09830,1.57085,0.11671,-0.12757,-0.48152,0.02655,,,,,,,,,,,,,,,,,,,,,,,,,,0,0,0,0,0
26.2983,1783969878.0651,1,2,0.5000,0.4102,1.42233,-0.03163,-2.63743,1.09830,1.57085,0.11671,-0.12757,-0.48152,0.02655,,,,,,,,,,,,,,,,,,,,,,,,,,0,0,0,0,0
26.3133,1783969878.0801,1,2,0.5000,0.4207,1.42233,-0.03163,-2.63743,1.09830,1.57085,0.11671,-0.12757,-0.48152,0.02655,,,,,,,,,,,,,,,,,,,,,,,,,,0,0,0,0,0
26.3137,1783969878.0804,1,2,0.5000,0.4193,1.42233,-0.03163,-2.63743,1.09830,1.57085,0.11671,-0.12757,-0.48152,0.02655,,,,,,,,,,,,,,,,,,,,,,,,,,0,0,0,0,0
26.3361,1783969878.1029,1,2,0.5000,0.4292,1.42233,-0.03163,-2.63743,1.09830,1.57085,0.11671,-0.12757,-0.48152,0.02655,,,,,,,,,,,,,,,,,,,,,,,,,,0,0,0,0,0
26.3395,1783969878.1063,1,2,0.5000,0.4249,1.42233,-0.03163,-2.63743,1.09830,1.57085,0.11671,-0.12757,-0.48152,0.02655,,,,,,,,,,,,,,,,,,,,,,,,,,0,0,0,0,0
26.3397,1783969878.1064,1,2,0.5000,0.4199,1.42233,-0.03163,-2.63743,1.09830,1.57085,0.11671,-0.12757,-0.48152,0.02655,,,,,,,,,,,,,,,,,,,,,,,,,,0,0,0,0,0
26.3403,1783969878.1071,1,2,0.5000,0.4269,1.42233,-0.03163,-2.63743,1.09830,1.57085,0.11671,-0.12757,-0.48152,0.02655,,,,,,,,,,,,,,,,,,,,,,,,,,0,0,0,0,0
26.3408,1783969878.1076,1,2,0.5000,0.4376,1.42233,-0.03163,-2.63743,1.09830,1.57085,0.11671,-0.12757,-0.48152,0.02655,,,,,,,,,,,,,,,,,,,,,,,,,,0,0,0,0,0
26.3476,1783969878.1144,1,2,0.5000,0.4377,1.42233,-0.03163,-2.63743,1.09830,1.57085,0.11671,-0.12757,-0.48152,0.02655,,,,,,,,,,,,,,,,,,,,,,,,,,0,0,0,0,0
26.3591,1783969878.1259,1,2,0.5000,0.4428,1.42233,-0.03163,-2.63743,1.09830,1.57085,0.11671,-0.12757,-0.48152,0.02655,,,,,,,,,,,,,,,,,,,,,,,,,,0,0,0,0,0
26.3595,1783969878.1262,1,2,0.5000,0.4360,1.42233,-0.03163,-2.63743,1.09830,1.57085,0.11671,-0.12757,-0.48152,0.02655,,,,,,,,,,,,,,,,,,,,,,,,,,0,0,0,0,0
26.3714,1783969878.1382,1,2,0.5000,0.4473,1.42233,-0.03163,-2.63743,1.09830,1.57085,0.11671,-0.12757,-0.48152,0.02655,,,,,,,,,,,,,,,,,,,,,,,,,,0,0,0,0,0
26.3778,1783969878.1446,1,2,0.5000,0.4447,1.42233,-0.03163,-2.63743,1.09830,1.57085,0.11671,-0.12757,-0.48152,0.02655,,,,,,,,,,,,,,,,,,,,,,,,,,0,0,0,0,0
26.3782,1783969878.1450,1,2,0.5000,0.4459,1.42233,-0.03163,-2.63743,1.09830,1.57085,0.11671,-0.12757,-0.48152,0.02655,,,,,,,,,,,,,,,,,,,,,,,,,,0,0,0,0,0
26.3884,1783969878.1552,1,2,0.5000,0.4761,1.42233,-0.03163,-2.63743,1.09830,1.57085,0.11671,-0.12757,-0.48152,0.02655,,,,,,,,,,,,,,,,,,,,,,,,,,0,0,0,0,0
26.4010,1783969878.1678,1,2,0.5000,0.4652,1.42233,-0.03163,-2.63743,1.09830,1.57085,0.11671,-0.12757,-0.48152,0.02655,,,,,,,,,,,,,,,,,,,,,,,,,,0,0,0,0,0
26.4070,1783969878.1738,1,2,0.5000,0.4663,1.42233,-0.03163,-2.63743,1.09830,1.57085,0.11671,-0.12757,-0.48152,0.02655,,,,,,,,,,,,,,,,,,,,,,,,,,0,0,0,0,0
26.4075,1783969878.1743,1,2,0.5000,0.4441,1.42233,-0.03163,-2.63743,1.09830,1.57085,0.11671,-0.12757,-0.48152,0.02655,,,,,,,,,,,,,,,,,,,,,,,,,,0,0,0,0,0
26.4322,1783969878.1990,1,2,0.5000,0.4403,1.42233,-0.03163,-2.63743,1.09830,1.57085,0.11671,-0.12757,-0.48152,0.02655,,,,,,,,,,,,,,,,,,,,,,,,,,0,0,0,0,0
26.4398,1783969878.2066,1,2,0.5000,0.4551,1.42233,-0.03163,-2.63743,1.09830,1.57085,0.11671,-0.12757,-0.48152,0.02655,,,,,,,,,,,,,,,,,,,,,,,,,,0,0,0,0,0
26.4461,1783969878.2128,1,2,0.5000,0.4485,1.42233,-0.03163,-2.63743,1.09830,1.57085,0.11671,-0.12757,-0.48152,0.02655,,,,,,,,,,,,,,,,,,,,,,,,,,0,0,0,0,0
26.4465,1783969878.2133,1,2,0.5000,0.4684,1.42233,-0.03163,-2.63743,1.09830,1.57085,0.11671,-0.12757,-0.48152,0.02655,,,,,,,,,,,,,,,,,,,,,,,,,,0,0,0,0,0
26.4563,1783969878.2230,1,2,0.5000,0.4879,1.42233,-0.03163,-2.63743,1.09830,1.57085,0.11671,-0.12757,-0.48152,0.02655,,,,,,,,,,,,,,,,,,,,,,,,,,0,0,0,0,0
26.4675,1783969878.2343,1,2,0.5000,0.4842,1.42233,-0.03163,-2.63743,1.09830,1.57085,0.11671,-0.12757,-0.48152,0.02655,,,,,,,,,,,,,,,,,,,,,,,,,,0,0,0,0,0
26.4873,1783969878.2541,1,2,0.5000,0.4545,1.42233,-0.03163,-2.63743,1.09830,1.57085,0.11671,-0.12757,-0.48152,0.02655,,,,,,,,,,,,,,,,,,,,,,,,,,0,0,0,0,0
26.4877,1783969878.2545,1,2,0.5000,0.4585,1.42233,-0.03163,-2.63743,1.09830,1.57085,0.11671,-0.12757,-0.48152,0.02655,,,,,,,,,,,,,,,,,,,,,,,,,,0,0,0,0,0
26.5137,1783969878.2805,1,2,0.5000,0.4588,1.42233,-0.03163,-2.63743,1.09830,1.57085,0.11671,-0.12757,-0.48152,0.02655,,,,,,,,,,,,,,,,,,,,,,,,,,0,0,0,0,0
26.5141,1783969878.2809,1,2,0.5000,0.4699,1.42233,-0.03163,-2.63743,1.09830,1.57085,0.11671,-0.12757,-0.48152,0.02655,,,,,,,,,,,,,,,,,,,,,,,,,,0,0,0,0,0
26.5183,1783969878.2851,1,2,0.5000,0.4746,1.42233,-0.03163,-2.63743,1.09830,1.57085,0.11671,-0.12757,-0.48152,0.02655,,,,,,,,,,,,,,,,,,,,,,,,,,0,0,0,0,0
26.5188,1783969878.2856,1,2,0.5000,0.5028,1.42233,-0.03163,-2.63743,1.09830,1.57085,0.11671,-0.12757,-0.48152,0.02655,,,,,,,,,,,,,,,,,,,,,,,,,,0,0,0,0,0
26.5268,1783969878.2936,1,2,0.5000,0.4855,1.42233,-0.03163,-2.63743,1.09830,1.57085,0.11671,-0.12757,-0.48152,0.02655,,,,,,,,,,,,,,,,,,,,,,,,,,0,0,0,0,0
26.5364,1783969878.3032,1,2,0.5000,0.4468,1.42233,-0.03163,-2.63743,1.09830,1.57085,0.11671,-0.12757,-0.48152,0.02655,,,,,,,,,,,,,,,,,,,,,,,,,,0,0,0,0,0
26.5490,1783969878.3158,1,2,0.5000,0.4361,1.42233,-0.03163,-2.63743,1.09830,1.57085,0.11671,-0.12757,-0.48152,0.02655,,,,,,,,,,,,,,,,,,,,,,,,,,0,0,0,0,0
26.5564,1783969878.3231,1,2,0.5000,0.4437,1.42233,-0.03163,-2.63743,1.09830,1.57085,0.11671,-0.12757,-0.48152,0.02655,,,,,,,,,,,,,,,,,,,,,,,,,,0,0,0,0,0
26.5672,1783969878.3340,1,2,0.5000,0.4857,1.42233,-0.03163,-2.63743,1.09830,1.57085,0.11671,-0.12757,-0.48152,0.02655,,,,,,,,,,,,,,,,,,,,,,,,,,0,0,0,0,0
26.5783,1783969878.3451,1,2,0.5000,0.4909,1.42233,-0.03163,-2.63743,1.09830,1.57085,0.11671,-0.12757,-0.48152,0.02655,,,,,,,,,,,,,,,,,,,,,,,,,,0,0,0,0,0
26.5794,1783969878.3462,1,2,0.5000,0.4751,1.42233,-0.03163,-2.63743,1.09830,1.57085,0.11671,-0.12757,-0.48152,0.02655,,,,,,,,,,,,,,,,,,,,,,,,,,0,0,0,0,0
26.5873,1783969878.3541,1,2,0.5000,0.4850,1.42233,-0.03163,-2.63743,1.09830,1.57085,0.11671,-0.12757,-0.48152,0.02655,,,,,,,,,,,,,,,,,,,,,,,,,,0,0,0,0,0
26.5959,1783969878.3627,1,2,0.5000,0.4811,1.42233,-0.03163,-2.63743,1.09830,1.57085,0.11671,-0.12757,-0.48152,0.02655,,,,,,,,,,,,,,,,,,,,,,,,,,0,0,0,0,0
26.6073,1783969878.3741,1,2,0.5000,0.4838,1.42233,-0.03163,-2.63743,1.09830,1.57085,0.11671,-0.12757,-0.48152,0.02655,,,,,,,,,,,,,,,,,,,,,,,,,,0,0,0,0,0
26.6076,1783969878.3744,1,2,0.5000,0.4781,1.42233,-0.03163,-2.63743,1.09830,1.57085,0.11671,-0.12757,-0.48152,0.02655,,,,,,,,,,,,,,,,,,,,,,,,,,0,0,0,0,0
26.6507,1783969878.4175,1,2,0.5000,0.4720,1.42233,-0.03163,-2.63743,1.09830,1.57085,0.11671,-0.12757,-0.48152,0.02655,,,,,,,,,,,,,,,,,,,,,,,,,,0,0,0,0,0
26.6996,1783969878.4664,1,2,0.5000,0.4667,1.42233,-0.03163,-2.63743,1.09830,1.57085,0.11671,-0.12757,-0.48152,0.02655,,,,,,,,,,,,,,,,,,,,,,,,,,0,0,0,0,0
26.7082,1783969878.4750,1,2,0.5000,0.4989,1.42233,-0.03163,-2.63743,1.09830,1.57085,0.11671,-0.12757,-0.48152,0.02655,,,,,,,,,,,,,,,,,,,,,,,,,,0,0,0,0,0
26.7103,1783969878.4771,1,2,0.5000,0.5150,1.42233,-0.03163,-2.63743,1.09830,1.57085,0.11671,-0.12757,-0.48152,0.02655,,,,,,,,,,,,,,,,,,,,,,,,,,0,0,0,0,0
26.7108,1783969878.4775,1,2,0.5000,0.5030,1.42233,-0.03163,-2.63743,1.09830,1.57085,0.11671,-0.12757,-0.48152,0.02655,,,,,,,,,,,,,,,,,,,,,,,,,,0,0,0,0,0
26.7114,1783969878.4782,1,2,0.5000,0.4718,1.42233,-0.03163,-2.63743,1.09830,1.57085,0.11671,-0.12757,-0.48152,0.02655,,,,,,,,,,,,,,,,,,,,,,,,,,0,0,0,0,0
26.7128,1783969878.4796,1,2,0.5000,0.4716,1.42233,-0.03163,-2.63743,1.09830,1.57085,0.11671,-0.12757,-0.48152,0.02655,,,,,,,,,,,,,,,,,,,,,,,,,,0,0,0,0,0
26.7133,1783969878.4800,1,2,0.5000,0.4844,1.42233,-0.03163,-2.63743,1.09830,1.57085,0.11671,-0.12757,-0.48152,0.02655,,,,,,,,,,,,,,,,,,,,,,,,,,0,0,0,0,0
26.7142,1783969878.4810,1,2,0.5000,0.5011,1.42233,-0.03163,-2.63743,1.09830,1.57085,0.11671,-0.12757,-0.48152,0.02655,,,,,,,,,,,,,,,,,,,,,,,,,,0,0,0,0,0
26.7146,1783969878.4814,1,2,0.5000,0.4996,1.42233,-0.03163,-2.63743,1.09830,1.57085,0.11671,-0.12757,-0.48152,0.02655,,,,,,,,,,,,,,,,,,,,,,,,,,0,0,0,0,0
26.7194,1783969878.4862,1,2,0.5000,0.5018,1.42233,-0.03163,-2.63743,1.09830,1.57085,0.11671,-0.12757,-0.48152,0.02655,,,,,,,,,,,,,,,,,,,,,,,,,,0,0,0,0,0
26.7197,1783969878.4865,1,2,0.5000,0.5031,1.42233,-0.03163,-2.63743,1.09830,1.57085,0.11671,-0.12757,-0.48152,0.02655,,,,,,,,,,,,,,,,,,,,,,,,,,0,0,0,0,0
26.7306,1783969878.4973,1,2,0.5000,0.4889,1.42233,-0.03163,-2.63743,1.09830,1.57085,0.11671,-0.12757,-0.48152,0.02655,,,,,,,,,,,,,,,,,,,,,,,,,,0,0,0,0,0
26.7463,1783969878.5131,1,2,0.5000,0.4970,1.42233,-0.03163,-2.63743,1.09830,1.57085,0.11671,-0.12757,-0.48152,0.02655,,,,,,,,,,,,,,,,,,,,,,,,,,0,0,0,0,0
26.7499,1783969878.5166,1,2,0.5000,0.4891,1.42233,-0.03163,-2.63743,1.09830,1.57085,0.11671,-0.12757,-0.48152,0.02655,,,,,,,,,,,,,,,,,,,,,,,,,,0,0,0,0,0
26.7601,1783969878.5269,1,2,0.5000,0.4835,1.42233,-0.03163,-2.63743,1.09830,1.57085,0.11671,-0.12757,-0.48152,0.02655,,,,,,,,,,,,,,,,,,,,,,,,,,0,0,0,0,0
26.7703,1783969878.5371,1,2,0.5000,0.4823,1.42233,-0.03163,-2.63743,1.09830,1.57085,0.11671,-0.12757,-0.48152,0.02655,,,,,,,,,,,,,,,,,,,,,,,,,,0,0,0,0,0
26.7708,1783969878.5375,1,2,0.5000,0.4968,1.42233,-0.03163,-2.63743,1.09830,1.57085,0.11671,-0.12757,-0.48152,0.02655,,,,,,,,,,,,,,,,,,,,,,,,,,0,0,0,0,0
26.7773,1783969878.5441,1,2,0.5000,0.5005,1.42233,-0.03163,-2.63743,1.09830,1.57085,0.11671,-0.12757,-0.48152,0.02655,,,,,,,,,,,,,,,,,,,,,,,,,,0,0,0,0,0
26.7876,1783969878.5544,1,2,0.5000,0.5142,1.42233,-0.03163,-2.63743,1.09830,1.57085,0.11671,-0.12757,-0.48152,0.02655,,,,,,,,,,,,,,,,,,,,,,,,,,0,0,0,0,0
26.7881,1783969878.5549,1,2,0.5000,0.5163,1.42233,-0.03163,-2.63743,1.09830,1.57085,0.11671,-0.12757,-0.48152,0.02655,,,,,,,,,,,,,,,,,,,,,,,,,,0,0,0,0,0
26.7987,1783969878.5655,1,2,0.5000,0.5095,1.42233,-0.03163,-2.63743,1.09830,1.57085,0.11671,-0.12757,-0.48152,0.02655,,,,,,,,,,,,,,,,,,,,,,,,,,0,0,0,0,0
26.8106,1783969878.5774,1,2,0.5000,0.5061,1.42233,-0.03163,-2.63743,1.09830,1.57085,0.11671,-0.12757,-0.48152,0.02655,,,,,,,,,,,,,,,,,,,,,,,,,,0,0,0,0,0
26.8194,1783969878.5862,1,2,0.5000,0.4966,1.42233,-0.03163,-2.63743,1.09830,1.57085,0.11671,-0.12757,-0.48152,0.02655,,,,,,,,,,,,,,,,,,,,,,,,,,0,0,0,0,0
26.8332,1783969878.6000,1,2,0.5000,0.4864,1.42233,-0.03163,-2.63743,1.09830,1.57085,0.11671,-0.12757,-0.48152,0.02655,,,,,,,,,,,,,,,,,,,,,,,,,,0,0,0,0,0
26.8377,1783969878.6044,1,2,0.5000,0.5089,1.42233,-0.03163,-2.63743,1.09830,1.57085,0.11671,-0.12757,-0.48152,0.02655,,,,,,,,,,,,,,,,,,,,,,,,,,0,0,0,0,0
26.8594,1783969878.6262,1,2,0.5000,0.5318,1.42233,-0.03163,-2.63743,1.09830,1.57085,0.11671,-0.12757,-0.48152,0.02655,,,,,,,,,,,,,,,,,,,,,,,,,,0,0,0,0,0
26.8758,1783969878.6425,1,2,0.5000,0.5317,1.42233,-0.03163,-2.63743,1.09830,1.57085,0.11671,-0.12757,-0.48152,0.02655,,,,,,,,,,,,,,,,,,,,,,,,,,0,0,0,0,0
26.8762,1783969878.6430,1,2,0.5000,0.5160,1.42233,-0.03163,-2.63743,1.09830,1.57085,0.11671,-0.12757,-0.48152,0.02655,,,,,,,,,,,,,,,,,,,,,,,,,,0,0,0,0,0
26.8767,1783969878.6434,1,2,0.5000,0.5162,1.42233,-0.03163,-2.63743,1.09830,1.57085,0.11671,-0.12757,-0.48152,0.02655,,,,,,,,,,,,,,,,,,,,,,,,,,0,0,0,0,0
26.8769,1783969878.6437,1,2,0.5000,0.5109,1.42233,-0.03163,-2.63743,1.09830,1.57085,0.11671,-0.12757,-0.48152,0.02655,,,,,,,,,,,,,,,,,,,,,,,,,,0,0,0,0,0
26.8772,1783969878.6440,1,2,0.5000,0.4682,1.42233,-0.03163,-2.63743,1.09830,1.57085,0.11671,-0.12757,-0.48152,0.02655,,,,,,,,,,,,,,,,,,,,,,,,,,0,0,0,0,0
26.8935,1783969878.6603,1,2,0.5000,0.4833,1.42233,-0.03163,-2.63743,1.09830,1.57085,0.11671,-0.12757,-0.48152,0.02655,,,,,,,,,,,,,,,,,,,,,,,,,,0,0,0,0,0
26.8939,1783969878.6607,1,2,0.5000,0.4721,1.42233,-0.03163,-2.63743,1.09830,1.57085,0.11671,-0.12757,-0.48152,0.02655,,,,,,,,,,,,,,,,,,,,,,,,,,0,0,0,0,0
26.8968,1783969878.6636,1,2,0.5000,0.4888,1.42233,-0.03163,-2.63743,1.09830,1.57085,0.11671,-0.12757,-0.48152,0.02655,,,,,,,,,,,,,,,,,,,,,,,,,,0,0,0,0,0
26.9093,1783969878.6761,1,2,0.5000,0.5076,1.42233,-0.03163,-2.63743,1.09830,1.57085,0.11671,-0.12757,-0.48152,0.02655,,,,,,,,,,,,,,,,,,,,,,,,,,0,0,0,0,0
26.9097,1783969878.6764,1,2,0.5000,0.5069,1.42233,-0.03163,-2.63743,1.09830,1.57085,0.11671,-0.12757,-0.48152,0.02655,,,,,,,,,,,,,,,,,,,,,,,,,,0,0,0,0,0
26.9247,1783969878.6914,1,2,0.5000,0.5207,1.42233,-0.03163,-2.63743,1.09830,1.57085,0.11671,-0.12757,-0.48152,0.02655,,,,,,,,,,,,,,,,,,,,,,,,,,0,0,0,0,0
26.9384,1783969878.7052,1,2,0.5000,0.5044,1.42233,-0.03163,-2.63743,1.09830,1.57085,0.11671,-0.12757,-0.48152,0.02655,,,,,,,,,,,,,,,,,,,,,,,,,,0,0,0,0,0
26.9400,1783969878.7068,1,2,0.5000,0.4986,1.42233,-0.03163,-2.63743,1.09830,1.57085,0.11671,-0.12757,-0.48152,0.02655,,,,,,,,,,,,,,,,,,,,,,,,,,0,0,0,0,0
26.9464,1783969878.7132,1,2,0.5000,0.5021,1.42233,-0.03163,-2.63743,1.09830,1.57085,0.11671,-0.12757,-0.48152,0.02655,,,,,,,,,,,,,,,,,,,,,,,,,,0,0,0,0,0
26.9568,1783969878.7236,1,2,0.5000,0.5011,1.42233,-0.03163,-2.63743,1.09830,1.57085,0.11671,-0.12757,-0.48152,0.02655,,,,,,,,,,,,,,,,,,,,,,,,,,0,0,0,0,0
26.9672,1783969878.7340,1,2,0.5000,0.4983,1.42233,-0.03163,-2.63743,1.09830,1.57085,0.11671,-0.12757,-0.48152,0.02655,,,,,,,,,,,,,,,,,,,,,,,,,,0,0,0,0,0
26.9678,1783969878.7346,1,2,0.5000,0.5045,1.42233,-0.03163,-2.63743,1.09830,1.57085,0.11671,-0.12757,-0.48152,0.02655,,,,,,,,,,,,,,,,,,,,,,,,,,0,0,0,0,0
26.9784,1783969878.7451,1,2,0.5000,0.4880,1.42233,-0.03163,-2.63743,1.09830,1.57085,0.11671,-0.12757,-0.48152,0.02655,,,,,,,,,,,,,,,,,,,,,,,,,,0,0,0,0,0
26.9895,1783969878.7562,1,2,0.5000,0.4933,1.42233,-0.03163,-2.63743,1.09830,1.57085,0.11671,-0.12757,-0.48152,0.02655,,,,,,,,,,,,,,,,,,,,,,,,,,0,0,0,0,0
26.9983,1783969878.7651,1,2,0.5000,0.5005,1.42233,-0.03163,-2.63743,1.09830,1.57085,0.11671,-0.12757,-0.48152,0.02655,,,,,,,,,,,,,,,,,,,,,,,,,,0,0,0,0,0
27.0161,1783969878.7828,1,2,0.5000,0.5028,1.42233,-0.03163,-2.63743,1.09830,1.57085,0.11671,-0.12757,-0.48152,0.02655,,,,,,,,,,,,,,,,,,,,,,,,,,0,0,0,0,0
27.0164,1783969878.7832,1,2,0.5000,0.5001,1.42233,-0.03163,-2.63743,1.09830,1.57085,0.11671,-0.12757,-0.48152,0.02655,,,,,,,,,,,,,,,,,,,,,,,,,,0,0,0,0,0
27.0171,1783969878.7839,1,2,0.5000,0.5085,1.42233,-0.03163,-2.63743,1.09830,1.57085,0.11671,-0.12757,-0.48152,0.02655,,,,,,,,,,,,,,,,,,,,,,,,,,0,0,0,0,0
27.0175,1783969878.7843,1,2,0.5000,0.5259,1.42233,-0.03163,-2.63743,1.09830,1.57085,0.11671,-0.12757,-0.48152,0.02655,,,,,,,,,,,,,,,,,,,,,,,,,,0,0,0,0,0
27.0369,1783969878.8037,1,2,0.5000,0.5183,1.42233,-0.03163,-2.63743,1.09830,1.57085,0.11671,-0.12757,-0.48152,0.02655,,,,,,,,,,,,,,,,,,,,,,,,,,0,0,0,0,0
27.0529,1783969878.8197,1,2,0.5000,0.5269,1.42233,-0.03163,-2.63743,1.09830,1.57085,0.11671,-0.12757,-0.48152,0.02655,,,,,,,,,,,,,,,,,,,,,,,,,,0,0,0,0,0
27.0590,1783969878.8258,1,2,0.5000,0.5117,1.42233,-0.03163,-2.63743,1.09830,1.57085,0.11671,-0.12757,-0.48152,0.02655,,,,,,,,,,,,,,,,,,,,,,,,,,0,0,0,0,0
27.0787,1783969878.8455,1,2,0.5000,0.4721,1.42233,-0.03163,-2.63743,1.09830,1.57085,0.11671,-0.12757,-0.48152,0.02655,,,,,,,,,,,,,,,,,,,,,,,,,,0,0,0,0,0
27.0804,1783969878.8472,1,2,0.5000,0.4958,1.42233,-0.03163,-2.63743,1.09830,1.57085,0.11671,-0.12757,-0.48152,0.02655,,,,,,,,,,,,,,,,,,,,,,,,,,0,0,0,0,0
27.0829,1783969878.8497,1,2,0.5000,0.4813,1.42233,-0.03163,-2.63743,1.09830,1.57085,0.11671,-0.12757,-0.48152,0.02655,,,,,,,,,,,,,,,,,,,,,,,,,,0,0,0,0,0
27.0833,1783969878.8501,1,2,0.5000,0.4699,1.42233,-0.03163,-2.63743,1.09830,1.57085,0.11671,-0.12757,-0.48152,0.02655,,,,,,,,,,,,,,,,,,,,,,,,,,0,0,0,0,0
27.0934,1783969878.8602,1,2,0.5000,0.4820,1.42233,-0.03163,-2.63743,1.09830,1.57085,0.11671,-0.12757,-0.48152,0.02655,,,,,,,,,,,,,,,,,,,,,,,,,,0,0,0,0,0
27.0965,1783969878.8633,1,2,0.5000,0.4636,1.42233,-0.03163,-2.63743,1.09830,1.57085,0.11671,-0.12757,-0.48152,0.02655,,,,,,,,,,,,,,,,,,,,,,,,,,0,0,0,0,0
27.1189,1783969878.8857,1,2,0.5000,0.4675,1.42233,-0.03163,-2.63743,1.09830,1.57085,0.11671,-0.12757,-0.48152,0.02655,,,,,,,,,,,,,,,,,,,,,,,,,,0,0,0,0,0
27.1199,1783969878.8867,1,2,0.5000,0.4902,1.42233,-0.03163,-2.63743,1.09830,1.57085,0.11671,-0.12757,-0.48152,0.02655,,,,,,,,,,,,,,,,,,,,,,,,,,0,0,0,0,0
27.1203,1783969878.8871,1,2,0.5000,0.5045,1.42233,-0.03163,-2.63743,1.09830,1.57085,0.11671,-0.12757,-0.48152,0.02655,,,,,,,,,,,,,,,,,,,,,,,,,,0,0,0,0,0
27.1280,1783969878.8948,1,2,0.5000,0.4888,1.42233,-0.03163,-2.63743,1.09830,1.57085,0.11671,-0.12757,-0.48152,0.02655,,,,,,,,,,,,,,,,,,,,,,,,,,0,0,0,0,0
27.1393,1783969878.9061,1,2,0.5000,0.4907,1.42233,-0.03163,-2.63743,1.09830,1.57085,0.11671,-0.12757,-0.48152,0.02655,,,,,,,,,,,,,,,,,,,,,,,,,,0,0,0,0,0
27.1502,1783969878.9170,1,2,0.5000,0.4820,1.42233,-0.03163,-2.63743,1.09830,1.57085,0.11671,-0.12757,-0.48152,0.02655,,,,,,,,,,,,,,,,,,,,,,,,,,0,0,0,0,0
27.1506,1783969878.9173,1,2,0.5000,0.4855,1.42233,-0.03163,-2.63743,1.09830,1.57085,0.11671,-0.12757,-0.48152,0.02655,,,,,,,,,,,,,,,,,,,,,,,,,,0,0,0,0,0
27.1573,1783969878.9241,1,2,0.5000,0.4930,1.42233,-0.03163,-2.63743,1.09830,1.57085,0.11671,-0.12757,-0.48152,0.02655,,,,,,,,,,,,,,,,,,,,,,,,,,0,0,0,0,0
27.1659,1783969878.9326,1,2,0.5000,0.5251,1.42233,-0.03163,-2.63743,1.09830,1.57085,0.11671,-0.12757,-0.48152,0.02655,,,,,,,,,,,,,,,,,,,,,,,,,,0,0,0,0,0
27.1807,1783969878.9475,1,2,0.5000,0.5198,1.42233,-0.03163,-2.63743,1.09830,1.57085,0.11671,-0.12757,-0.48152,0.02655,,,,,,,,,,,,,,,,,,,,,,,,,,0,0,0,0,0
27.1858,1783969878.9526,1,2,0.5000,0.5259,1.42233,-0.03163,-2.63743,1.09830,1.57085,0.11671,-0.12757,-0.48152,0.02655,,,,,,,,,,,,,,,,,,,,,,,,,,0,0,0,0,0
27.1863,1783969878.9530,1,2,0.5000,0.5255,1.42233,-0.03163,-2.63743,1.09830,1.57085,0.11671,-0.12757,-0.48152,0.02655,,,,,,,,,,,,,,,,,,,,,,,,,,0,0,0,0,0
27.1991,1783969878.9658,1,2,0.5000,0.5164,1.42233,-0.03163,-2.63743,1.09830,1.57085,0.11671,-0.12757,-0.48152,0.02655,,,,,,,,,,,,,,,,,,,,,,,,,,0,0,0,0,0
27.2067,1783969878.9734,1,2,0.5000,0.4856,1.42233,-0.03163,-2.63743,1.09830,1.57085,0.11671,-0.12757,-0.48152,0.02655,,,,,,,,,,,,,,,,,,,,,,,,,,0,0,0,0,0
27.2269,1783969878.9936,1,2,0.5000,0.4849,1.42233,-0.03163,-2.63743,1.09830,1.57085,0.11671,-0.12757,-0.48152,0.02655,,,,,,,,,,,,,,,,,,,,,,,,,,0,0,0,0,0
27.2273,1783969878.9941,1,2,0.5000,0.4817,1.42233,-0.03163,-2.63743,1.09830,1.57085,0.11671,-0.12757,-0.48152,0.02655,,,,,,,,,,,,,,,,,,,,,,,,,,0,0,0,0,0
27.2413,1783969879.0081,1,2,0.5000,0.4983,1.42233,-0.03163,-2.63743,1.09830,1.57085,0.11671,-0.12757,-0.48152,0.02655,,,,,,,,,,,,,,,,,,,,,,,,,,0,0,0,0,0
27.2483,1783969879.0151,1,2,0.5000,0.4905,1.42233,-0.03163,-2.63743,1.09830,1.57085,0.11671,-0.12757,-0.48152,0.02655,,,,,,,,,,,,,,,,,,,,,,,,,,0,0,0,0,0
27.4095,1783969879.1763,1,2,0.5000,0.4931,1.42233,-0.03163,-2.63743,1.09830,1.57085,0.11671,-0.12757,-0.48152,0.02655,,,,,,,,,,,,,,,,,,,,,,,,,,0,0,0,0,0
27.4104,1783969879.1772,1,2,0.5000,0.4983,1.42233,-0.03163,-2.63743,1.09830,1.57085,0.11671,-0.12757,-0.48152,0.02655,,,,,,,,,,,,,,,,,,,,,,,,,,0,0,0,0,0
27.4108,1783969879.1776,1,2,0.5000,0.4807,1.42233,-0.03163,-2.63743,1.09830,1.57085,0.11671,-0.12757,-0.48152,0.02655,,,,,,,,,,,,,,,,,,,,,,,,,,0,0,0,0,0
27.4128,1783969879.1796,1,2,0.5000,0.4866,1.42233,-0.03163,-2.63743,1.09830,1.57085,0.11671,-0.12757,-0.48152,0.02655,,,,,,,,,,,,,,,,,,,,,,,,,,0,0,0,0,0
27.4132,1783969879.1800,1,2,0.5000,0.5001,1.42233,-0.03163,-2.63743,1.09830,1.57085,0.11671,-0.12757,-0.48152,0.02655,,,,,,,,,,,,,,,,,,,,,,,,,,0,0,0,0,0
27.4138,1783969879.1806,1,2,0.5000,0.5177,1.42233,-0.03163,-2.63743,1.09830,1.57085,0.11671,-0.12757,-0.48152,0.02655,,,,,,,,,,,,,,,,,,,,,,,,,,0,0,0,0,0
27.4143,1783969879.1811,1,2,0.5000,0.5176,1.42233,-0.03163,-2.63743,1.09830,1.57085,0.11671,-0.12757,-0.48152,0.02655,,,,,,,,,,,,,,,,,,,,,,,,,,0,0,0,0,0
27.4148,1783969879.1816,1,2,0.5000,0.5028,1.42233,-0.03163,-2.63743,1.09830,1.57085,0.11671,-0.12757,-0.48152,0.02655,,,,,,,,,,,,,,,,,,,,,,,,,,0,0,0,0,0
27.4153,1783969879.1821,1,2,0.5000,0.5018,1.42233,-0.03163,-2.63743,1.09830,1.57085,0.11671,-0.12757,-0.48152,0.02655,,,,,,,,,,,,,,,,,,,,,,,,,,0,0,0,0,0
27.4159,1783969879.1827,1,2,0.5000,0.5288,1.42233,-0.03163,-2.63743,1.09830,1.57085,0.11671,-0.12757,-0.48152,0.02655,,,,,,,,,,,,,,,,,,,,,,,,,,0,0,0,0,0
27.4203,1783969879.1871,1,2,0.5000,0.5279,1.42233,-0.03163,-2.63743,1.09830,1.57085,0.11671,-0.12757,-0.48152,0.02655,,,,,,,,,,,,,,,,,,,,,,,,,,0,0,0,0,0
27.4209,1783969879.1877,1,2,0.5000,0.5176,1.42233,-0.03163,-2.63743,1.09830,1.57085,0.11671,-0.12757,-0.48152,0.02655,,,,,,,,,,,,,,,,,,,,,,,,,,0,0,0,0,0
27.4268,1783969879.1936,1,2,0.5000,0.5197,1.42233,-0.03163,-2.63743,1.09830,1.57085,0.11671,-0.12757,-0.48152,0.02655,,,,,,,,,,,,,,,,,,,,,,,,,,0,0,0,0,0
27.4277,1783969879.1945,1,2,0.5000,0.5114,1.42233,-0.03163,-2.63743,1.09830,1.57085,0.11671,-0.12757,-0.48152,0.02655,,,,,,,,,,,,,,,,,,,,,,,,,,0,0,0,0,0
27.4280,1783969879.1948,1,2,0.5000,0.5084,1.42233,-0.03163,-2.63743,1.09830,1.57085,0.11671,-0.12757,-0.48152,0.02655,,,,,,,,,,,,,,,,,,,,,,,,,,0,0,0,0,0
27.4298,1783969879.1966,1,2,0.5000,0.4699,1.42233,-0.03163,-2.63743,1.09830,1.57085,0.11671,-0.12757,-0.48152,0.02655,,,,,,,,,,,,,,,,,,,,,,,,,,0,0,0,0,0
27.4303,1783969879.1971,1,2,0.5000,0.4784,1.42233,-0.03163,-2.63743,1.09830,1.57085,0.11671,-0.12757,-0.48152,0.02655,,,,,,,,,,,,,,,,,,,,,,,,,,0,0,0,0,0
27.4307,1783969879.1975,1,2,0.5000,0.4639,1.42233,-0.03163,-2.63743,1.09830,1.57085,0.11671,-0.12757,-0.48152,0.02655,,,,,,,,,,,,,,,,,,,,,,,,,,0,0,0,0,0
27.4372,1783969879.2040,1,2,0.5000,0.4724,1.42233,-0.03163,-2.63743,1.09830,1.57085,0.11671,-0.12757,-0.48152,0.02655,,,,,,,,,,,,,,,,,,,,,,,,,,0,0,0,0,0
27.4376,1783969879.2043,1,2,0.5000,0.4739,1.42233,-0.03163,-2.63743,1.09830,1.57085,0.11671,-0.12757,-0.48152,0.02655,,,,,,,,,,,,,,,,,,,,,,,,,,0,0,0,0,0
27.4497,1783969879.2164,1,2,0.5000,0.4550,1.42233,-0.03163,-2.63743,1.09830,1.57085,0.11671,-0.12757,-0.48152,0.02655,,,,,,,,,,,,,,,,,,,,,,,,,,0,0,0,0,0
27.4602,1783969879.2270,1,2,0.5000,0.4570,1.42233,-0.03163,-2.63743,1.09830,1.57085,0.11671,-0.12757,-0.48152,0.02655,,,,,,,,,,,,,,,,,,,,,,,,,,0,0,0,0,0
27.4604,1783969879.2272,1,2,0.5000,0.4529,1.42233,-0.03163,-2.63743,1.09830,1.57085,0.11671,-0.12757,-0.48152,0.02655,,,,,,,,,,,,,,,,,,,,,,,,,,0,0,0,0,0
27.4691,1783969879.2358,1,2,0.5000,0.5133,1.42233,-0.03163,-2.63743,1.09830,1.57085,0.11671,-0.12757,-0.48152,0.02655,,,,,,,,,,,,,,,,,,,,,,,,,,0,0,0,0,0
27.4799,1783969879.2467,1,2,0.5000,0.5091,1.42233,-0.03163,-2.63743,1.09830,1.57085,0.11671,-0.12757,-0.48152,0.02655,,,,,,,,,,,,,,,,,,,,,,,,,,0,0,0,0,0
27.4802,1783969879.2470,1,2,0.5000,0.5137,1.42233,-0.03163,-2.63743,1.09830,1.57085,0.11671,-0.12757,-0.48152,0.02655,,,,,,,,,,,,,,,,,,,,,,,,,,0,0,0,0,0
27.4935,1783969879.2603,1,2,0.5000,0.5124,1.42233,-0.03163,-2.63743,1.09830,1.57085,0.11671,-0.12757,-0.48152,0.02655,,,,,,,,,,,,,,,,,,,,,,,,,,0,0,0,0,0
27.5056,1783969879.2724,1,2,0.5000,0.5090,1.42233,-0.03163,-2.63743,1.09830,1.57085,0.11671,-0.12757,-0.48152,0.02655,,,,,,,,,,,,,,,,,,,,,,,,,,0,0,0,0,0
27.5123,1783969879.2791,1,2,0.5000,0.4884,1.42233,-0.03163,-2.63743,1.09830,1.57085,0.11671,-0.12757,-0.48152,0.02655,,,,,,,,,,,,,,,,,,,,,,,,,,0,0,0,0,0
27.5277,1783969879.2945,1,2,0.5000,0.4850,1.42233,-0.03163,-2.63743,1.09830,1.57085,0.11671,-0.12757,-0.48152,0.02655,,,,,,,,,,,,,,,,,,,,,,,,,,0,0,0,0,0
27.5307,1783969879.2975,1,2,0.5000,0.4795,1.42233,-0.03163,-2.63743,1.09830,1.57085,0.11671,-0.12757,-0.48152,0.02655,,,,,,,,,,,,,,,,,,,,,,,,,,0,0,0,0,0
27.5404,1783969879.3072,1,2,0.5000,0.4970,1.42233,-0.03163,-2.63743,1.09830,1.57085,0.11671,-0.12757,-0.48152,0.02655,,,,,,,,,,,,,,,,,,,,,,,,,,0,0,0,0,0
27.5408,1783969879.3076,1,2,0.5000,0.4902,1.42233,-0.03163,-2.63743,1.09830,1.57085,0.11671,-0.12757,-0.48152,0.02655,,,,,,,,,,,,,,,,,,,,,,,,,,0,0,0,0,0
27.5535,1783969879.3203,1,2,0.5000,0.4991,1.42233,-0.03163,-2.63743,1.09830,1.57085,0.11671,-0.12757,-0.48152,0.02655,,,,,,,,,,,,,,,,,,,,,,,,,,0,0,0,0,0
27.5594,1783969879.3261,1,2,0.5000,0.5014,1.42233,-0.03163,-2.63743,1.09830,1.57085,0.11671,-0.12757,-0.48152,0.02655,,,,,,,,,,,,,,,,,,,,,,,,,,0,0,0,0,0
27.5721,1783969879.3388,1,2,0.5000,0.4998,1.42233,-0.03163,-2.63743,1.09830,1.57085,0.11671,-0.12757,-0.48152,0.02655,,,,,,,,,,,,,,,,,,,,,,,,,,0,0,0,0,0
27.5821,1783969879.3489,1,2,0.5000,0.4756,1.42233,-0.03163,-2.63743,1.09830,1.57085,0.11671,-0.12757,-0.48152,0.02655,,,,,,,,,,,,,,,,,,,,,,,,,,0,0,0,0,0
27.5826,1783969879.3494,1,2,0.5000,0.4797,1.42233,-0.03163,-2.63743,1.09830,1.57085,0.11671,-0.12757,-0.48152,0.02655,,,,,,,,,,,,,,,,,,,,,,,,,,0,0,0,0,0
27.5909,1783969879.3577,1,2,0.5000,0.4495,1.42233,-0.03163,-2.63743,1.09830,1.57085,0.11671,-0.12757,-0.48152,0.02655,,,,,,,,,,,,,,,,,,,,,,,,,,0,0,0,0,0
27.6038,1783969879.3706,1,2,0.5000,0.4585,1.42233,-0.03163,-2.63743,1.09830,1.57085,0.11671,-0.12757,-0.48152,0.02655,,,,,,,,,,,,,,,,,,,,,,,,,,0,0,0,0,0
27.6113,1783969879.3781,1,2,0.5000,0.4546,1.42233,-0.03163,-2.63743,1.09830,1.57085,0.11671,-0.12757,-0.48152,0.02655,,,,,,,,,,,,,,,,,,,,,,,,,,0,0,0,0,0
27.6120,1783969879.3788,1,2,0.5000,0.4525,1.42233,-0.03163,-2.63743,1.09830,1.57085,0.11671,-0.12757,-0.48152,0.02655,,,,,,,,,,,,,,,,,,,,,,,,,,0,0,0,0,0
27.6202,1783969879.3870,1,2,0.5000,0.4912,1.42233,-0.03163,-2.63743,1.09830,1.57085,0.11671,-0.12757,-0.48152,0.02655,,,,,,,,,,,,,,,,,,,,,,,,,,0,0,0,0,0
27.6304,1783969879.3972,1,2,0.5000,0.4907,1.42233,-0.03163,-2.63743,1.09830,1.57085,0.11671,-0.12757,-0.48152,0.02655,,,,,,,,,,,,,,,,,,,,,,,,,,0,0,0,0,0
27.6447,1783969879.4115,1,2,0.5000,0.4774,1.42233,-0.03163,-2.63743,1.09830,1.57085,0.11671,-0.12757,-0.48152,0.02655,,,,,,,,,,,,,,,,,,,,,,,,,,0,0,0,0,0
27.6561,1783969879.4228,1,2,0.5000,0.4803,1.42233,-0.03163,-2.63743,1.09830,1.57085,0.11671,-0.12757,-0.48152,0.02655,,,,,,,,,,,,,,,,,,,,,,,,,,0,0,0,0,0
27.6647,1783969879.4315,1,2,0.5000,0.4650,1.42233,-0.03163,-2.63743,1.09830,1.57085,0.11671,-0.12757,-0.48152,0.02655,,,,,,,,,,,,,,,,,,,,,,,,,,0,0,0,0,0
27.6651,1783969879.4319,1,2,0.5000,0.4663,1.42233,-0.03163,-2.63743,1.09830,1.57085,0.11671,-0.12757,-0.48152,0.02655,,,,,,,,,,,,,,,,,,,,,,,,,,0,0,0,0,0
27.6741,1783969879.4409,1,2,0.5000,0.4906,1.42233,-0.03163,-2.63743,1.09830,1.57085,0.11671,-0.12757,-0.48152,0.02655,,,,,,,,,,,,,,,,,,,,,,,,,,0,0,0,0,0
27.6746,1783969879.4413,1,2,0.5000,0.4918,1.42233,-0.03163,-2.63743,1.09830,1.57085,0.11671,-0.12757,-0.48152,0.02655,,,,,,,,,,,,,,,,,,,,,,,,,,0,0,0,0,0
27.7162,1783969879.4830,1,2,0.5000,0.5046,1.42233,-0.03163,-2.63743,1.09830,1.57085,0.11671,-0.12757,-0.48152,0.02655,,,,,,,,,,,,,,,,,,,,,,,,,,0,0,0,0,0
27.7165,1783969879.4833,1,2,0.5000,0.5295,1.42233,-0.03163,-2.63743,1.09830,1.57085,0.11671,-0.12757,-0.48152,0.02655,,,,,,,,,,,,,,,,,,,,,,,,,,0,0,0,0,0
27.7167,1783969879.4835,1,2,0.5000,0.5096,1.42233,-0.03163,-2.63743,1.09830,1.57085,0.11671,-0.12757,-0.48152,0.02655,,,,,,,,,,,,,,,,,,,,,,,,,,0,0,0,0,0
27.7192,1783969879.4860,1,2,0.5000,0.5038,1.42233,-0.03163,-2.63743,1.09830,1.57085,0.11671,-0.12757,-0.48152,0.02655,,,,,,,,,,,,,,,,,,,,,,,,,,0,0,0,0,0
27.7198,1783969879.4865,1,2,0.5000,0.5024,1.42233,-0.03163,-2.63743,1.09830,1.57085,0.11671,-0.12757,-0.48152,0.02655,,,,,,,,,,,,,,,,,,,,,,,,,,0,0,0,0,0
27.7204,1783969879.4872,1,2,0.5000,0.5008,1.42233,-0.03163,-2.63743,1.09830,1.57085,0.11671,-0.12757,-0.48152,0.02655,,,,,,,,,,,,,,,,,,,,,,,,,,0,0,0,0,0
27.7208,1783969879.4876,1,2,0.5000,0.4663,1.42233,-0.03163,-2.63743,1.09830,1.57085,0.11671,-0.12757,-0.48152,0.02655,,,,,,,,,,,,,,,,,,,,,,,,,,0,0,0,0,0
27.7328,1783969879.4996,1,2,0.5000,0.4734,1.42233,-0.03163,-2.63743,1.09830,1.57085,0.11671,-0.12757,-0.48152,0.02655,,,,,,,,,,,,,,,,,,,,,,,,,,0,0,0,0,0
27.7407,1783969879.5075,1,2,0.5000,0.4975,1.42233,-0.03163,-2.63743,1.09830,1.57085,0.11671,-0.12757,-0.48152,0.02655,,,,,,,,,,,,,,,,,,,,,,,,,,0,0,0,0,0
27.7538,1783969879.5206,1,2,0.5000,0.5091,1.42233,-0.03163,-2.63743,1.09830,1.57085,0.11671,-0.12757,-0.48152,0.02655,,,,,,,,,,,,,,,,,,,,,,,,,,0,0,0,0,0
27.7640,1783969879.5307,1,2,0.5000,0.5005,1.42233,-0.03163,-2.63743,1.09830,1.57085,0.11671,-0.12757,-0.48152,0.02655,,,,,,,,,,,,,,,,,,,,,,,,,,0,0,0,0,0
27.7707,1783969879.5375,1,2,0.5000,0.4985,1.42233,-0.03163,-2.63743,1.09830,1.57085,0.11671,-0.12757,-0.48152,0.02655,,,,,,,,,,,,,,,,,,,,,,,,,,0,0,0,0,0
27.7713,1783969879.5381,1,2,0.5000,0.4901,1.42233,-0.03163,-2.63743,1.09830,1.57085,0.11671,-0.12757,-0.48152,0.02655,,,,,,,,,,,,,,,,,,,,,,,,,,0,0,0,0,0
27.7829,1783969879.5496,1,2,0.5000,0.4567,1.42233,-0.03163,-2.63743,1.09830,1.57085,0.11671,-0.12757,-0.48152,0.02655,,,,,,,,,,,,,,,,,,,,,,,,,,0,0,0,0,0
27.7953,1783969879.5621,1,2,0.5000,0.4592,1.42233,-0.03163,-2.63743,1.09830,1.57085,0.11671,-0.12757,-0.48152,0.02655,,,,,,,,,,,,,,,,,,,,,,,,,,0,0,0,0,0
27.8033,1783969879.5701,1,2,0.5000,0.4597,1.42233,-0.03163,-2.63743,1.09830,1.57085,0.11671,-0.12757,-0.48152,0.02655,,,,,,,,,,,,,,,,,,,,,,,,,,0,0,0,0,0
27.8119,1783969879.5786,1,2,0.5000,0.4514,1.42233,-0.03163,-2.63743,1.09830,1.57085,0.11671,-0.12757,-0.48152,0.02655,,,,,,,,,,,,,,,,,,,,,,,,,,0,0,0,0,0
27.8204,1783969879.5872,1,2,0.5000,0.4852,1.42233,-0.03163,-2.63743,1.09830,1.57085,0.11671,-0.12757,-0.48152,0.02655,,,,,,,,,,,,,,,,,,,,,,,,,,0,0,0,0,0
27.8311,1783969879.5979,1,2,0.5000,0.4826,1.42233,-0.03163,-2.63743,1.09830,1.57085,0.11671,-0.12757,-0.48152,0.02655,,,,,,,,,,,,,,,,,,,,,,,,,,0,0,0,0,0
27.8398,1783969879.6066,1,2,0.5000,0.4660,1.42233,-0.03163,-2.63743,1.09830,1.57085,0.11671,-0.12757,-0.48152,0.02655,,,,,,,,,,,,,,,,,,,,,,,,,,0,0,0,0,0
27.8689,1783969879.6356,1,2,0.5000,0.4589,1.42233,-0.03163,-2.63743,1.09830,1.57085,0.11671,-0.12757,-0.48152,0.02655,,,,,,,,,,,,,,,,,,,,,,,,,,0,0,0,0,0
27.8855,1783969879.6522,1,2,0.5000,0.4481,1.42233,-0.03163,-2.63743,1.09830,1.57085,0.11671,-0.12757,-0.48152,0.02655,,,,,,,,,,,,,,,,,,,,,,,,,,0,0,0,0,0
27.8859,1783969879.6527,1,2,0.5000,0.4435,1.42233,-0.03163,-2.63743,1.09830,1.57085,0.11671,-0.12757,-0.48152,0.02655,,,,,,,,,,,,,,,,,,,,,,,,,,0,0,0,0,0
27.8896,1783969879.6564,1,2,0.5000,0.4740,1.42233,-0.03163,-2.63743,1.09830,1.57085,0.11671,-0.12757,-0.48152,0.02655,,,,,,,,,,,,,,,,,,,,,,,,,,0,0,0,0,0
27.8952,1783969879.6620,1,2,0.5000,0.4845,1.42233,-0.03163,-2.63743,1.09830,1.57085,0.11671,-0.12757,-0.48152,0.02655,,,,,,,,,,,,,,,,,,,,,,,,,,0,0,0,0,0
27.8975,1783969879.6643,1,2,0.5000,0.4980,1.42233,-0.03163,-2.63743,1.09830,1.57085,0.11671,-0.12757,-0.48152,0.02655,,,,,,,,,,,,,,,,,,,,,,,,,,0,0,0,0,0
27.8980,1783969879.6648,1,2,0.5000,0.4999,1.42233,-0.03163,-2.63743,1.09830,1.57085,0.11671,-0.12757,-0.48152,0.02655,,,,,,,,,,,,,,,,,,,,,,,,,,0,0,0,0,0
27.9002,1783969879.6669,1,2,0.5000,0.4887,1.42233,-0.03163,-2.63743,1.09830,1.57085,0.11671,-0.12757,-0.48152,0.02655,,,,,,,,,,,,,,,,,,,,,,,,,,0,0,0,0,0
27.9006,1783969879.6673,1,2,0.5000,0.4920,1.42233,-0.03163,-2.63743,1.09830,1.57085,0.11671,-0.12757,-0.48152,0.02655,,,,,,,,,,,,,,,,,,,,,,,,,,0,0,0,0,0
27.9261,1783969879.6929,1,2,0.5000,0.4795,1.42233,-0.03163,-2.63743,1.09830,1.57085,0.11671,-0.12757,-0.48152,0.02655,,,,,,,,,,,,,,,,,,,,,,,,,,0,0,0,0,0
27.9265,1783969879.6933,1,2,0.5000,0.4688,1.42233,-0.03163,-2.63743,1.09830,1.57085,0.11671,-0.12757,-0.48152,0.02655,,,,,,,,,,,,,,,,,,,,,,,,,,0,0,0,0,0
27.9269,1783969879.6937,1,2,0.5000,0.4791,1.42233,-0.03163,-2.63743,1.09830,1.57085,0.11671,-0.12757,-0.48152,0.02655,,,,,,,,,,,,,,,,,,,,,,,,,,0,0,0,0,0
27.9395,1783969879.7062,1,2,0.5000,0.4738,1.42233,-0.03163,-2.63743,1.09830,1.57085,0.11671,-0.12757,-0.48152,0.02655,,,,,,,,,,,,,,,,,,,,,,,,,,0,0,0,0,0
27.9402,1783969879.7070,1,2,0.5000,0.4754,1.42233,-0.03163,-2.63743,1.09830,1.57085,0.11671,-0.12757,-0.48152,0.02655,,,,,,,,,,,,,,,,,,,,,,,,,,0,0,0,0,0
27.9450,1783969879.7118,1,2,0.5000,0.4674,1.42233,-0.03163,-2.63743,1.09830,1.57085,0.11671,-0.12757,-0.48152,0.02655,,,,,,,,,,,,,,,,,,,,,,,,,,0,0,0,0,0
27.9758,1783969879.7425,1,2,0.5000,0.4977,1.42233,-0.03163,-2.63743,1.09830,1.57085,0.11671,-0.12757,-0.48152,0.02655,,,,,,,,,,,,,,,,,,,,,,,,,,0,0,0,0,0
27.9760,1783969879.7428,1,2,0.5000,0.4746,1.42233,-0.03163,-2.63743,1.09830,1.57085,0.11671,-0.12757,-0.48152,0.02655,,,,,,,,,,,,,,,,,,,,,,,,,,0,0,0,0,0
27.9765,1783969879.7432,1,2,0.5000,0.4800,1.42233,-0.03163,-2.63743,1.09830,1.57085,0.11671,-0.12757,-0.48152,0.02655,,,,,,,,,,,,,,,,,,,,,,,,,,0,0,0,0,0
27.9767,1783969879.7435,1,2,0.5000,0.4867,1.42233,-0.03163,-2.63743,1.09830,1.57085,0.11671,-0.12757,-0.48152,0.02655,,,,,,,,,,,,,,,,,,,,,,,,,,0,0,0,0,0
27.9793,1783969879.7461,1,2,0.5000,0.4734,1.42233,-0.03163,-2.63743,1.09830,1.57085,0.11671,-0.12757,-0.48152,0.02655,,,,,,,,,,,,,,,,,,,,,,,,,,0,0,0,0,0
27.9891,1783969879.7559,1,2,0.5000,0.4771,1.42233,-0.03163,-2.63743,1.09830,1.57085,0.11671,-0.12757,-0.48152,0.02655,,,,,,,,,,,,,,,,,,,,,,,,,,0,0,0,0,0
28.0120,1783969879.7788,1,2,0.5000,0.5179,1.42233,-0.03163,-2.63743,1.09830,1.57085,0.11671,-0.12757,-0.48152,0.02655,,,,,,,,,,,,,,,,,,,,,,,,,,0,0,0,0,0
28.0124,1783969879.7792,1,2,0.5000,0.4991,1.42233,-0.03163,-2.63743,1.09830,1.57085,0.11671,-0.12757,-0.48152,0.02655,,,,,,,,,,,,,,,,,,,,,,,,,,0,0,0,0,0
28.0233,1783969879.7900,1,2,0.5000,0.5085,1.42233,-0.03163,-2.63743,1.09830,1.57085,0.11671,-0.12757,-0.48152,0.02655,,,,,,,,,,,,,,,,,,,,,,,,,,0,0,0,0,0
28.0324,1783969879.7992,1,2,0.5000,0.5143,1.42233,-0.03163,-2.63743,1.09830,1.57085,0.11671,-0.12757,-0.48152,0.02655,,,,,,,,,,,,,,,,,,,,,,,,,,0,0,0,0,0
28.0467,1783969879.8135,1,2,0.5000,0.5093,1.42233,-0.03163,-2.63743,1.09830,1.57085,0.11671,-0.12757,-0.48152,0.02655,,,,,,,,,,,,,,,,,,,,,,,,,,0,0,0,0,0
28.0620,1783969879.8288,1,2,0.5000,0.5018,1.42233,-0.03163,-2.63743,1.09830,1.57085,0.11671,-0.12757,-0.48152,0.02655,,,,,,,,,,,,,,,,,,,,,,,,,,0,0,0,0,0
28.0665,1783969879.8333,1,2,0.5000,0.4789,1.42233,-0.03163,-2.63743,1.09830,1.57085,0.11671,-0.12757,-0.48152,0.02655,,,,,,,,,,,,,,,,,,,,,,,,,,0,0,0,0,0
28.0724,1783969879.8392,1,2,0.5000,0.4608,1.42233,-0.03163,-2.63743,1.09830,1.57085,0.11671,-0.12757,-0.48152,0.02655,,,,,,,,,,,,,,,,,,,,,,,,,,0,0,0,0,0
28.0844,1783969879.8512,1,2,0.5000,0.4397,1.42233,-0.03163,-2.63743,1.09830,1.57085,0.11671,-0.12757,-0.48152,0.02655,,,,,,,,,,,,,,,,,,,,,,,,,,0,0,0,0,0
28.0936,1783969879.8604,1,2,0.5000,0.4538,1.42233,-0.03163,-2.63743,1.09830,1.57085,0.11671,-0.12757,-0.48152,0.02655,,,,,,,,,,,,,,,,,,,,,,,,,,0,0,0,0,0
28.1051,1783969879.8719,1,2,0.5000,0.4850,1.42233,-0.03163,-2.63743,1.09830,1.57085,0.11671,-0.12757,-0.48152,0.02655,,,,,,,,,,,,,,,,,,,,,,,,,,0,0,0,0,0
28.1107,1783969879.8775,1,2,0.5000,0.4663,1.42233,-0.03163,-2.63743,1.09830,1.57085,0.11671,-0.12757,-0.48152,0.02655,,,,,,,,,,,,,,,,,,,,,,,,,,0,0,0,0,0
28.1328,1783969879.8996,1,2,0.5000,0.4639,1.42233,-0.03163,-2.63743,1.09830,1.57085,0.11671,-0.12757,-0.48152,0.02655,,,,,,,,,,,,,,,,,,,,,,,,,,0,0,0,0,0
28.1332,1783969879.9000,1,2,0.5000,0.4638,1.42233,-0.03163,-2.63743,1.09830,1.57085,0.11671,-0.12757,-0.48152,0.02655,,,,,,,,,,,,,,,,,,,,,,,,,,0,0,0,0,0
28.1423,1783969879.9091,1,2,0.5000,0.4399,1.42233,-0.03163,-2.63743,1.09830,1.57085,0.11671,-0.12757,-0.48152,0.02655,,,,,,,,,,,,,,,,,,,,,,,,,,0,0,0,0,0
28.1521,1783969879.9189,1,2,0.5000,0.4411,1.42233,-0.03163,-2.63743,1.09830,1.57085,0.11671,-0.12757,-0.48152,0.02655,,,,,,,,,,,,,,,,,,,,,,,,,,0,0,0,0,0
28.1529,1783969879.9196,1,2,0.5000,0.4753,1.42233,-0.03163,-2.63743,1.09830,1.57085,0.11671,-0.12757,-0.48152,0.02655,,,,,,,,,,,,,,,,,,,,,,,,,,0,0,0,0,0
28.1751,1783969879.9418,1,2,0.5000,0.5190,1.42233,-0.03163,-2.63743,1.09830,1.57085,0.11671,-0.12757,-0.48152,0.02655,,,,,,,,,,,,,,,,,,,,,,,,,,0,0,0,0,0
28.1770,1783969879.9438,1,2,0.5000,0.5477,1.42233,-0.03163,-2.63743,1.09830,1.57085,0.11671,-0.12757,-0.48152,0.02655,,,,,,,,,,,,,,,,,,,,,,,,,,0,0,0,0,0
28.1812,1783969879.9479,1,2,0.5000,0.5013,1.42233,-0.03163,-2.63743,1.09830,1.57085,0.11671,-0.12757,-0.48152,0.02655,,,,,,,,,,,,,,,,,,,,,,,,,,0,0,0,0,0
28.2149,1783969879.9817,1,2,0.5000,0.4457,1.42233,-0.03163,-2.63743,1.09830,1.57085,0.11671,-0.12757,-0.48152,0.02655,,,,,,,,,,,,,,,,,,,,,,,,,,0,0,0,0,0
28.2261,1783969879.9928,1,2,0.5000,0.4347,1.42233,-0.03163,-2.63743,1.09830,1.57085,0.11671,-0.12757,-0.48152,0.02655,,,,,,,,,,,,,,,,,,,,,,,,,,0,0,0,0,0
28.2265,1783969879.9933,1,2,0.5000,0.4123,1.42233,-0.03163,-2.63743,1.09830,1.57085,0.11671,-0.12757,-0.48152,0.02655,,,,,,,,,,,,,,,,,,,,,,,,,,0,0,0,0,0
28.2272,1783969879.9940,1,2,0.5000,0.4376,1.42233,-0.03163,-2.63743,1.09830,1.57085,0.11671,-0.12757,-0.48152,0.02655,,,,,,,,,,,,,,,,,,,,,,,,,,0,0,0,0,0
28.2277,1783969879.9945,1,2,0.5000,0.4482,1.42233,-0.03163,-2.63743,1.09830,1.57085,0.11671,-0.12757,-0.48152,0.02655,,,,,,,,,,,,,,,,,,,,,,,,,,0,0,0,0,0
28.2323,1783969879.9991,1,2,0.5000,0.4473,1.42233,-0.03163,-2.63743,1.09830,1.57085,0.11671,-0.12757,-0.48152,0.02655,,,,,,,,,,,,,,,,,,,,,,,,,,0,0,0,0,0
28.2479,1783969880.0147,1,2,0.5000,0.4727,1.42233,-0.03163,-2.63743,1.09830,1.57085,0.11671,-0.12757,-0.48152,0.02655,,,,,,,,,,,,,,,,,,,,,,,,,,0,0,0,0,0
28.2490,1783969880.0158,1,2,0.5000,0.4594,1.42233,-0.03163,-2.63743,1.09830,1.57085,0.11671,-0.12757,-0.48152,0.02655,,,,,,,,,,,,,,,,,,,,,,,,,,0,0,0,0,0
28.2647,1783969880.0314,1,2,0.5000,0.4486,1.42233,-0.03163,-2.63743,1.09830,1.57085,0.11671,-0.12757,-0.48152,0.02655,,,,,,,,,,,,,,,,,,,,,,,,,,0,0,0,0,0
28.2701,1783969880.0368,1,2,0.5000,0.4578,1.42233,-0.03163,-2.63743,1.09830,1.57085,0.11671,-0.12757,-0.48152,0.02655,,,,,,,,,,,,,,,,,,,,,,,,,,0,0,0,0,0
28.2831,1783969880.0498,1,2,0.5000,0.4654,1.42233,-0.03163,-2.63743,1.09830,1.57085,0.11671,-0.12757,-0.48152,0.02655,,,,,,,,,,,,,,,,,,,,,,,,,,0,0,0,0,0
28.2891,1783969880.0559,1,2,0.5000,0.5076,1.42233,-0.03163,-2.63743,1.09830,1.57085,0.11671,-0.12757,-0.48152,0.02655,,,,,,,,,,,,,,,,,,,,,,,,,,0,0,0,0,0
28.3001,1783969880.0669,1,2,0.5000,0.5338,1.42233,-0.03163,-2.63743,1.09830,1.57085,0.11671,-0.12757,-0.48152,0.02655,,,,,,,,,,,,,,,,,,,,,,,,,,0,0,0,0,0
28.3128,1783969880.0796,1,2,0.5000,0.4906,1.42233,-0.03163,-2.63743,1.09830,1.57085,0.11671,-0.12757,-0.48152,0.02655,,,,,,,,,,,,,,,,,,,,,,,,,,0,0,0,0,0
28.3300,1783969880.0968,1,2,0.5000,0.4893,1.42233,-0.03163,-2.63743,1.09830,1.57085,0.11671,-0.12757,-0.48152,0.02655,,,,,,,,,,,,,,,,,,,,,,,,,,0,0,0,0,0
28.3320,1783969880.0988,1,2,0.5000,0.4490,1.42233,-0.03163,-2.63743,1.09830,1.57085,0.11671,-0.12757,-0.48152,0.02655,,,,,,,,,,,,,,,,,,,,,,,,,,0,0,0,0,0
28.3324,1783969880.0991,1,2,0.5000,0.4508,1.42233,-0.03163,-2.63743,1.09830,1.57085,0.11671,-0.12757,-0.48152,0.02655,,,,,,,,,,,,,,,,,,,,,,,,,,0,0,0,0,0
28.3472,1783969880.1140,1,2,0.5000,0.4609,1.42233,-0.03163,-2.63743,1.09830,1.57085,0.11671,-0.12757,-0.48152,0.02655,,,,,,,,,,,,,,,,,,,,,,,,,,0,0,0,0,0
28.3511,1783969880.1178,1,2,0.5000,0.4613,1.42233,-0.03163,-2.63743,1.09830,1.57085,0.11671,-0.12757,-0.48152,0.02655,,,,,,,,,,,,,,,,,,,,,,,,,,0,0,0,0,0
28.3517,1783969880.1185,1,2,0.5000,0.4771,1.42233,-0.03163,-2.63743,1.09830,1.57085,0.11671,-0.12757,-0.48152,0.02655,,,,,,,,,,,,,,,,,,,,,,,,,,0,0,0,0,0
28.3823,1783969880.1490,1,2,0.5000,0.4754,1.42233,-0.03163,-2.63743,1.09830,1.57085,0.11671,-0.12757,-0.48152,0.02655,,,,,,,,,,,,,,,,,,,,,,,,,,0,0,0,0,0
28.3837,1783969880.1505,1,2,0.5000,0.4498,1.42233,-0.03163,-2.63743,1.09830,1.57085,0.11671,-0.12757,-0.48152,0.02655,,,,,,,,,,,,,,,,,,,,,,,,,,0,0,0,0,0
28.3918,1783969880.1585,1,2,0.5000,0.4402,1.42233,-0.03163,-2.63743,1.09830,1.57085,0.11671,-0.12757,-0.48152,0.02655,,,,,,,,,,,,,,,,,,,,,,,,,,0,0,0,0,0
28.4015,1783969880.1683,1,2,0.5000,0.4506,1.42233,-0.03163,-2.63743,1.09830,1.57085,0.11671,-0.12757,-0.48152,0.02655,,,,,,,,,,,,,,,,,,,,,,,,,,0,0,0,0,0
28.4097,1783969880.1765,1,2,0.5000,0.4708,1.42233,-0.03163,-2.63743,1.09830,1.57085,0.11671,-0.12757,-0.48152,0.02655,,,,,,,,,,,,,,,,,,,,,,,,,,0,0,0,0,0
28.4200,1783969880.1868,1,2,0.5000,0.5533,1.42233,-0.03163,-2.63743,1.09830,1.57085,0.11671,-0.12757,-0.48152,0.02655,,,,,,,,,,,,,,,,,,,,,,,,,,0,0,0,0,0
28.4319,1783969880.1987,1,0,0.5000,0.5444,1.42233,-0.03163,-2.63743,1.09830,1.57085,0.11671,-0.12757,-0.48152,0.02655,,,,,,,,,,,,,,,,,,,,,,,,,,0,0,0,0,0
28.4432,1783969880.2100,1,0,0.5000,0.5111,1.42233,-0.03163,-2.63743,1.09830,1.57085,0.11671,-0.12757,-0.48152,0.02655,,,,,,,,,,,,,,,,,,,,,,,,,,0,0,0,0,0
28.5030,1783969880.2698,1,0,0.5000,0.4795,1.42233,-0.03163,-2.63743,1.09830,1.57085,0.11671,-0.12757,-0.48152,0.02655,,,,,,,,,,,,,,,,,,,,,,,,,,0,0,0,0,0
28.5035,1783969880.2703,1,0,0.5000,0.4093,1.42233,-0.03163,-2.63743,1.09830,1.57085,0.11671,-0.12757,-0.48152,0.02655,,,,,,,,,,,,,,,,,,,,,,,,,,0,0,0,0,0
28.5052,1783969880.2720,1,0,0.5000,0.4450,1.42233,-0.03163,-2.63743,1.09830,1.57085,0.11671,-0.12757,-0.48152,0.02655,,,,,,,,,,,,,,,,,,,,,,,,,,0,0,0,0,0
28.5055,1783969880.2723,1,0,0.5000,0.4593,1.42233,-0.03163,-2.63743,1.09830,1.57085,0.11671,-0.12757,-0.48152,0.02655,,,,,,,,,,,,,,,,,,,,,,,,,,0,0,0,0,0
28.5131,1783969880.2799,1,0,0.5000,0.4602,1.42233,-0.03163,-2.63743,1.09830,1.57085,0.11671,-0.12757,-0.48152,0.02655,,,,,,,,,,,,,,,,,,,,,,,,,,0,0,0,0,0
28.5170,1783969880.2838,1,0,0.5000,0.4731,1.42233,-0.03163,-2.63743,1.09830,1.57085,0.11671,-0.12757,-0.48152,0.02655,,,,,,,,,,,,,,,,,,,,,,,,,,0,0,0,0,0
28.5296,1783969880.2964,1,0,0.5000,0.4451,1.42233,-0.03163,-2.63743,1.09830,1.57085,0.11671,-0.12757,-0.48152,0.02655,,,,,,,,,,,,,,,,,,,,,,,,,,0,0,0,0,0
28.5321,1783969880.2989,1,0,0.5000,0.4619,1.42233,-0.03163,-2.63743,1.09830,1.57085,0.11671,-0.12757,-0.48152,0.02655,,,,,,,,,,,,,,,,,,,,,,,,,,0,0,0,0,0
28.5327,1783969880.2995,1,0,0.5000,0.4685,1.42233,-0.03163,-2.63743,1.09830,1.57085,0.11671,-0.12757,-0.48152,0.02655,,,,,,,,,,,,,,,,,,,,,,,,,,0,0,0,0,0
28.5347,1783969880.3014,1,0,0.5000,0.4645,1.42233,-0.03163,-2.63743,1.09830,1.57085,0.11671,-0.12757,-0.48152,0.02655,,,,,,,,,,,,,,,,,,,,,,,,,,0,0,0,0,0
28.5433,1783969880.3101,1,0,0.5000,0.4752,1.42233,-0.03163,-2.63743,1.09830,1.57085,0.11671,-0.12757,-0.48152,0.02655,,,,,,,,,,,,,,,,,,,,,,,,,,0,0,0,0,0
28.5440,1783969880.3108,1,0,0.5000,0.4711,1.42233,-0.03163,-2.63743,1.09830,1.57085,0.11671,-0.12757,-0.48152,0.02655,,,,,,,,,,,,,,,,,,,,,,,,,,0,0,0,0,0
28.5522,1783969880.3190,1,0,0.5000,0.4905,1.42233,-0.03163,-2.63743,1.09830,1.57085,0.11671,-0.12757,-0.48152,0.02655,,,,,,,,,,,,,,,,,,,,,,,,,,0,0,0,0,0
28.5525,1783969880.3192,1,0,0.5000,0.5095,1.42233,-0.03163,-2.63743,1.09830,1.57085,0.11671,-0.12757,-0.48152,0.02655,,,,,,,,,,,,,,,,,,,,,,,,,,0,0,0,0,0
28.5608,1783969880.3276,1,0,0.5000,0.4902,1.42233,-0.03163,-2.63743,1.09830,1.57085,0.11671,-0.12757,-0.48152,0.02655,,,,,,,,,,,,,,,,,,,,,,,,,,0,0,0,0,0
28.5722,1783969880.3390,1,0,0.5000,0.5082,1.42233,-0.03163,-2.63743,1.09830,1.57085,0.11671,-0.12757,-0.48152,0.02655,,,,,,,,,,,,,,,,,,,,,,,,,,0,0,0,0,0
28.5860,1783969880.3527,1,0,0.5000,0.4746,1.42233,-0.03163,-2.63743,1.09830,1.57085,0.11671,-0.12757,-0.48152,0.02655,,,,,,,,,,,,,,,,,,,,,,,,,,0,0,0,0,0
28.5907,1783969880.3575,1,0,0.5000,0.4255,1.42233,-0.03163,-2.63743,1.09830,1.57085,0.11671,-0.12757,-0.48152,0.02655,,,,,,,,,,,,,,,,,,,,,,,,,,0,0,0,0,0
28.6045,1783969880.3713,1,0,0.5000,0.4481,1.42233,-0.03163,-2.63743,1.09830,1.57085,0.11671,-0.12757,-0.48152,0.02655,,,,,,,,,,,,,,,,,,,,,,,,,,0,0,0,0,0
28.6150,1783969880.3818,1,0,0.5000,0.4511,1.42233,-0.03163,-2.63743,1.09830,1.57085,0.11671,-0.12757,-0.48152,0.02655,,,,,,,,,,,,,,,,,,,,,,,,,,0,0,0,0,0
28.6203,1783969880.3871,1,0,0.5000,0.4805,1.42233,-0.03163,-2.63743,1.09830,1.57085,0.11671,-0.12757,-0.48152,0.02655,,,,,,,,,,,,,,,,,,,,,,,,,,0,0,0,0,0
28.6339,1783969880.4007,1,0,0.5000,0.4597,1.42233,-0.03163,-2.63743,1.09830,1.57085,0.11671,-0.12757,-0.48152,0.02655,,,,,,,,,,,,,,,,,,,,,,,,,,0,0,0,0,0
28.6343,1783969880.4011,1,0,0.5000,0.4610,1.42233,-0.03163,-2.63743,1.09830,1.57085,0.11671,-0.12757,-0.48152,0.02655,,,,,,,,,,,,,,,,,,,,,,,,,,0,0,0,0,0
28.6406,1783969880.4074,1,0,0.5000,0.4534,1.42233,-0.03163,-2.63743,1.09830,1.57085,0.11671,-0.12757,-0.48152,0.02655,,,,,,,,,,,,,,,,,,,,,,,,,,0,0,0,0,0
28.6411,1783969880.4078,1,0,0.5000,0.4510,1.42233,-0.03163,-2.63743,1.09830,1.57085,0.11671,-0.12757,-0.48152,0.02655,,,,,,,,,,,,,,,,,,,,,,,,,,0,0,0,0,0
28.6541,1783969880.4209,1,0,0.5000,0.4549,1.42233,-0.03163,-2.63743,1.09830,1.57085,0.11671,-0.12757,-0.48152,0.02655,,,,,,,,,,,,,,,,,,,,,,,,,,0,0,0,0,0
28.6603,1783969880.4271,1,0,0.5000,0.4600,1.42233,-0.03163,-2.63743,1.09830,1.57085,0.11671,-0.12757,-0.48152,0.02655,,,,,,,,,,,,,,,,,,,,,,,,,,0,0,0,0,0
28.6606,1783969880.4274,1,0,0.5000,0.4600,1.42233,-0.03163,-2.63743,1.09830,1.57085,0.11671,-0.12757,-0.48152,0.02655,,,,,,,,,,,,,,,,,,,,,,,,,,0,0,0,0,0
28.6793,1783969880.4461,1,0,0.5000,0.5068,1.42233,-0.03163,-2.63743,1.09830,1.57085,0.11671,-0.12757,-0.48152,0.02655,,,,,,,,,,,,,,,,,,,,,,,,,,0,0,0,0,0
28.7406,1783969880.5074,1,0,0.5000,0.4846,1.42233,-0.03162,-2.63741,1.09829,1.57085,0.11671,-0.12756,-0.48154,0.02656,,,,,,,,,,,,,,,,,,,,,,,,,,0,0,0,0,0
28.7453,1783969880.5121,1,0,0.5000,0.3779,1.42233,-0.03161,-2.63740,1.09829,1.57085,0.11671,-0.12756,-0.48154,0.02657,,,,,,,,,,,,,,,,,,,,,,,,,,0,0,0,0,0
28.7461,1783969880.5129,1,0,0.5000,0.0677,1.42233,-0.03161,-2.63740,1.09829,1.57085,0.11671,-0.12756,-0.48154,0.02657,,,,,,,,,,,,,,,,,,,,,,,,,,0,0,0,0,0
28.7519,1783969880.5187,1,0,0.5000,0.0075,1.42233,-0.03160,-2.63738,1.09828,1.57085,0.11671,-0.12756,-0.48156,0.02658,,,,,,,,,,,,,,,,,,,,,,,,,,0,0,0,0,0
28.7711,1783969880.5379,1,0,0.5000,0.0020,1.42233,-0.03157,-2.63737,1.09825,1.57085,0.11671,-0.12756,-0.48156,0.02659,,,,,,,,,,,,,,,,,,,,,,,,,,0,0,0,0,0
28.7716,1783969880.5383,1,0,0.5000,0.0012,1.42233,-0.03157,-2.63737,1.09825,1.57085,0.11671,-0.12756,-0.48156,0.02659,,,,,,,,,,,,,,,,,,,,,,,,,,0,0,0,0,0
28.7826,1783969880.5494,1,0,0.5000,0.0003,1.42233,-0.03150,-2.63733,1.09818,1.57085,0.11671,-0.12756,-0.48158,0.02662,,,,,,,,,,,,,,,,,,,,,,,,,,0,0,0,0,0
28.7831,1783969880.5498,1,0,0.5000,0.0002,1.42233,-0.03150,-2.63733,1.09818,1.57085,0.11671,-0.12756,-0.48158,0.02662,,,,,,,,,,,,,,,,,,,,,,,,,,0,0,0,0,0
28.7836,1783969880.5504,1,0,0.5000,0.0001,1.42233,-0.03150,-2.63733,1.09818,1.57085,0.11671,-0.12756,-0.48158,0.02662,,,,,,,,,,,,,,,,,,,,,,,,,,0,0,0,0,0
28.7859,1783969880.5527,1,0,0.5000,0.0000,1.42233,-0.03150,-2.63733,1.09818,1.57085,0.11671,-0.12756,-0.48158,0.02662,,,,,,,,,,,,,,,,,,,,,,,,,,0,0,0,0,0
28.7912,1783969880.5580,1,0,0.5000,0.0000,1.42233,-0.03149,-2.63733,1.09817,1.57085,0.11671,-0.12756,-0.48158,0.02663,,,,,,,,,,,,,,,,,,,,,,,,,,0,0,0,0,0
28.8019,1783969880.5687,1,0,0.5000,-0.0000,1.42233,-0.03136,-2.63729,1.09802,1.57085,0.11671,-0.12756,-0.48159,0.02668,,,,,,,,,,,,,,,,,,,,,,,,,,0,0,0,0,0
28.8024,1783969880.5691,1,0,0.5000,-0.0000,1.42233,-0.03136,-2.63729,1.09802,1.57085,0.11671,-0.12756,-0.48159,0.02668,,,,,,,,,,,,,,,,,,,,,,,,,,0,0,0,0,0
28.8027,1783969880.5695,1,0,0.5000,-0.0000,1.42233,-0.03136,-2.63729,1.09802,1.57085,0.11671,-0.12756,-0.48159,0.02668,,,,,,,,,,,,,,,,,,,,,,,,,,0,0,0,0,0
28.8105,1783969880.5773,1,0,0.5000,-0.0000,1.42233,-0.03120,-2.63725,1.09783,1.57085,0.11671,-0.12755,-0.48160,0.02674,,,,,,,,,,,,,,,,,,,,,,,,,,0,0,0,0,0
28.8123,1783969880.5791,1,0,0.5000,-0.0000,1.42233,-0.03120,-2.63725,1.09783,1.57085,0.11671,-0.12755,-0.48160,0.02674,,,,,,,,,,,,,,,,,,,,,,,,,,0,0,0,0,0
28.8245,1783969880.5912,1,0,0.5000,-0.0000,1.42233,-0.03111,-2.63724,1.09773,1.57085,0.11671,-0.12755,-0.48160,0.02676,,,,,,,,,,,,,,,,,,,,,,,,,,0,0,0,0,0
28.8426,1783969880.6094,1,0,0.5000,-0.0000,1.42233,-0.03033,-2.63708,1.09681,1.57085,0.11671,-0.12755,-0.48161,0.02703,,,,,,,,,,,,,,,,,,,,,,,,,,0,0,0,0,0
28.8535,1783969880.6203,1,0,0.5000,-0.0000,1.42233,-0.03029,-2.63707,1.09676,1.57085,0.11671,-0.12755,-0.48161,0.02704,,,,,,,,,,,,,,,,,,,,,,,,,,0,0,0,0,0
28.8606,1783969880.6273,1,0,0.5000,-0.0000,1.42233,-0.03002,-2.63701,1.09643,1.57085,0.11671,-0.12755,-0.48161,0.02713,,,,,,,,,,,,,,,,,,,,,,,,,,0,0,0,0,0
28.8621,1783969880.6289,1,0,0.5000,-0.0000,1.42233,-0.02979,-2.63697,1.09616,1.57085,0.11671,-0.12756,-0.48161,0.02721,,,,,,,,,,,,,,,,,,,,,,,,,,0,0,0,0,0
28.8824,1783969880.6491,1,0,0.5000,-0.0000,1.42234,-0.02878,-2.63676,1.09496,1.57085,0.11671,-0.12756,-0.48161,0.02754,,,,,,,,,,,,,,,,,,,,,,,,,,0,0,0,0,0
28.8940,1783969880.6608,1,0,0.5000,-0.0000,1.42234,-0.02799,-2.63660,1.09401,1.57085,0.11671,-0.12756,-0.48161,0.02780,,,,,,,,,,,,,,,,,,,,,,,,,,0,0,0,0,0
28.8942,1783969880.6609,1,0,0.5000,-0.0000,1.42234,-0.02799,-2.63660,1.09401,1.57085,0.11671,-0.12756,-0.48161,0.02780,,,,,,,,,,,,,,,,,,,,,,,,,,0,0,0,0,0
28.8946,1783969880.6614,1,0,0.5000,-0.0000,1.42234,-0.02799,-2.63660,1.09401,1.57085,0.11671,-0.12756,-0.48161,0.02780,,,,,,,,,,,,,,,,,,,,,,,,,,0,0,0,0,0
28.8950,1783969880.6618,1,0,0.5000,-0.0000,1.42234,-0.02799,-2.63660,1.09401,1.57085,0.11671,-0.12756,-0.48161,0.02780,,,,,,,,,,,,,,,,,,,,,,,,,,0,0,0,0,0
28.9051,1783969880.6719,1,0,0.5000,-0.0000,1.42234,-0.02707,-2.63641,1.09290,1.57085,0.11671,-0.12756,-0.48161,0.02811,,,,,,,,,,,,,,,,,,,,,,,,,,0,0,0,0,0
28.9059,1783969880.6727,1,0,0.5000,-0.0000,1.42235,-0.02653,-2.63630,1.09225,1.57085,0.11671,-0.12756,-0.48161,0.02829,,,,,,,,,,,,,,,,,,,,,,,,,,0,0,0,0,0
28.9203,1783969880.6871,1,0,0.5000,-0.0000,1.42235,-0.02621,-2.63623,1.09186,1.57085,0.11671,-0.12756,-0.48161,0.02840,,,,,,,,,,,,,,,,,,,,,,,,,,0,0,0,0,0
28.9219,1783969880.6887,1,0,0.5000,-0.0000,1.42235,-0.02583,-2.63615,1.09141,1.57085,0.11671,-0.12756,-0.48162,0.02852,,,,,,,,,,,,,,,,,,,,,,,,,,0,0,0,0,0
28.9223,1783969880.6890,1,0,0.5000,-0.0000,1.42235,-0.02583,-2.63615,1.09141,1.57085,0.11671,-0.12756,-0.48162,0.02852,,,,,,,,,,,,,,,,,,,,,,,,,,0,0,0,0,0
28.9307,1783969880.6975,1,0,0.5000,-0.0000,1.42235,-0.02473,-2.63593,1.09010,1.57085,0.11671,-0.12756,-0.48162,0.02889,,,,,,,,,,,,,,,,,,,,,,,,,,0,0,0,0,0
28.9405,1783969880.7073,1,0,0.5000,-0.0000,1.42235,-0.02462,-2.63590,1.08996,1.57085,0.11671,-0.12756,-0.48162,0.02892,,,,,,,,,,,,,,,,,,,,,,,,,,0,0,0,0,0
28.9408,1783969880.7076,1,0,0.5000,-0.0000,1.42235,-0.02462,-2.63590,1.08996,1.57085,0.11671,-0.12756,-0.48162,0.02892,,,,,,,,,,,,,,,,,,,,,,,,,,0,0,0,0,0
28.9565,1783969880.7232,1,0,0.5000,-0.0000,1.42236,-0.02234,-2.63542,1.08721,1.57085,0.11671,-0.12756,-0.48163,0.02969,,,,,,,,,,,,,,,,,,,,,,,,,,0,0,0,0,0
28.9608,1783969880.7276,1,0,0.5000,-0.0000,1.42236,-0.02145,-2.63524,1.08614,1.57085,0.11671,-0.12757,-0.48163,0.02999,,,,,,,,,,,,,,,,,,,,,,,,,,0,0,0,0,0
28.9771,1783969880.7439,1,0,0.5000,-0.0000,1.42237,-0.02005,-2.63494,1.08446,1.57085,0.11671,-0.12757,-0.48163,0.03046,,,,,,,,,,,,,,,,,,,,,,,,,,0,0,0,0,0
29.0073,1783969880.7741,1,0,0.5000,-0.0000,1.42238,-0.01615,-2.63412,1.07975,1.57085,0.11671,-0.12757,-0.48164,0.03176,,,,,,,,,,,,,,,,,,,,,,,,,,0,0,0,0,0
29.0166,1783969880.7834,1,0,0.5000,-0.0000,1.42239,-0.01416,-2.63370,1.07735,1.57085,0.11671,-0.12758,-0.48164,0.03243,,,,,,,,,,,,,,,,,,,,,,,,,,0,0,0,0,0
29.0223,1783969880.7891,1,0,0.5000,-0.0000,1.42240,-0.01187,-2.63321,1.07457,1.57085,0.11671,-0.12758,-0.48163,0.03319,,,,,,,,,,,,,,,,,,,,,,,,,,0,0,0,0,0
29.0246,1783969880.7913,1,0,0.5000,-0.0000,1.42240,-0.01187,-2.63321,1.07457,1.57085,0.11671,-0.12758,-0.48163,0.03319,,,,,,,,,,,,,,,,,,,,,,,,,,0,0,0,0,0
29.0250,1783969880.7918,1,0,0.5000,-0.0000,1.42240,-0.01187,-2.63321,1.07457,1.57085,0.11671,-0.12758,-0.48163,0.03319,,,,,,,,,,,,,,,,,,,,,,,,,,0,0,0,0,0
29.0276,1783969880.7944,1,0,0.5000,-0.0000,1.42240,-0.01187,-2.63321,1.07457,1.57085,0.11671,-0.12758,-0.48163,0.03319,,,,,,,,,,,,,,,,,,,,,,,,,,0,0,0,0,0
29.0461,1783969880.8129,1,0,0.5000,-0.0000,1.42241,-0.00986,-2.63279,1.07214,1.57085,0.11671,-0.12759,-0.48163,0.03387,,,,,,,,,,,,,,,,,,,,,,,,,,0,0,0,0,0
29.0501,1783969880.8169,1,0,0.5000,-0.0000,1.42241,-0.00912,-2.63263,1.07123,1.57085,0.11671,-0.12759,-0.48162,0.03411,,,,,,,,,,,,,,,,,,,,,,,,,,0,0,0,0,0
29.0518,1783969880.8186,1,0,0.5000,-0.0000,1.42241,-0.00912,-2.63263,1.07123,1.57085,0.11671,-0.12759,-0.48162,0.03411,,,,,,,,,,,,,,,,,,,,,,,,,,0,0,0,0,0
29.0521,1783969880.8189,1,0,0.5000,-0.0000,1.42241,-0.00912,-2.63263,1.07123,1.57085,0.11671,-0.12759,-0.48162,0.03411,,,,,,,,,,,,,,,,,,,,,,,,,,0,0,0,0,0
29.0590,1783969880.8257,1,0,0.5000,-0.0000,1.42241,-0.00832,-2.63246,1.07026,1.57084,0.11671,-0.12759,-0.48162,0.03438,,,,,,,,,,,,,,,,,,,,,,,,,,0,0,0,0,0
29.0592,1783969880.8260,1,0,0.5000,-0.0000,1.42241,-0.00832,-2.63246,1.07026,1.57084,0.11671,-0.12759,-0.48162,0.03438,,,,,,,,,,,,,,,,,,,,,,,,,,0,0,0,0,0
29.0705,1783969880.8372,1,0,0.5000,-0.0000,1.42241,-0.00764,-2.63232,1.06943,1.57084,0.11671,-0.12759,-0.48162,0.03461,,,,,,,,,,,,,,,,,,,,,,,,,,0,0,0,0,0
29.0851,1783969880.8519,1,0,0.5000,-0.0000,1.42242,-0.00597,-2.63196,1.06739,1.57084,0.11671,-0.12760,-0.48160,0.03517,,,,,,,,,,,,,,,,,,,,,,,,,,0,0,0,0,0
29.1055,1783969880.8723,1,0,0.5000,-0.0000,1.42242,-0.00477,-2.63171,1.06591,1.57084,0.11671,-0.12760,-0.48159,0.03557,,,,,,,,,,,,,,,,,,,,,,,,,,0,0,0,0,0
29.1065,1783969880.8733,1,0,0.5000,-0.0000,1.42242,-0.00441,-2.63163,1.06547,1.57084,0.11671,-0.12760,-0.48159,0.03569,,,,,,,,,,,,,,,,,,,,,,,,,,0,0,0,0,0
29.1070,1783969880.8738,1,0,0.5000,-0.0000,1.42242,-0.00441,-2.63163,1.06547,1.57084,0.11671,-0.12760,-0.48159,0.03569,,,,,,,,,,,,,,,,,,,,,,,,,,0,0,0,0,0
29.1092,1783969880.8760,1,0,0.5000,-0.0000,1.42242,-0.00441,-2.63163,1.06547,1.57084,0.11671,-0.12760,-0.48159,0.03569,,,,,,,,,,,,,,,,,,,,,,,,,,0,0,0,0,0
29.1096,1783969880.8764,1,0,0.5000,-0.0000,1.42242,-0.00441,-2.63163,1.06547,1.57084,0.11671,-0.12760,-0.48159,0.03569,,,,,,,,,,,,,,,,,,,,,,,,,,0,0,0,0,0
29.1195,1783969880.8863,1,0,0.5000,-0.0000,1.42243,-0.00393,-2.63153,1.06487,1.57084,0.11671,-0.12760,-0.48159,0.03585,,,,,,,,,,,,,,,,,,,,,,,,,,0,0,0,0,0
29.1439,1783969880.9107,1,0,0.5000,-0.0000,1.42243,-0.00200,-2.63111,1.06247,1.57084,0.11671,-0.12761,-0.48156,0.03649,,,,,,,,,,,,,,,,,,,,,,,,,,0,0,0,0,0
29.1514,1783969880.9182,1,0,0.5000,-0.0000,1.42243,-0.00155,-2.63102,1.06191,1.57084,0.11671,-0.12761,-0.48156,0.03663,,,,,,,,,,,,,,,,,,,,,,,,,,0,0,0,0,0
29.1538,1783969880.9206,1,0,0.5000,-0.0000,1.42243,-0.00152,-2.63101,1.06188,1.57084,0.11671,-0.12761,-0.48156,0.03664,,,,,,,,,,,,,,,,,,,,,,,,,,0,0,0,0,0
29.1751,1783969880.9419,1,0,0.5000,-0.0000,1.42244,-0.00078,-2.63084,1.06094,1.57084,0.11672,-0.12762,-0.48155,0.03689,,,,,,,,,,,,,,,,,,,,,,,,,,0,0,0,0,0
29.1756,1783969880.9423,1,0,0.5000,-0.0000,1.42244,-0.00078,-2.63084,1.06094,1.57084,0.11672,-0.12762,-0.48155,0.03689,,,,,,,,,,,,,,,,,,,,,,,,,,0,0,0,0,0
29.1818,1783969880.9485,1,0,0.5000,-0.0000,1.42244,-0.00034,-2.63074,1.06038,1.57084,0.11672,-0.12762,-0.48155,0.03704,,,,,,,,,,,,,,,,,,,,,,,,,,0,0,0,0,0
29.2032,1783969880.9700,1,0,0.5000,-0.0000,1.42244,0.00058,-2.63050,1.05921,1.57084,0.11672,-0.12762,-0.48156,0.03736,,,,,,,,,,,,,,,,,,,,,,,,,,0,0,0,0,0
29.2163,1783969880.9831,1,0,0.5000,-0.0000,1.42244,0.00071,-2.63045,1.05902,1.57084,0.11672,-0.12762,-0.48157,0.03741,,,,,,,,,,,,,,,,,,,,,,,,,,0,0,0,0,0
29.2263,1783969880.9931,1,0,0.5000,-0.0000,1.42244,0.00071,-2.63045,1.05902,1.57084,0.11672,-0.12762,-0.48157,0.03741,,,,,,,,,,,,,,,,,,,,,,,,,,0,0,0,0,0
29.2390,1783969881.0058,1,0,0.5000,-0.0000,1.42244,0.00071,-2.63045,1.05902,1.57084,0.11672,-0.12762,-0.48157,0.03741,,,,,,,,,,,,,,,,,,,,,,,,,,0,0,0,0,0
29.2466,1783969881.0134,1,0,0.5000,-0.0000,1.42244,0.00071,-2.63045,1.05902,1.57084,0.11672,-0.12762,-0.48157,0.03741,,,,,,,,,,,,,,,,,,,,,,,,,,0,0,0,0,0
29.2470,1783969881.0137,1,0,0.5000,-0.0000,1.42244,0.00071,-2.63045,1.05902,1.57084,0.11672,-0.12762,-0.48157,0.03741,,,,,,,,,,,,,,,,,,,,,,,,,,0,0,0,0,0
29.2510,1783969881.0178,1,0,0.5000,-0.0000,1.42244,0.00071,-2.63045,1.05902,1.57084,0.11672,-0.12762,-0.48157,0.03741,,,,,,,,,,,,,,,,,,,,,,,,,,0,0,0,0,0
29.2678,1783969881.0346,1,0,0.5000,-0.0000,1.42244,0.00071,-2.63045,1.05902,1.57084,0.11672,-0.12762,-0.48157,0.03741,,,,,,,,,,,,,,,,,,,,,,,,,,0,0,0,0,0
29.2682,1783969881.0349,1,0,0.5000,-0.0000,1.42244,0.00071,-2.63045,1.05902,1.57084,0.11672,-0.12762,-0.48157,0.03741,,,,,,,,,,,,,,,,,,,,,,,,,,0,0,0,0,0
29.2701,1783969881.0369,1,0,0.5000,-0.0000,1.42244,0.00071,-2.63045,1.05902,1.57084,0.11672,-0.12762,-0.48157,0.03741,,,,,,,,,,,,,,,,,,,,,,,,,,0,0,0,0,0
29.2704,1783969881.0372,1,0,0.5000,-0.0000,1.42244,0.00071,-2.63045,1.05902,1.57084,0.11672,-0.12762,-0.48157,0.03741,,,,,,,,,,,,,,,,,,,,,,,,,,0,0,0,0,0
29.3037,1783969881.0705,1,0,0.5000,-0.0000,1.42244,0.00071,-2.63045,1.05902,1.57084,0.11672,-0.12762,-0.48157,0.03741,,,,,,,,,,,,,,,,,,,,,,,,,,0,0,0,0,0
29.3563,1783969881.1231,1,0,0.5000,-0.0000,1.42244,0.00071,-2.63045,1.05902,1.57084,0.11672,-0.12762,-0.48157,0.03741,,,,,,,,,,,,,,,,,,,,,,,,,,0,0,0,0,0
29.3623,1783969881.1291,1,0,0.5000,-0.0000,1.42244,0.00071,-2.63045,1.05902,1.57084,0.11672,-0.12762,-0.48157,0.03741,,,,,,,,,,,,,,,,,,,,,,,,,,0,0,0,0,0
29.3626,1783969881.1294,1,0,0.5000,-0.0000,1.42244,0.00071,-2.63045,1.05902,1.57084,0.11672,-0.12762,-0.48157,0.03741,,,,,,,,,,,,,,,,,,,,,,,,,,0,0,0,0,0
29.3740,1783969881.1408,1,0,0.5000,-0.0000,1.42244,0.00071,-2.63045,1.05902,1.57084,0.11672,-0.12762,-0.48157,0.03741,,,,,,,,,,,,,,,,,,,,,,,,,,0,0,0,0,0
29.3756,1783969881.1424,1,0,0.5000,-0.0000,1.42244,0.00071,-2.63045,1.05902,1.57084,0.11672,-0.12762,-0.48157,0.03741,,,,,,,,,,,,,,,,,,,,,,,,,,0,0,0,0,0
29.3843,1783969881.1510,1,0,0.5000,-0.0000,1.42244,0.00071,-2.63045,1.05902,1.57084,0.11672,-0.12762,-0.48157,0.03741,,,,,,,,,,,,,,,,,,,,,,,,,,0,0,0,0,0
29.3845,1783969881.1513,1,0,0.5000,-0.0000,1.42244,0.00071,-2.63045,1.05902,1.57084,0.11672,-0.12762,-0.48157,0.03741,,,,,,,,,,,,,,,,,,,,,,,,,,0,0,0,0,0
29.4080,1783969881.1748,1,0,0.5000,-0.0000,1.42244,0.00071,-2.63045,1.05902,1.57084,0.11672,-0.12762,-0.48157,0.03741,,,,,,,,,,,,,,,,,,,,,,,,,,0,0,0,0,0
29.4086,1783969881.1753,1,0,0.5000,-0.0000,1.42244,0.00071,-2.63045,1.05902,1.57084,0.11672,-0.12762,-0.48157,0.03741,,,,,,,,,,,,,,,,,,,,,,,,,,0,0,0,0,0
29.4116,1783969881.1784,1,0,0.5000,-0.0000,1.42244,0.00071,-2.63045,1.05902,1.57084,0.11672,-0.12762,-0.48157,0.03741,,,,,,,,,,,,,,,,,,,,,,,,,,0,0,0,0,0
29.4121,1783969881.1789,1,0,0.5000,-0.0000,1.42244,0.00071,-2.63045,1.05902,1.57084,0.11672,-0.12762,-0.48157,0.03741,,,,,,,,,,,,,,,,,,,,,,,,,,0,0,0,0,0
29.4128,1783969881.1796,1,0,0.5000,-0.0000,1.42244,0.00071,-2.63045,1.05902,1.57084,0.11672,-0.12762,-0.48157,0.03741,,,,,,,,,,,,,,,,,,,,,,,,,,0,0,0,0,0
29.4139,1783969881.1807,1,0,0.5000,-0.0000,1.42244,0.00071,-2.63045,1.05902,1.57084,0.11672,-0.12762,-0.48157,0.03741,,,,,,,,,,,,,,,,,,,,,,,,,,0,0,0,0,0
29.4145,1783969881.1813,1,0,0.5000,-0.0000,1.42244,0.00071,-2.63045,1.05902,1.57084,0.11672,-0.12762,-0.48157,0.03741,,,,,,,,,,,,,,,,,,,,,,,,,,0,0,0,0,0
29.4149,1783969881.1817,1,0,0.5000,-0.0000,1.42244,0.00071,-2.63045,1.05902,1.57084,0.11672,-0.12762,-0.48157,0.03741,,,,,,,,,,,,,,,,,,,,,,,,,,0,0,0,0,0
29.4154,1783969881.1822,1,0,0.5000,-0.0000,1.42244,0.00071,-2.63045,1.05902,1.57084,0.11672,-0.12762,-0.48157,0.03741,,,,,,,,,,,,,,,,,,,,,,,,,,0,0,0,0,0
29.4165,1783969881.1833,1,0,0.5000,-0.0000,1.42244,0.00071,-2.63045,1.05902,1.57084,0.11672,-0.12762,-0.48157,0.03741,,,,,,,,,,,,,,,,,,,,,,,,,,0,0,0,0,0
29.4170,1783969881.1838,1,0,0.5000,-0.0000,1.42244,0.00071,-2.63045,1.05902,1.57084,0.11672,-0.12762,-0.48157,0.03741,,,,,,,,,,,,,,,,,,,,,,,,,,0,0,0,0,0
29.4223,1783969881.1890,1,0,0.5000,-0.0000,1.42244,0.00071,-2.63045,1.05902,1.57084,0.11672,-0.12762,-0.48157,0.03741,,,,,,,,,,,,,,,,,,,,,,,,,,0,0,0,0,0
29.4316,1783969881.1984,1,0,0.5000,-0.0000,1.42244,0.00071,-2.63045,1.05902,1.57084,0.11672,-0.12762,-0.48157,0.03741,,,,,,,,,,,,,,,,,,,,,,,,,,0,0,0,0,0
29.4418,1783969881.2086,1,0,0.5000,-0.0000,1.42244,0.00071,-2.63045,1.05902,1.57084,0.11672,-0.12762,-0.48157,0.03741,,,,,,,,,,,,,,,,,,,,,,,,,,0,0,0,0,0
29.4421,1783969881.2088,1,0,0.5000,-0.0000,1.42244,0.00071,-2.63045,1.05902,1.57084,0.11672,-0.12762,-0.48157,0.03741,,,,,,,,,,,,,,,,,,,,,,,,,,0,0,0,0,0
29.4506,1783969881.2173,1,0,0.5000,-0.0000,1.42244,0.00071,-2.63045,1.05902,1.57084,0.11672,-0.12762,-0.48157,0.03741,,,,,,,,,,,,,,,,,,,,,,,,,,0,0,0,0,0
29.4627,1783969881.2294,1,0,0.5000,-0.0000,1.42244,0.00071,-2.63045,1.05902,1.57084,0.11672,-0.12762,-0.48157,0.03741,,,,,,,,,,,,,,,,,,,,,,,,,,0,0,0,0,0
29.4756,1783969881.2424,1,0,0.5000,-0.0000,1.42244,0.00071,-2.63045,1.05902,1.57084,0.11672,-0.12762,-0.48157,0.03741,,,,,,,,,,,,,,,,,,,,,,,,,,0,0,0,0,0
29.4759,1783969881.2427,1,0,0.5000,-0.0000,1.42244,0.00071,-2.63045,1.05902,1.57084,0.11672,-0.12762,-0.48157,0.03741,,,,,,,,,,,,,,,,,,,,,,,,,,0,0,0,0,0
29.4801,1783969881.2468,1,0,0.5000,-0.0000,1.42244,0.00071,-2.63045,1.05902,1.57084,0.11672,-0.12762,-0.48157,0.03741,,,,,,,,,,,,,,,,,,,,,,,,,,0,0,0,0,0
29.4941,1783969881.2609,1,0,0.5000,-0.0000,1.42244,0.00071,-2.63045,1.05902,1.57084,0.11672,-0.12762,-0.48157,0.03741,,,,,,,,,,,,,,,,,,,,,,,,,,0,0,0,0,0
29.4949,1783969881.2616,1,0,0.5000,-0.0000,1.42244,0.00071,-2.63045,1.05902,1.57084,0.11672,-0.12762,-0.48157,0.03741,,,,,,,,,,,,,,,,,,,,,,,,,,0,0,0,0,0
29.4998,1783969881.2666,1,0,0.5000,-0.0000,1.42244,0.00071,-2.63045,1.05902,1.57084,0.11672,-0.12762,-0.48157,0.03741,,,,,,,,,,,,,,,,,,,,,,,,,,0,0,0,0,0
29.5119,1783969881.2786,1,0,0.5000,-0.0000,1.42244,0.00071,-2.63045,1.05902,1.57084,0.11672,-0.12762,-0.48157,0.03741,,,,,,,,,,,,,,,,,,,,,,,,,,0,0,0,0,0
29.5267,1783969881.2935,1,0,0.5000,-0.0000,1.42244,0.00071,-2.63045,1.05902,1.57084,0.11672,-0.12762,-0.48157,0.03741,,,,,,,,,,,,,,,,,,,,,,,,,,0,0,0,0,0
29.5355,1783969881.3022,1,0,0.5000,-0.0000,1.42244,0.00071,-2.63045,1.05902,1.57084,0.11672,-0.12762,-0.48157,0.03741,,,,,,,,,,,,,,,,,,,,,,,,,,0,0,0,0,0
29.5541,1783969881.3208,1,0,0.5000,-0.0000,1.42244,0.00071,-2.63045,1.05902,1.57084,0.11672,-0.12762,-0.48157,0.03741,,,,,,,,,,,,,,,,,,,,,,,,,,0,0,0,0,0
29.5547,1783969881.3215,1,0,0.5000,-0.0000,1.42244,0.00071,-2.63045,1.05902,1.57084,0.11672,-0.12762,-0.48157,0.03741,,,,,,,,,,,,,,,,,,,,,,,,,,0,0,0,0,0
29.5562,1783969881.3230,1,0,0.5000,-0.0000,1.42244,0.00071,-2.63045,1.05902,1.57084,0.11672,-0.12762,-0.48157,0.03741,,,,,,,,,,,,,,,,,,,,,,,,,,0,0,0,0,0
29.5566,1783969881.3234,1,0,0.5000,-0.0000,1.42244,0.00071,-2.63045,1.05902,1.57084,0.11672,-0.12762,-0.48157,0.03741,,,,,,,,,,,,,,,,,,,,,,,,,,0,0,0,0,0
29.5627,1783969881.3295,1,0,0.5000,-0.0000,1.42244,0.00071,-2.63045,1.05902,1.57084,0.11672,-0.12762,-0.48157,0.03741,,,,,,,,,,,,,,,,,,,,,,,,,,0,0,0,0,0
29.5632,1783969881.3300,1,0,0.5000,-0.0000,1.42244,0.00071,-2.63045,1.05902,1.57084,0.11672,-0.12762,-0.48157,0.03741,,,,,,,,,,,,,,,,,,,,,,,,,,0,0,0,0,0
29.5715,1783969881.3383,1,0,0.5000,-0.0000,1.42244,0.00071,-2.63045,1.05902,1.57084,0.11672,-0.12762,-0.48157,0.03741,,,,,,,,,,,,,,,,,,,,,,,,,,0,0,0,0,0
29.5718,1783969881.3386,1,0,0.5000,-0.0000,1.42244,0.00071,-2.63045,1.05902,1.57084,0.11672,-0.12762,-0.48157,0.03741,,,,,,,,,,,,,,,,,,,,,,,,,,0,0,0,0,0
29.6245,1783969881.3913,2,0,0.5000,-0.0000,1.42244,0.00071,-2.63045,1.05902,1.57084,0.11672,-0.12762,-0.48157,0.03741,,,,,,,,,,,,,,,,,,,,,,,,,,0,0,0,0,0
29.6608,1783969881.4276,2,0,0.5000,-0.0000,1.42244,0.00071,-2.63050,1.05901,1.57083,0.11672,-0.12762,-0.48153,0.03738,,,,,,,,,,,,,,,,,,,,,,,,,,0,0,0,0,0
29.6685,1783969881.4353,2,0,0.5000,-0.0000,1.42244,0.00071,-2.63052,1.05900,1.57083,0.11672,-0.12763,-0.48152,0.03738,,,,,,,,,,,,,,,,,,,,,,,,,,0,0,0,0,0
29.6688,1783969881.4356,2,0,0.5000,-0.0000,1.42244,0.00071,-2.63052,1.05900,1.57083,0.11672,-0.12763,-0.48152,0.03738,,,,,,,,,,,,,,,,,,,,,,,,,,0,0,0,0,0
29.6719,1783969881.4386,2,0,0.5000,-0.0000,1.42244,0.00071,-2.63052,1.05900,1.57083,0.11672,-0.12763,-0.48151,0.03737,,,,,,,,,,,,,,,,,,,,,,,,,,0,0,0,0,0
29.6795,1783969881.4463,2,0,0.5000,-0.0000,1.42244,0.00071,-2.63053,1.05900,1.57083,0.11673,-0.12763,-0.48151,0.03737,,,,,,,,,,,,,,,,,,,,,,,,,,0,0,0,0,0
29.6815,1783969881.4483,2,0,0.5000,-0.0000,1.42244,0.00071,-2.63053,1.05900,1.57083,0.11673,-0.12763,-0.48151,0.03737,,,,,,,,,,,,,,,,,,,,,,,,,,0,0,0,0,0
29.6818,1783969881.4486,2,0,0.5000,-0.0000,1.42244,0.00071,-2.63053,1.05900,1.57083,0.11673,-0.12763,-0.48151,0.03737,,,,,,,,,,,,,,,,,,,,,,,,,,0,0,0,0,0
29.6827,1783969881.4495,2,0,0.5000,-0.0000,1.42244,0.00071,-2.63053,1.05900,1.57083,0.11673,-0.12763,-0.48151,0.03737,,,,,,,,,,,,,,,,,,,,,,,,,,0,0,0,0,0
29.6835,1783969881.4503,2,0,0.5000,-0.0000,1.42244,0.00071,-2.63053,1.05900,1.57083,0.11673,-0.12763,-0.48151,0.03737,,,,,,,,,,,,,,,,,,,,,,,,,,0,0,0,0,0
29.6840,1783969881.4507,2,0,0.5000,-0.0000,1.42244,0.00071,-2.63053,1.05900,1.57083,0.11673,-0.12763,-0.48151,0.03737,,,,,,,,,,,,,,,,,,,,,,,,,,0,0,0,0,0
29.6852,1783969881.4520,2,0,0.5000,-0.0000,1.42244,0.00071,-2.63053,1.05900,1.57083,0.11673,-0.12763,-0.48151,0.03737,,,,,,,,,,,,,,,,,,,,,,,,,,0,0,0,0,0
29.6861,1783969881.4529,2,0,0.5000,-0.0000,1.42244,0.00071,-2.63053,1.05900,1.57083,0.11673,-0.12763,-0.48151,0.03737,,,,,,,,,,,,,,,,,,,,,,,,,,0,0,0,0,0
29.6938,1783969881.4606,2,0,0.5000,-0.0000,1.42244,0.00071,-2.63053,1.05900,1.57083,0.11673,-0.12763,-0.48151,0.03737,,,,,,,,,,,,,,,,,,,,,,,,,,0,0,0,0,0
29.7063,1783969881.4731,2,0,0.5000,-0.0000,1.42244,0.00071,-2.63053,1.05900,1.57083,0.11673,-0.12763,-0.48151,0.03737,,,,,,,,,,,,,,,,,,,,,,,,,,0,0,0,0,0
29.7069,1783969881.4737,2,0,0.5000,-0.0000,1.42244,0.00071,-2.63053,1.05900,1.57083,0.11673,-0.12763,-0.48151,0.03737,,,,,,,,,,,,,,,,,,,,,,,,,,0,0,0,0,0
29.8519,1783969881.6187,2,0,0.5000,-0.0000,1.42244,0.00071,-2.63053,1.05900,1.57083,0.11673,-0.12763,-0.48151,0.03737,,,,,,,,,,,,,,,,,,,,,,,,,,0,0,0,0,0
29.8523,1783969881.6191,2,0,0.5000,-0.0000,1.42244,0.00071,-2.63053,1.05900,1.57083,0.11673,-0.12763,-0.48151,0.03737,,,,,,,,,,,,,,,,,,,,,,,,,,0,0,0,0,0
29.9342,1783969881.7010,2,0,0.5000,-0.0000,1.42244,0.00071,-2.63053,1.05900,1.57083,0.11673,-0.12763,-0.48151,0.03737,,,,,,,,,,,,,,,,,,,,,,,,,,0,0,0,0,0
29.9347,1783969881.7015,2,0,0.5000,-0.0000,1.42244,0.00071,-2.63053,1.05900,1.57083,0.11673,-0.12763,-0.48151,0.03737,,,,,,,,,,,,,,,,,,,,,,,,,,0,0,0,0,0
29.9920,1783969881.7587,2,0,0.5000,-0.0000,1.42244,0.00071,-2.63053,1.05900,1.57083,0.11673,-0.12763,-0.48151,0.03737,,,,,,,,,,,,,,,,,,,,,,,,,,0,0,0,0,0
30.0308,1783969881.7976,2,0,0.5000,-0.0000,1.42244,0.00071,-2.63053,1.05900,1.57083,0.11673,-0.12763,-0.48151,0.03737,,,,,,,,,,,,,,,,,,,,,,,,,,0,0,0,0,0
30.0365,1783969881.8032,2,0,0.5000,-0.0000,1.42244,0.00071,-2.63053,1.05900,1.57083,0.11673,-0.12763,-0.48151,0.03737,,,,,,,,,,,,,,,,,,,,,,,,,,0,0,0,0,0
30.0381,1783969881.8048,2,0,0.5000,-0.0000,1.42244,0.00071,-2.63053,1.05900,1.57083,0.11673,-0.12763,-0.48151,0.03737,,,,,,,,,,,,,,,,,,,,,,,,,,0,0,0,0,0
30.0401,1783969881.8069,2,0,0.5000,-0.0000,1.42244,0.00071,-2.63053,1.05900,1.57083,0.11673,-0.12763,-0.48151,0.03737,,,,,,,,,,,,,,,,,,,,,,,,,,0,0,0,0,0
30.0515,1783969881.8183,2,0,0.5000,-0.0000,1.42244,0.00071,-2.63053,1.05900,1.57083,0.11673,-0.12763,-0.48151,0.03737,,,,,,,,,,,,,,,,,,,,,,,,,,0,0,0,0,0
30.0816,1783969881.8484,2,0,0.5000,-0.0000,1.42244,0.00071,-2.63053,1.05900,1.57083,0.11673,-0.12763,-0.48151,0.03737,,,,,,,,,,,,,,,,,,,,,,,,,,0,0,0,0,0
30.0938,1783969881.8606,2,0,0.5000,-0.0000,1.42244,0.00071,-2.63053,1.05900,1.57083,0.11673,-0.12763,-0.48151,0.03737,,,,,,,,,,,,,,,,,,,,,,,,,,0,0,0,0,0
30.1170,1783969881.8838,2,0,0.5000,-0.0000,1.42244,0.00071,-2.63053,1.05900,1.57083,0.11673,-0.12763,-0.48151,0.03737,,,,,,,,,,,,,,,,,,,,,,,,,,0,0,0,0,0
30.1182,1783969881.8850,2,0,0.5000,-0.0000,1.42244,0.00071,-2.63053,1.05900,1.57082,0.11673,-0.12763,-0.48151,0.03737,,,,,,,,,,,,,,,,,,,,,,,,,,0,0,0,0,0
30.1510,1783969881.9178,2,0,0.5000,-0.0000,1.42244,0.00071,-2.63053,1.05900,1.57082,0.11673,-0.12763,-0.48150,0.03737,,,,,,,,,,,,,,,,,,,,,,,,,,0,0,0,0,0
30.1557,1783969881.9225,2,0,0.5000,-0.0000,1.42244,0.00071,-2.63053,1.05900,1.57082,0.11673,-0.12763,-0.48150,0.03737,,,,,,,,,,,,,,,,,,,,,,,,,,0,0,0,0,0
30.1619,1783969881.9287,2,0,0.5000,-0.0000,1.42244,0.00071,-2.63053,1.05900,1.57082,0.11673,-0.12763,-0.48150,0.03737,,,,,,,,,,,,,,,,,,,,,,,,,,0,0,0,0,0
30.1623,1783969881.9291,2,0,0.5000,-0.0000,1.42244,0.00071,-2.63053,1.05900,1.57082,0.11673,-0.12763,-0.48150,0.03737,,,,,,,,,,,,,,,,,,,,,,,,,,0,0,0,0,0
30.1758,1783969881.9426,2,0,0.5000,-0.0000,1.42244,0.00071,-2.63053,1.05900,1.57082,0.11673,-0.12763,-0.48150,0.03737,,,,,,,,,,,,,,,,,,,,,,,,,,0,0,0,0,0
30.1801,1783969881.9469,2,0,0.5000,-0.0000,1.42244,0.00071,-2.63053,1.05900,1.57082,0.11673,-0.12763,-0.48150,0.03737,,,,,,,,,,,,,,,,,,,,,,,,,,0,0,0,0,0
30.1947,1783969881.9615,2,0,0.5000,-0.0000,1.42244,0.00071,-2.63053,1.05900,1.57082,0.11673,-0.12763,-0.48150,0.03737,,,,,,,,,,,,,,,,,,,,,,,,,,0,0,0,0,0
30.1974,1783969881.9642,2,0,0.5000,-0.0000,1.42244,0.00071,-2.63053,1.05900,1.57082,0.11673,-0.12763,-0.48150,0.03737,,,,,,,,,,,,,,,,,,,,,,,,,,0,0,0,0,0
30.1983,1783969881.9651,2,0,0.5000,-0.0000,1.42244,0.00071,-2.63053,1.05900,1.57082,0.11673,-0.12763,-0.48150,0.03737,,,,,,,,,,,,,,,,,,,,,,,,,,0,0,0,0,0
30.2118,1783969881.9786,2,0,0.5000,-0.0000,1.42244,0.00071,-2.63053,1.05900,1.57082,0.11673,-0.12763,-0.48150,0.03737,,,,,,,,,,,,,,,,,,,,,,,,,,0,0,0,0,0
30.2122,1783969881.9790,2,0,0.5000,-0.0000,1.42244,0.00071,-2.63053,1.05900,1.57082,0.11673,-0.12763,-0.48150,0.03737,,,,,,,,,,,,,,,,,,,,,,,,,,0,0,0,0,0
30.2146,1783969881.9813,2,0,0.5000,-0.0000,1.42244,0.00071,-2.63053,1.05900,1.57082,0.11673,-0.12763,-0.48150,0.03737,,,,,,,,,,,,,,,,,,,,,,,,,,0,0,0,0,0
30.2211,1783969881.9879,2,0,0.5000,-0.0000,1.42244,0.00071,-2.63053,1.05900,1.57082,0.11673,-0.12763,-0.48150,0.03737,,,,,,,,,,,,,,,,,,,,,,,,,,0,0,0,0,0
30.2219,1783969881.9887,2,0,0.5000,-0.0000,1.42244,0.00071,-2.63053,1.05900,1.57082,0.11673,-0.12763,-0.48150,0.03737,,,,,,,,,,,,,,,,,,,,,,,,,,0,0,0,0,0
30.2337,1783969882.0005,2,0,0.5000,-0.0000,1.42244,0.00071,-2.63053,1.05900,1.57082,0.11673,-0.12763,-0.48150,0.03737,,,,,,,,,,,,,,,,,,,,,,,,,,0,0,0,0,0
30.2409,1783969882.0077,2,0,0.5000,-0.0000,1.42244,0.00071,-2.63053,1.05900,1.57082,0.11673,-0.12763,-0.48150,0.03737,,,,,,,,,,,,,,,,,,,,,,,,,,0,0,0,0,0
30.2438,1783969882.0106,2,0,0.5000,-0.0000,1.42244,0.00071,-2.63053,1.05900,1.57082,0.11673,-0.12763,-0.48150,0.03737,,,,,,,,,,,,,,,,,,,,,,,,,,0,0,0,0,0
30.2442,1783969882.0110,2,0,0.5000,-0.0000,1.42244,0.00071,-2.63053,1.05900,1.57082,0.11673,-0.12763,-0.48150,0.03737,,,,,,,,,,,,,,,,,,,,,,,,,,0,0,0,0,0
30.2563,1783969882.0231,2,0,0.5000,-0.0000,1.42244,0.00071,-2.63053,1.05900,1.57082,0.11673,-0.12763,-0.48150,0.03737,,,,,,,,,,,,,,,,,,,,,,,,,,0,0,0,0,0
30.2609,1783969882.0276,2,0,0.5000,-0.0000,1.42244,0.00071,-2.63053,1.05900,1.57082,0.11673,-0.12763,-0.48150,0.03737,,,,,,,,,,,,,,,,,,,,,,,,,,0,0,0,0,0
30.2611,1783969882.0279,2,0,0.5000,-0.0000,1.42244,0.00071,-2.63053,1.05900,1.57082,0.11673,-0.12763,-0.48150,0.03737,,,,,,,,,,,,,,,,,,,,,,,,,,0,0,0,0,0
30.2619,1783969882.0287,2,0,0.5000,-0.0000,1.42244,0.00071,-2.63053,1.05900,1.57082,0.11673,-0.12763,-0.48150,0.03737,,,,,,,,,,,,,,,,,,,,,,,,,,0,0,0,0,0
30.2624,1783969882.0291,2,0,0.5000,-0.0000,1.42244,0.00071,-2.63053,1.05900,1.57082,0.11673,-0.12763,-0.48150,0.03737,,,,,,,,,,,,,,,,,,,,,,,,,,0,0,0,0,0
30.2628,1783969882.0296,2,0,0.5000,-0.0000,1.42244,0.00071,-2.63053,1.05900,1.57082,0.11673,-0.12763,-0.48150,0.03737,,,,,,,,,,,,,,,,,,,,,,,,,,0,0,0,0,0
30.2785,1783969882.0452,2,0,0.5000,-0.0000,1.42244,0.00071,-2.63053,1.05900,1.57082,0.11673,-0.12763,-0.48150,0.03737,,,,,,,,,,,,,,,,,,,,,,,,,,0,0,0,0,0
30.2852,1783969882.0520,2,0,0.5000,-0.0000,1.42244,0.00071,-2.63053,1.05900,1.57082,0.11673,-0.12763,-0.48150,0.03737,,,,,,,,,,,,,,,,,,,,,,,,,,0,0,0,0,0
30.2857,1783969882.0525,2,0,0.5000,-0.0000,1.42244,0.00071,-2.63053,1.05900,1.57082,0.11673,-0.12763,-0.48150,0.03737,,,,,,,,,,,,,,,,,,,,,,,,,,0,0,0,0,0
30.2944,1783969882.0612,2,0,0.5000,-0.0000,1.42244,0.00071,-2.63053,1.05900,1.57082,0.11673,-0.12763,-0.48150,0.03737,,,,,,,,,,,,,,,,,,,,,,,,,,0,0,0,0,0
30.2946,1783969882.0613,2,0,0.5000,-0.0000,1.42244,0.00071,-2.63053,1.05900,1.57082,0.11673,-0.12763,-0.48150,0.03737,,,,,,,,,,,,,,,,,,,,,,,,,,0,0,0,0,0
30.3023,1783969882.0691,2,1,0.5000,-0.0000,1.42244,0.00071,-2.63053,1.05900,1.57082,0.11673,-0.12763,-0.48150,0.03737,,,,,,,,,,,,,,,,,,,,,,,,,,0,0,0,0,0
30.3146,1783969882.0814,2,1,0.5000,-0.0000,1.42244,0.00071,-2.63053,1.05900,1.57082,0.11673,-0.12763,-0.48150,0.03737,,,,,,,,,,,,,,,,,,,,,,,,,,0,0,0,0,0
30.3271,1783969882.0939,2,1,0.5000,-0.0000,1.42244,0.00071,-2.63053,1.05900,1.57082,0.11673,-0.12763,-0.48150,0.03737,,,,,,,,,,,,,,,,,,,,,,,,,,0,0,0,0,0
30.3304,1783969882.0972,2,1,0.5000,-0.0000,1.42244,0.00071,-2.63053,1.05900,1.57082,0.11673,-0.12763,-0.48150,0.03737,,,,,,,,,,,,,,,,,,,,,,,,,,0,0,0,0,0
30.3308,1783969882.0976,2,1,0.5000,-0.0000,1.42244,0.00071,-2.63053,1.05900,1.57082,0.11673,-0.12763,-0.48150,0.03737,,,,,,,,,,,,,,,,,,,,,,,,,,0,0,0,0,0
30.3310,1783969882.0978,2,1,0.5000,-0.0000,1.42244,0.00071,-2.63053,1.05900,1.57082,0.11673,-0.12763,-0.48150,0.03737,,,,,,,,,,,,,,,,,,,,,,,,,,0,0,0,0,0
30.3342,1783969882.1010,2,1,0.5000,-0.0000,1.42244,0.00071,-2.63053,1.05900,1.57082,0.11673,-0.12763,-0.48150,0.03737,,,,,,,,,,,,,,,,,,,,,,,,,,0,0,0,0,0
30.3345,1783969882.1013,2,1,0.5000,-0.0000,1.42244,0.00071,-2.63053,1.05900,1.57082,0.11673,-0.12763,-0.48150,0.03737,,,,,,,,,,,,,,,,,,,,,,,,,,0,0,0,0,0
30.3362,1783969882.1030,2,1,0.5000,-0.0000,1.42244,0.00071,-2.63053,1.05900,1.57082,0.11673,-0.12763,-0.48150,0.03737,,,,,,,,,,,,,,,,,,,,,,,,,,0,0,0,0,0
30.3365,1783969882.1033,2,1,0.5000,-0.0000,1.42244,0.00071,-2.63053,1.05900,1.57082,0.11673,-0.12763,-0.48150,0.03737,,,,,,,,,,,,,,,,,,,,,,,,,,0,0,0,0,0
30.3438,1783969882.1106,2,1,0.5000,-0.0000,1.42244,0.00071,-2.63053,1.05900,1.57082,0.11673,-0.12763,-0.48150,0.03737,,,,,,,,,,,,,,,,,,,,,,,,,,0,0,0,0,0
30.3443,1783969882.1111,2,1,0.5000,-0.0000,1.42244,0.00071,-2.63053,1.05900,1.57082,0.11673,-0.12763,-0.48150,0.03737,,,,,,,,,,,,,,,,,,,,,,,,,,0,0,0,0,0
30.3446,1783969882.1114,2,1,0.5000,-0.0000,1.42244,0.00071,-2.63053,1.05900,1.57082,0.11673,-0.12763,-0.48150,0.03737,,,,,,,,,,,,,,,,,,,,,,,,,,0,0,0,0,0
30.3458,1783969882.1126,2,1,0.5000,-0.0000,1.42244,0.00071,-2.63053,1.05900,1.57082,0.11673,-0.12763,-0.48150,0.03737,,,,,,,,,,,,,,,,,,,,,,,,,,0,0,0,0,0
30.3548,1783969882.1216,2,1,0.5000,-0.0000,1.42244,0.00071,-2.63053,1.05900,1.57082,0.11673,-0.12763,-0.48150,0.03737,,,,,,,,,,,,,,,,,,,,,,,,,,0,0,0,0,0
30.3584,1783969882.1252,2,1,0.5000,-0.0000,1.42244,0.00071,-2.63053,1.05900,1.57082,0.11673,-0.12763,-0.48150,0.03737,,,,,,,,,,,,,,,,,,,,,,,,,,0,0,0,0,0
30.3595,1783969882.1263,2,1,0.5000,-0.0000,1.42244,0.00071,-2.63053,1.05900,1.57082,0.11673,-0.12763,-0.48150,0.03737,,,,,,,,,,,,,,,,,,,,,,,,,,0,0,0,0,0
30.3760,1783969882.1428,2,1,0.5000,-0.0000,1.42244,0.00071,-2.63053,1.05900,1.57082,0.11673,-0.12763,-0.48150,0.03737,,,,,,,,,,,,,,,,,,,,,,,,,,0,0,0,0,0
30.3853,1783969882.1521,2,1,0.5000,-0.0000,1.42244,0.00071,-2.63053,1.05900,1.57082,0.11673,-0.12763,-0.48150,0.03737,,,,,,,,,,,,,,,,,,,,,,,,,,0,0,0,0,0
30.3861,1783969882.1529,2,1,0.5000,-0.0000,1.42244,0.00071,-2.63053,1.05900,1.57082,0.11673,-0.12763,-0.48150,0.03737,,,,,,,,,,,,,,,,,,,,,,,,,,0,0,0,0,0
30.3955,1783969882.1623,2,1,0.5000,-0.0000,1.42244,0.00071,-2.63053,1.05900,1.57082,0.11673,-0.12763,-0.48150,0.03737,,,,,,,,,,,,,,,,,,,,,,,,,,0,0,0,0,0
30.3962,1783969882.1630,2,1,0.5000,-0.0000,1.42244,0.00071,-2.63053,1.05900,1.57082,0.11673,-0.12763,-0.48150,0.03737,,,,,,,,,,,,,,,,,,,,,,,,,,0,0,0,0,0
30.3966,1783969882.1633,2,1,0.5000,-0.0000,1.42244,0.00071,-2.63053,1.05900,1.57082,0.11673,-0.12763,-0.48150,0.03737,,,,,,,,,,,,,,,,,,,,,,,,,,0,0,0,0,0
30.3973,1783969882.1641,2,1,0.5000,-0.0000,1.42244,0.00071,-2.63053,1.05900,1.57082,0.11673,-0.12763,-0.48150,0.03737,,,,,,,,,,,,,,,,,,,,,,,,,,0,0,0,0,0
30.4031,1783969882.1699,2,1,0.5000,-0.0000,1.42244,0.00071,-2.63053,1.05900,1.57082,0.11673,-0.12763,-0.48150,0.03737,,,,,,,,,,,,,,,,,,,,,,,,,,0,0,0,0,0
30.4035,1783969882.1703,2,1,0.5000,-0.0000,1.42244,0.00071,-2.63053,1.05900,1.57082,0.11673,-0.12763,-0.48150,0.03737,,,,,,,,,,,,,,,,,,,,,,,,,,0,0,0,0,0
30.4039,1783969882.1707,2,1,0.5000,-0.0000,1.42244,0.00071,-2.63053,1.05900,1.57082,0.11673,-0.12763,-0.48150,0.03737,,,,,,,,,,,,,,,,,,,,,,,,,,0,0,0,0,0
30.4048,1783969882.1716,2,1,0.5000,-0.0000,1.42244,0.00071,-2.63053,1.05900,1.57082,0.11673,-0.12763,-0.48150,0.03737,,,,,,,,,,,,,,,,,,,,,,,,,,0,0,0,0,0
30.4052,1783969882.1720,2,1,0.5000,-0.0000,1.42244,0.00071,-2.63053,1.05900,1.57082,0.11673,-0.12763,-0.48150,0.03737,,,,,,,,,,,,,,,,,,,,,,,,,,0,0,0,0,0
30.4061,1783969882.1729,2,1,0.5000,-0.0000,1.42244,0.00071,-2.63053,1.05900,1.57082,0.11673,-0.12763,-0.48150,0.03737,,,,,,,,,,,,,,,,,,,,,,,,,,0,0,0,0,0
30.4241,1783969882.1909,2,1,0.5000,-0.0000,1.42244,0.00071,-2.63053,1.05900,1.57082,0.11673,-0.12763,-0.48150,0.03737,,,,,,,,,,,,,,,,,,,,,,,,,,0,0,0,0,0
30.4302,1783969882.1970,2,1,0.5000,-0.0000,1.42244,0.00071,-2.63053,1.05900,1.57082,0.11673,-0.12763,-0.48150,0.03737,,,,,,,,,,,,,,,,,,,,,,,,,,0,0,0,0,0
30.4400,1783969882.2068,2,1,0.5000,-0.0000,1.42244,0.00071,-2.63053,1.05900,1.57082,0.11673,-0.12763,-0.48150,0.03737,,,,,,,,,,,,,,,,,,,,,,,,,,0,0,0,0,0
30.4469,1783969882.2137,2,1,0.5000,-0.0000,1.42244,0.00071,-2.63053,1.05900,1.57082,0.11673,-0.12763,-0.48150,0.03737,,,,,,,,,,,,,,,,,,,,,,,,,,0,0,0,0,0
30.4553,1783969882.2221,2,1,0.5000,-0.0000,1.42244,0.00071,-2.63053,1.05900,1.57082,0.11673,-0.12763,-0.48150,0.03737,,,,,,,,,,,,,,,,,,,,,,,,,,0,0,0,0,0
30.4556,1783969882.2224,2,1,0.5000,-0.0000,1.42244,0.00071,-2.63053,1.05900,1.57082,0.11673,-0.12763,-0.48150,0.03737,,,,,,,,,,,,,,,,,,,,,,,,,,0,0,0,0,0
30.4569,1783969882.2237,2,1,0.5000,-0.0000,1.42244,0.00071,-2.63053,1.05900,1.57082,0.11673,-0.12763,-0.48150,0.03737,,,,,,,,,,,,,,,,,,,,,,,,,,0,0,0,0,0
30.4611,1783969882.2279,2,1,0.5000,-0.0000,1.42244,0.00071,-2.63053,1.05900,1.57082,0.11673,-0.12763,-0.48150,0.03737,,,,,,,,,,,,,,,,,,,,,,,,,,0,0,0,0,0
30.4643,1783969882.2311,2,1,0.5000,-0.0000,1.42244,0.00071,-2.63053,1.05900,1.57082,0.11673,-0.12763,-0.48150,0.03737,,,,,,,,,,,,,,,,,,,,,,,,,,0,0,0,0,0
30.4648,1783969882.2316,2,1,0.5000,-0.0000,1.42244,0.00071,-2.63053,1.05900,1.57082,0.11673,-0.12763,-0.48150,0.03737,,,,,,,,,,,,,,,,,,,,,,,,,,0,0,0,0,0
30.4652,1783969882.2320,2,1,0.5000,-0.0000,1.42244,0.00071,-2.63053,1.05900,1.57082,0.11673,-0.12763,-0.48150,0.03737,,,,,,,,,,,,,,,,,,,,,,,,,,0,0,0,0,0
30.4655,1783969882.2323,2,1,0.5000,-0.0000,1.42244,0.00071,-2.63053,1.05900,1.57082,0.11673,-0.12763,-0.48150,0.03737,,,,,,,,,,,,,,,,,,,,,,,,,,0,0,0,0,0
30.4711,1783969882.2379,2,1,0.5000,-0.0000,1.42244,0.00071,-2.63053,1.05900,1.57082,0.11673,-0.12763,-0.48150,0.03737,,,,,,,,,,,,,,,,,,,,,,,,,,0,0,0,0,0
30.4715,1783969882.2382,2,1,0.5000,-0.0000,1.42244,0.00071,-2.63053,1.05900,1.57082,0.11673,-0.12763,-0.48150,0.03737,,,,,,,,,,,,,,,,,,,,,,,,,,0,0,0,0,0
30.4754,1783969882.2422,2,1,0.5000,-0.0000,1.42244,0.00071,-2.63053,1.05900,1.57082,0.11673,-0.12763,-0.48150,0.03737,,,,,,,,,,,,,,,,,,,,,,,,,,0,0,0,0,0
30.4759,1783969882.2427,2,1,0.5000,-0.0000,1.42244,0.00071,-2.63053,1.05900,1.57082,0.11673,-0.12763,-0.48150,0.03737,,,,,,,,,,,,,,,,,,,,,,,,,,0,0,0,0,0
30.4763,1783969882.2430,2,1,0.5000,-0.0000,1.42244,0.00071,-2.63053,1.05900,1.57082,0.11673,-0.12763,-0.48150,0.03737,,,,,,,,,,,,,,,,,,,,,,,,,,0,0,0,0,0
30.4767,1783969882.2435,2,1,0.5000,-0.0000,1.42244,0.00071,-2.63053,1.05900,1.57082,0.11673,-0.12763,-0.48150,0.03737,,,,,,,,,,,,,,,,,,,,,,,,,,0,0,0,0,0
30.4773,1783969882.2441,2,1,0.5000,-0.0000,1.42244,0.00071,-2.63053,1.05900,1.57082,0.11673,-0.12763,-0.48150,0.03737,,,,,,,,,,,,,,,,,,,,,,,,,,0,0,0,0,0
30.4782,1783969882.2449,2,1,0.5000,-0.0000,1.42244,0.00071,-2.63053,1.05900,1.57082,0.11673,-0.12763,-0.48150,0.03737,,,,,,,,,,,,,,,,,,,,,,,,,,0,0,0,0,0
30.4827,1783969882.2494,2,1,0.5000,-0.0000,1.42244,0.00071,-2.63053,1.05900,1.57082,0.11673,-0.12763,-0.48150,0.03737,,,,,,,,,,,,,,,,,,,,,,,,,,0,0,0,0,0
30.4831,1783969882.2498,2,1,0.5000,-0.0000,1.42244,0.00071,-2.63053,1.05900,1.57082,0.11673,-0.12763,-0.48150,0.03737,,,,,,,,,,,,,,,,,,,,,,,,,,0,0,0,0,0
30.4836,1783969882.2504,2,1,0.5000,-0.0000,1.42244,0.00071,-2.63053,1.05900,1.57082,0.11673,-0.12763,-0.48150,0.03737,,,,,,,,,,,,,,,,,,,,,,,,,,0,0,0,0,0
30.4965,1783969882.2633,2,1,0.5000,-0.0000,1.42244,0.00071,-2.63053,1.05900,1.57082,0.11673,-0.12763,-0.48150,0.03737,,,,,,,,,,,,,,,,,,,,,,,,,,0,0,0,0,0
30.5014,1783969882.2681,2,1,0.5000,-0.0000,1.42244,0.00071,-2.63053,1.05900,1.57082,0.11673,-0.12763,-0.48150,0.03737,,,,,,,,,,,,,,,,,,,,,,,,,,0,0,0,0,0
30.5296,1783969882.2963,2,1,0.5000,-0.0000,1.42244,0.00071,-2.63053,1.05900,1.57082,0.11673,-0.12763,-0.48150,0.03737,,,,,,,,,,,,,,,,,,,,,,,,,,0,0,0,0,0
30.5304,1783969882.2972,2,1,0.5000,-0.0000,1.42244,0.00071,-2.63053,1.05900,1.57082,0.11673,-0.12763,-0.48150,0.03737,,,,,,,,,,,,,,,,,,,,,,,,,,0,0,0,0,0
30.5307,1783969882.2975,2,1,0.5000,-0.0000,1.42244,0.00071,-2.63053,1.05900,1.57082,0.11673,-0.12763,-0.48150,0.03737,,,,,,,,,,,,,,,,,,,,,,,,,,0,0,0,0,0
30.5314,1783969882.2982,2,1,0.5000,-0.0000,1.42244,0.00071,-2.63053,1.05900,1.57082,0.11673,-0.12763,-0.48150,0.03737,,,,,,,,,,,,,,,,,,,,,,,,,,0,0,0,0,0
30.5361,1783969882.3029,2,1,0.5000,-0.0000,1.42244,0.00071,-2.63053,1.05900,1.57082,0.11673,-0.12763,-0.48150,0.03737,,,,,,,,,,,,,,,,,,,,,,,,,,0,0,0,0,0
30.5409,1783969882.3077,2,1,0.5000,-0.0000,1.42244,0.00071,-2.63053,1.05900,1.57082,0.11673,-0.12763,-0.48150,0.03737,,,,,,,,,,,,,,,,,,,,,,,,,,0,0,0,0,0
30.5636,1783969882.3304,2,1,0.5000,-0.0000,1.42244,0.00071,-2.63053,1.05900,1.57082,0.11673,-0.12763,-0.48150,0.03737,,,,,,,,,,,,,,,,,,,,,,,,,,0,0,0,0,0
30.5690,1783969882.3357,2,1,0.5000,-0.0000,1.42244,0.00071,-2.63053,1.05900,1.57082,0.11673,-0.12763,-0.48150,0.03737,,,,,,,,,,,,,,,,,,,,,,,,,,0,0,0,0,0
30.5728,1783969882.3396,2,1,0.5000,-0.0000,1.42244,0.00071,-2.63053,1.05900,1.57082,0.11673,-0.12763,-0.48150,0.03737,,,,,,,,,,,,,,,,,,,,,,,,,,0,0,0,0,0
30.5903,1783969882.3570,2,1,0.5000,-0.0000,1.42244,0.00071,-2.63054,1.05901,1.57082,0.11673,-0.12763,-0.48150,0.03736,,,,,,,,,,,,,,,,,,,,,,,,,,0,0,0,0,0
30.5918,1783969882.3586,2,1,0.5000,-0.0000,1.42244,0.00071,-2.63054,1.05901,1.57082,0.11673,-0.12763,-0.48150,0.03736,,,,,,,,,,,,,,,,,,,,,,,,,,0,0,0,0,0
30.5922,1783969882.3590,2,1,0.5000,-0.0000,1.42244,0.00071,-2.63054,1.05901,1.57082,0.11673,-0.12763,-0.48150,0.03736,,,,,,,,,,,,,,,,,,,,,,,,,,0,0,0,0,0
30.5999,1783969882.3667,2,1,0.5000,-0.0000,1.42244,0.00070,-2.63056,1.05903,1.57081,0.11674,-0.12763,-0.48149,0.03736,,,,,,,,,,,,,,,,,,,,,,,,,,0,0,0,0,0
30.6211,1783969882.3879,2,1,0.5000,-0.0000,1.42244,0.00068,-2.63060,1.05906,1.57081,0.11674,-0.12764,-0.48147,0.03734,,,,,,,,,,,,,,,,,,,,,,,,,,0,0,0,0,0
30.6217,1783969882.3885,2,1,0.5000,-0.0000,1.42244,0.00068,-2.63060,1.05906,1.57081,0.11674,-0.12764,-0.48147,0.03734,,,,,,,,,,,,,,,,,,,,,,,,,,0,0,0,0,0
30.6244,1783969882.3912,2,1,0.5000,-0.0000,1.42244,0.00067,-2.63060,1.05907,1.57081,0.11674,-0.12764,-0.48147,0.03733,,,,,,,,,,,,,,,,,,,,,,,,,,0,0,0,0,0
30.6317,1783969882.3984,2,1,0.5000,-0.0000,1.42244,0.00066,-2.63062,1.05909,1.57081,0.11674,-0.12764,-0.48146,0.03732,,,,,,,,,,,,,,,,,,,,,,,,,,0,0,0,0,0
30.6394,1783969882.4062,2,1,0.5000,-0.0000,1.42244,0.00063,-2.63064,1.05913,1.57081,0.11674,-0.12764,-0.48145,0.03730,,,,,,,,,,,,,,,,,,,,,,,,,,0,0,0,0,0
30.6552,1783969882.4220,2,1,0.5000,-0.0000,1.42244,0.00060,-2.63066,1.05916,1.57081,0.11674,-0.12764,-0.48144,0.03729,,,,,,,,,,,,,,,,,,,,,,,,,,0,0,0,0,0
30.6634,1783969882.4302,2,1,0.5000,-0.0000,1.42244,0.00057,-2.63068,1.05920,1.57081,0.11674,-0.12764,-0.48143,0.03727,,,,,,,,,,,,,,,,,,,,,,,,,,0,0,0,0,0
30.6694,1783969882.4361,2,1,0.5000,-0.0000,1.42244,0.00054,-2.63069,1.05923,1.57081,0.11674,-0.12765,-0.48142,0.03726,,,,,,,,,,,,,,,,,,,,,,,,,,0,0,0,0,0
30.6700,1783969882.4368,2,1,0.5000,-0.0000,1.42244,0.00054,-2.63069,1.05923,1.57081,0.11674,-0.12765,-0.48142,0.03726,,,,,,,,,,,,,,,,,,,,,,,,,,0,0,0,0,0
30.6862,1783969882.4530,2,1,0.5000,-0.0000,1.42244,0.00048,-2.63070,1.05931,1.57081,0.11674,-0.12765,-0.48142,0.03724,,,,,,,,,,,,,,,,,,,,,,,,,,0,0,0,0,0
30.6866,1783969882.4534,2,1,0.5000,-0.0000,1.42244,0.00048,-2.63070,1.05931,1.57081,0.11674,-0.12765,-0.48142,0.03724,,,,,,,,,,,,,,,,,,,,,,,,,,0,0,0,0,0
30.6946,1783969882.4614,2,1,0.5000,-0.0000,1.42244,0.00041,-2.63072,1.05940,1.57081,0.11674,-0.12765,-0.48142,0.03721,,,,,,,,,,,,,,,,,,,,,,,,,,0,0,0,0,0
30.7105,1783969882.4773,2,1,0.5000,-0.0000,1.42244,0.00031,-2.63074,1.05952,1.57081,0.11674,-0.12765,-0.48142,0.03718,,,,,,,,,,,,,,,,,,,,,,,,,,0,0,0,0,0
30.7109,1783969882.4777,2,1,0.5000,-0.0000,1.42244,0.00031,-2.63074,1.05952,1.57081,0.11674,-0.12765,-0.48142,0.03718,,,,,,,,,,,,,,,,,,,,,,,,,,0,0,0,0,0
30.7113,1783969882.4781,2,1,0.5000,-0.0000,1.42244,0.00031,-2.63074,1.05952,1.57081,0.11674,-0.12765,-0.48142,0.03718,,,,,,,,,,,,,,,,,,,,,,,,,,0,0,0,0,0
30.7264,1783969882.4932,2,1,0.5000,-0.0000,1.42244,0.00021,-2.63076,1.05964,1.57081,0.11674,-0.12764,-0.48143,0.03715,,,,,,,,,,,,,,,,,,,,,,,,,,0,0,0,0,0
30.7340,1783969882.5007,2,1,0.5000,-0.0000,1.42244,0.00012,-2.63077,1.05975,1.57081,0.11674,-0.12764,-0.48143,0.03712,,,,,,,,,,,,,,,,,,,,,,,,,,0,0,0,0,0
30.7343,1783969882.5011,2,1,0.5000,-0.0000,1.42244,0.00012,-2.63077,1.05975,1.57081,0.11674,-0.12764,-0.48143,0.03712,,,,,,,,,,,,,,,,,,,,,,,,,,0,0,0,0,0
30.7438,1783969882.5106,2,1,0.5000,-0.0000,1.42244,0.00011,-2.63077,1.05976,1.57081,0.11674,-0.12764,-0.48143,0.03712,,,,,,,,,,,,,,,,,,,,,,,,,,0,0,0,0,0
30.7441,1783969882.5109,2,1,0.5000,-0.0000,1.42244,0.00011,-2.63077,1.05976,1.57081,0.11674,-0.12764,-0.48143,0.03712,,,,,,,,,,,,,,,,,,,,,,,,,,0,0,0,0,0
30.7552,1783969882.5219,2,1,0.5000,-0.0000,1.42244,0.00005,-2.63078,1.05984,1.57081,0.11674,-0.12764,-0.48144,0.03710,,,,,,,,,,,,,,,,,,,,,,,,,,0,0,0,0,0
30.7651,1783969882.5318,2,1,0.5000,-0.0000,1.42244,-0.00003,-2.63079,1.05994,1.57081,0.11674,-0.12764,-0.48144,0.03708,,,,,,,,,,,,,,,,,,,,,,,,,,0,0,0,0,0
30.7862,1783969882.5530,2,1,0.5000,-0.0000,1.42244,-0.00014,-2.63080,1.06007,1.57081,0.11674,-0.12764,-0.48146,0.03705,,,,,,,,,,,,,,,,,,,,,,,,,,0,0,0,0,0
30.7866,1783969882.5534,2,1,0.5000,-0.0000,1.42244,-0.00014,-2.63080,1.06007,1.57081,0.11674,-0.12764,-0.48146,0.03705,,,,,,,,,,,,,,,,,,,,,,,,,,0,0,0,0,0
30.7920,1783969882.5588,2,1,0.5000,-0.0000,1.42244,-0.00017,-2.63080,1.06011,1.57081,0.11674,-0.12764,-0.48146,0.03704,,,,,,,,,,,,,,,,,,,,,,,,,,0,0,0,0,0
30.7924,1783969882.5592,2,1,0.5000,-0.0000,1.42244,-0.00017,-2.63080,1.06011,1.57081,0.11674,-0.12764,-0.48146,0.03704,,,,,,,,,,,,,,,,,,,,,,,,,,0,0,0,0,0
30.8003,1783969882.5671,2,1,0.5000,-0.0000,1.42244,-0.00024,-2.63080,1.06019,1.57081,0.11674,-0.12764,-0.48148,0.03703,,,,,,,,,,,,,,,,,,,,,,,,,,0,0,0,0,0
30.8108,1783969882.5776,2,1,0.5000,-0.0000,1.42244,-0.00035,-2.63079,1.06033,1.57081,0.11674,-0.12763,-0.48150,0.03701,,,,,,,,,,,,,,,,,,,,,,,,,,0,0,0,0,0
30.8261,1783969882.5929,2,1,0.5000,-0.0000,1.42244,-0.00046,-2.63075,1.06048,1.57081,0.11674,-0.12763,-0.48155,0.03700,,,,,,,,,,,,,,,,,,,,,,,,,,0,0,0,0,0
30.8263,1783969882.5931,2,1,0.5000,-0.0000,1.42244,-0.00046,-2.63075,1.06048,1.57081,0.11674,-0.12763,-0.48155,0.03700,,,,,,,,,,,,,,,,,,,,,,,,,,0,0,0,0,0
30.8398,1783969882.6066,2,1,0.5000,-0.0000,1.42244,-0.00047,-2.63074,1.06049,1.57081,0.11674,-0.12762,-0.48156,0.03700,,,,,,,,,,,,,,,,,,,,,,,,,,0,0,0,0,0
30.8422,1783969882.6090,2,1,0.5000,-0.0000,1.42244,-0.00047,-2.63074,1.06049,1.57081,0.11674,-0.12762,-0.48156,0.03700,,,,,,,,,,,,,,,,,,,,,,,,,,0,0,0,0,0
30.8519,1783969882.6187,2,1,0.5000,-0.0000,1.42244,-0.00047,-2.63074,1.06049,1.57081,0.11674,-0.12762,-0.48156,0.03700,,,,,,,,,,,,,,,,,,,,,,,,,,0,0,0,0,0
30.8843,1783969882.6511,2,1,0.5000,-0.0000,1.42244,-0.00047,-2.63074,1.06049,1.57081,0.11674,-0.12762,-0.48156,0.03700,,,,,,,,,,,,,,,,,,,,,,,,,,0,0,0,0,0
30.8864,1783969882.6532,2,1,0.5000,-0.0000,1.42244,-0.00047,-2.63074,1.06049,1.57081,0.11674,-0.12762,-0.48156,0.03700,,,,,,,,,,,,,,,,,,,,,,,,,,0,0,0,0,0
30.8868,1783969882.6536,2,1,0.5000,-0.0000,1.42244,-0.00047,-2.63074,1.06049,1.57081,0.11674,-0.12762,-0.48156,0.03700,,,,,,,,,,,,,,,,,,,,,,,,,,0,0,0,0,0
30.8936,1783969882.6603,2,1,0.5000,-0.0000,1.42244,-0.00047,-2.63074,1.06049,1.57081,0.11674,-0.12762,-0.48156,0.03700,,,,,,,,,,,,,,,,,,,,,,,,,,0,0,0,0,0
30.8946,1783969882.6614,2,1,0.5000,-0.0000,1.42244,-0.00047,-2.63074,1.06049,1.57081,0.11674,-0.12762,-0.48156,0.03700,,,,,,,,,,,,,,,,,,,,,,,,,,0,0,0,0,0
30.9069,1783969882.6737,2,1,0.5000,-0.0000,1.42244,-0.00047,-2.63074,1.06049,1.57081,0.11674,-0.12762,-0.48156,0.03700,,,,,,,,,,,,,,,,,,,,,,,,,,0,0,0,0,0
30.9094,1783969882.6762,2,1,0.5000,-0.0000,1.42244,-0.00047,-2.63074,1.06049,1.57081,0.11674,-0.12762,-0.48156,0.03700,,,,,,,,,,,,,,,,,,,,,,,,,,0,0,0,0,0
30.9412,1783969882.7080,2,1,0.5000,-0.0000,1.42244,-0.00047,-2.63074,1.06049,1.57081,0.11674,-0.12762,-0.48156,0.03700,,,,,,,,,,,,,,,,,,,,,,,,,,0,0,0,0,0
30.9416,1783969882.7084,2,1,0.5000,-0.0000,1.42244,-0.00047,-2.63074,1.06049,1.57081,0.11674,-0.12762,-0.48156,0.03700,,,,,,,,,,,,,,,,,,,,,,,,,,0,0,0,0,0
30.9449,1783969882.7117,2,1,0.5000,-0.0000,1.42244,-0.00047,-2.63074,1.06049,1.57081,0.11674,-0.12762,-0.48156,0.03700,,,,,,,,,,,,,,,,,,,,,,,,,,0,0,0,0,0
30.9457,1783969882.7125,2,1,0.5000,-0.0000,1.42244,-0.00047,-2.63074,1.06049,1.57081,0.11674,-0.12762,-0.48156,0.03700,,,,,,,,,,,,,,,,,,,,,,,,,,0,0,0,0,0
30.9460,1783969882.7128,2,1,0.5000,-0.0000,1.42244,-0.00047,-2.63074,1.06049,1.57081,0.11674,-0.12762,-0.48156,0.03700,,,,,,,,,,,,,,,,,,,,,,,,,,0,0,0,0,0
30.9495,1783969882.7162,2,1,0.5000,-0.0000,1.42244,-0.00047,-2.63074,1.06049,1.57081,0.11674,-0.12762,-0.48156,0.03700,,,,,,,,,,,,,,,,,,,,,,,,,,0,0,0,0,0
30.9504,1783969882.7172,2,1,0.5000,-0.0000,1.42244,-0.00047,-2.63074,1.06049,1.57081,0.11674,-0.12762,-0.48156,0.03700,,,,,,,,,,,,,,,,,,,,,,,,,,0,0,0,0,0
30.9798,1783969882.7466,2,1,0.5000,-0.0000,1.42244,-0.00047,-2.63074,1.06049,1.57081,0.11674,-0.12762,-0.48156,0.03700,,,,,,,,,,,,,,,,,,,,,,,,,,0,0,0,0,0
30.9801,1783969882.7469,2,1,0.5000,-0.0000,1.42244,-0.00047,-2.63074,1.06049,1.57081,0.11674,-0.12762,-0.48156,0.03700,,,,,,,,,,,,,,,,,,,,,,,,,,0,0,0,0,0
30.9873,1783969882.7541,2,1,0.5000,-0.0000,1.42244,-0.00047,-2.63074,1.06049,1.57081,0.11674,-0.12762,-0.48156,0.03700,,,,,,,,,,,,,,,,,,,,,,,,,,0,0,0,0,0
30.9877,1783969882.7545,2,1,0.5000,-0.0000,1.42244,-0.00047,-2.63074,1.06049,1.57081,0.11674,-0.12762,-0.48156,0.03700,,,,,,,,,,,,,,,,,,,,,,,,,,0,0,0,0,0
30.9954,1783969882.7621,2,1,0.5000,-0.0000,1.42244,-0.00047,-2.63074,1.06049,1.57081,0.11674,-0.12762,-0.48156,0.03700,,,,,,,,,,,,,,,,,,,,,,,,,,0,0,0,0,0
30.9958,1783969882.7626,2,1,0.5000,-0.0000,1.42244,-0.00047,-2.63074,1.06049,1.57081,0.11674,-0.12762,-0.48156,0.03700,,,,,,,,,,,,,,,,,,,,,,,,,,0,0,0,0,0
31.0011,1783969882.7678,2,1,0.5000,-0.0000,1.42244,-0.00047,-2.63074,1.06049,1.57081,0.11674,-0.12762,-0.48156,0.03700,,,,,,,,,,,,,,,,,,,,,,,,,,0,0,0,0,0
31.0245,1783969882.7913,2,1,0.5000,-0.0000,1.42244,-0.00048,-2.63075,1.06051,1.57081,0.11674,-0.12763,-0.48155,0.03699,,,,,,,,,,,,,,,,,,,,,,,,,,0,0,0,0,0
31.0249,1783969882.7917,2,1,0.5000,-0.0000,1.42244,-0.00048,-2.63075,1.06051,1.57081,0.11674,-0.12763,-0.48155,0.03699,,,,,,,,,,,,,,,,,,,,,,,,,,0,0,0,0,0
31.0410,1783969882.8077,2,1,0.5000,-0.0000,1.42244,-0.00049,-2.63079,1.06054,1.57081,0.11674,-0.12763,-0.48153,0.03698,,,,,,,,,,,,,,,,,,,,,,,,,,0,0,0,0,0
31.0423,1783969882.8090,2,1,0.5000,-0.0000,1.42244,-0.00050,-2.63079,1.06054,1.57081,0.11674,-0.12763,-0.48153,0.03698,,,,,,,,,,,,,,,,,,,,,,,,,,0,0,0,0,0
31.0475,1783969882.8143,2,1,0.5000,-0.0000,1.42244,-0.00050,-2.63080,1.06055,1.57081,0.11674,-0.12763,-0.48153,0.03697,,,,,,,,,,,,,,,,,,,,,,,,,,0,0,0,0,0
31.0517,1783969882.8185,2,1,0.5000,-0.0000,1.42244,-0.00051,-2.63081,1.06056,1.57081,0.11674,-0.12763,-0.48152,0.03696,,,,,,,,,,,,,,,,,,,,,,,,,,0,0,0,0,0
31.0520,1783969882.8187,2,1,0.5000,-0.0000,1.42244,-0.00051,-2.63081,1.06056,1.57081,0.11674,-0.12763,-0.48152,0.03696,,,,,,,,,,,,,,,,,,,,,,,,,,0,0,0,0,0
31.0598,1783969882.8266,2,1,0.5000,-0.0000,1.42244,-0.00054,-2.63084,1.06060,1.57081,0.11674,-0.12763,-0.48150,0.03694,,,,,,,,,,,,,,,,,,,,,,,,,,0,0,0,0,0
31.0740,1783969882.8408,2,1,0.5000,-0.0000,1.42244,-0.00057,-2.63086,1.06063,1.57081,0.11674,-0.12763,-0.48149,0.03693,,,,,,,,,,,,,,,,,,,,,,,,,,0,0,0,0,0
31.0901,1783969882.8569,2,1,0.5000,-0.0000,1.42244,-0.00068,-2.63092,1.06075,1.57081,0.11674,-0.12764,-0.48146,0.03687,,,,,,,,,,,,,,,,,,,,,,,,,,0,0,0,0,0
31.0935,1783969882.8602,2,1,0.5000,-0.0000,1.42244,-0.00068,-2.63092,1.06075,1.57081,0.11674,-0.12764,-0.48146,0.03687,,,,,,,,,,,,,,,,,,,,,,,,,,0,0,0,0,0
31.0941,1783969882.8609,2,1,0.5000,-0.0000,1.42244,-0.00071,-2.63094,1.06079,1.57081,0.11674,-0.12764,-0.48145,0.03685,,,,,,,,,,,,,,,,,,,,,,,,,,0,0,0,0,0
31.1005,1783969882.8673,2,1,0.5000,-0.0000,1.42244,-0.00071,-2.63094,1.06079,1.57081,0.11674,-0.12764,-0.48145,0.03685,,,,,,,,,,,,,,,,,,,,,,,,,,0,0,0,0,0
31.1010,1783969882.8677,2,1,0.5000,-0.0000,1.42244,-0.00071,-2.63094,1.06079,1.57081,0.11674,-0.12764,-0.48145,0.03685,,,,,,,,,,,,,,,,,,,,,,,,,,0,0,0,0,0
31.1110,1783969882.8778,2,1,0.5000,-0.0000,1.42244,-0.00075,-2.63095,1.06084,1.57081,0.11674,-0.12764,-0.48145,0.03684,,,,,,,,,,,,,,,,,,,,,,,,,,0,0,0,0,0
31.1204,1783969882.8871,2,1,0.5000,-0.0000,1.42244,-0.00080,-2.63097,1.06091,1.57081,0.11674,-0.12764,-0.48145,0.03682,,,,,,,,,,,,,,,,,,,,,,,,,,0,0,0,0,0
31.1207,1783969882.8875,2,1,0.5000,-0.0000,1.42244,-0.00080,-2.63097,1.06091,1.57081,0.11674,-0.12764,-0.48145,0.03682,,,,,,,,,,,,,,,,,,,,,,,,,,0,0,0,0,0
31.1329,1783969882.8997,2,1,0.5000,-0.0000,1.42244,-0.00088,-2.63099,1.06101,1.57081,0.11674,-0.12764,-0.48145,0.03679,,,,,,,,,,,,,,,,,,,,,,,,,,0,0,0,0,0
31.1406,1783969882.9074,2,1,0.5000,-0.0000,1.42244,-0.00091,-2.63099,1.06104,1.57081,0.11674,-0.12764,-0.48145,0.03678,,,,,,,,,,,,,,,,,,,,,,,,,,0,0,0,0,0
31.1501,1783969882.9169,2,1,0.5000,-0.0000,1.42244,-0.00101,-2.63101,1.06117,1.57081,0.11674,-0.12764,-0.48145,0.03675,,,,,,,,,,,,,,,,,,,,,,,,,,0,0,0,0,0
31.1592,1783969882.9260,2,1,0.5000,-0.0000,1.42244,-0.00102,-2.63101,1.06117,1.57081,0.11674,-0.12764,-0.48145,0.03675,,,,,,,,,,,,,,,,,,,,,,,,,,0,0,0,0,0
31.1595,1783969882.9263,2,1,0.5000,-0.0000,1.42244,-0.00102,-2.63101,1.06117,1.57081,0.11674,-0.12764,-0.48145,0.03675,,,,,,,,,,,,,,,,,,,,,,,,,,0,0,0,0,0
31.1770,1783969882.9437,2,1,0.5000,-0.0000,1.42244,-0.00115,-2.63103,1.06133,1.57081,0.11675,-0.12764,-0.48146,0.03671,,,,,,,,,,,,,,,,,,,,,,,,,,0,0,0,0,0
31.1810,1783969882.9478,2,1,0.5000,-0.0000,1.42244,-0.00120,-2.63104,1.06139,1.57081,0.11675,-0.12764,-0.48146,0.03669,,,,,,,,,,,,,,,,,,,,,,,,,,0,0,0,0,0
31.1960,1783969882.9627,2,1,0.5000,-0.0000,1.42244,-0.00141,-2.63107,1.06165,1.57081,0.11675,-0.12764,-0.48147,0.03663,,,,,,,,,,,,,,,,,,,,,,,,,,0,0,0,0,0
31.2002,1783969882.9670,2,1,0.5000,-0.0000,1.42244,-0.00146,-2.63108,1.06171,1.57081,0.11675,-0.12764,-0.48147,0.03661,,,,,,,,,,,,,,,,,,,,,,,,,,0,0,0,0,0
31.2007,1783969882.9675,2,1,0.5000,-0.0000,1.42244,-0.00146,-2.63108,1.06171,1.57081,0.11675,-0.12764,-0.48147,0.03661,,,,,,,,,,,,,,,,,,,,,,,,,,0,0,0,0,0
31.2138,1783969882.9805,2,1,0.5000,-0.0000,1.42244,-0.00160,-2.63110,1.06189,1.57081,0.11675,-0.12763,-0.48149,0.03657,,,,,,,,,,,,,,,,,,,,,,,,,,0,0,0,0,0
31.2212,1783969882.9880,2,1,0.5000,-0.0000,1.42244,-0.00160,-2.63110,1.06189,1.57081,0.11675,-0.12763,-0.48149,0.03657,,,,,,,,,,,,,,,,,,,,,,,,,,0,0,0,0,0
31.2219,1783969882.9887,2,1,0.5000,-0.0000,1.42244,-0.00160,-2.63110,1.06189,1.57081,0.11675,-0.12763,-0.48149,0.03657,,,,,,,,,,,,,,,,,,,,,,,,,,0,0,0,0,0
31.2350,1783969883.0018,2,1,0.5000,-0.0000,1.42244,-0.00160,-2.63110,1.06189,1.57081,0.11675,-0.12763,-0.48149,0.03657,,,,,,,,,,,,,,,,,,,,,,,,,,0,0,0,0,0
31.2414,1783969883.0082,2,1,0.5000,-0.0000,1.42244,-0.00160,-2.63110,1.06189,1.57081,0.11675,-0.12763,-0.48149,0.03657,,,,,,,,,,,,,,,,,,,,,,,,,,0,0,0,0,0
31.2520,1783969883.0187,2,1,0.5000,-0.0000,1.42244,-0.00160,-2.63110,1.06189,1.57081,0.11675,-0.12763,-0.48149,0.03657,,,,,,,,,,,,,,,,,,,,,,,,,,0,0,0,0,0
31.2626,1783969883.0293,2,1,0.5000,-0.0000,1.42244,-0.00160,-2.63110,1.06189,1.57081,0.11675,-0.12763,-0.48149,0.03657,,,,,,,,,,,,,,,,,,,,,,,,,,0,0,0,0,0
31.2629,1783969883.0297,2,1,0.5000,-0.0000,1.42244,-0.00160,-2.63110,1.06189,1.57081,0.11675,-0.12763,-0.48149,0.03657,,,,,,,,,,,,,,,,,,,,,,,,,,0,0,0,0,0
31.2781,1783969883.0449,2,1,0.5000,-0.0000,1.42244,-0.00160,-2.63110,1.06189,1.57081,0.11675,-0.12763,-0.48149,0.03657,,,,,,,,,,,,,,,,,,,,,,,,,,0,0,0,0,0
31.2970,1783969883.0637,2,1,0.5000,-0.0000,1.42244,-0.00160,-2.63110,1.06189,1.57081,0.11675,-0.12763,-0.48149,0.03657,,,,,,,,,,,,,,,,,,,,,,,,,,0,0,0,0,0
31.2991,1783969883.0659,2,1,0.5000,-0.0000,1.42244,-0.00160,-2.63110,1.06189,1.57081,0.11675,-0.12763,-0.48149,0.03657,,,,,,,,,,,,,,,,,,,,,,,,,,0,0,0,0,0
31.2998,1783969883.0666,2,1,0.5000,-0.0000,1.42244,-0.00160,-2.63110,1.06189,1.57081,0.11675,-0.12763,-0.48149,0.03657,,,,,,,,,,,,,,,,,,,,,,,,,,0,0,0,0,0
31.3223,1783969883.0891,2,1,0.5000,-0.0000,1.42244,-0.00160,-2.63110,1.06189,1.57081,0.11675,-0.12763,-0.48149,0.03657,,,,,,,,,,,,,,,,,,,,,,,,,,0,0,0,0,0
31.3231,1783969883.0899,2,1,0.5000,-0.0000,1.42244,-0.00160,-2.63110,1.06189,1.57081,0.11675,-0.12763,-0.48149,0.03657,,,,,,,,,,,,,,,,,,,,,,,,,,0,0,0,0,0
31.3234,1783969883.0902,2,1,0.5000,-0.0000,1.42244,-0.00160,-2.63110,1.06189,1.57081,0.11675,-0.12763,-0.48149,0.03657,,,,,,,,,,,,,,,,,,,,,,,,,,0,0,0,0,0
31.3371,1783969883.1039,2,1,0.5000,-0.0000,1.42244,-0.00160,-2.63110,1.06189,1.57081,0.11675,-0.12763,-0.48149,0.03657,,,,,,,,,,,,,,,,,,,,,,,,,,0,0,0,0,0
31.3409,1783969883.1076,2,1,0.5000,-0.0000,1.42244,-0.00160,-2.63110,1.06189,1.57081,0.11675,-0.12763,-0.48149,0.03657,,,,,,,,,,,,,,,,,,,,,,,,,,0,0,0,0,0
31.3412,1783969883.1080,2,1,0.5000,-0.0000,1.42244,-0.00160,-2.63110,1.06189,1.57081,0.11675,-0.12763,-0.48149,0.03657,,,,,,,,,,,,,,,,,,,,,,,,,,0,0,0,0,0
31.3568,1783969883.1236,2,1,0.5000,-0.0000,1.42244,-0.00160,-2.63110,1.06189,1.57081,0.11675,-0.12763,-0.48149,0.03657,,,,,,,,,,,,,,,,,,,,,,,,,,0,0,0,0,0
31.3635,1783969883.1303,2,1,0.5000,-0.0000,1.42244,-0.00160,-2.63110,1.06189,1.57081,0.11675,-0.12763,-0.48149,0.03657,,,,,,,,,,,,,,,,,,,,,,,,,,0,0,0,0,0
31.3699,1783969883.1367,2,1,0.5000,-0.0000,1.42244,-0.00160,-2.63110,1.06189,1.57081,0.11675,-0.12763,-0.48149,0.03657,,,,,,,,,,,,,,,,,,,,,,,,,,0,0,0,0,0
31.3835,1783969883.1503,2,1,0.5000,-0.0000,1.42244,-0.00160,-2.63110,1.06189,1.57081,0.11675,-0.12763,-0.48149,0.03657,,,,,,,,,,,,,,,,,,,,,,,,,,0,0,0,0,0
31.3967,1783969883.1635,2,1,0.5000,-0.0000,1.42244,-0.00160,-2.63110,1.06189,1.57081,0.11675,-0.12763,-0.48149,0.03657,,,,,,,,,,,,,,,,,,,,,,,,,,0,0,0,0,0
31.3973,1783969883.1641,2,1,0.5000,-0.0000,1.42244,-0.00160,-2.63110,1.06189,1.57081,0.11675,-0.12763,-0.48149,0.03657,,,,,,,,,,,,,,,,,,,,,,,,,,0,0,0,0,0
31.4007,1783969883.1674,2,1,0.5000,-0.0000,1.42244,-0.00160,-2.63110,1.06189,1.57081,0.11675,-0.12763,-0.48149,0.03657,,,,,,,,,,,,,,,,,,,,,,,,,,0,0,0,0,0
31.4120,1783969883.1788,2,1,0.5000,-0.0000,1.42244,-0.00160,-2.63110,1.06189,1.57081,0.11675,-0.12763,-0.48149,0.03657,,,,,,,,,,,,,,,,,,,,,,,,,,0,0,0,0,0
31.4123,1783969883.1791,2,1,0.5000,-0.0000,1.42244,-0.00160,-2.63110,1.06189,1.57081,0.11675,-0.12763,-0.48149,0.03657,,,,,,,,,,,,,,,,,,,,,,,,,,0,0,0,0,0
31.4206,1783969883.1874,2,1,0.5000,-0.0000,1.42244,-0.00160,-2.63110,1.06189,1.57081,0.11675,-0.12763,-0.48149,0.03657,,,,,,,,,,,,,,,,,,,,,,,,,,0,0,0,0,0
31.4327,1783969883.1995,2,1,0.5000,-0.0000,1.42244,-0.00160,-2.63110,1.06190,1.57081,0.11675,-0.12763,-0.48149,0.03657,,,,,,,,,,,,,,,,,,,,,,,,,,0,0,0,0,0
31.4546,1783969883.2214,2,1,0.5000,-0.0000,1.42244,-0.00164,-2.63110,1.06196,1.57081,0.11675,-0.12763,-0.48150,0.03657,,,,,,,,,,,,,,,,,,,,,,,,,,0,0,0,0,0
31.4551,1783969883.2218,2,1,0.5000,-0.0000,1.42244,-0.00164,-2.63110,1.06196,1.57081,0.11675,-0.12763,-0.48150,0.03657,,,,,,,,,,,,,,,,,,,,,,,,,,0,0,0,0,0
31.4645,1783969883.2313,2,1,0.5000,-0.0000,1.42244,-0.00164,-2.63110,1.06196,1.57081,0.11675,-0.12763,-0.48150,0.03657,,,,,,,,,,,,,,,,,,,,,,,,,,0,0,0,0,0
31.4749,1783969883.2417,2,1,0.5000,-0.0000,1.42244,-0.00167,-2.63112,1.06199,1.57081,0.11675,-0.12763,-0.48149,0.03655,,,,,,,,,,,,,,,,,,,,,,,,,,0,0,0,0,0
31.4754,1783969883.2422,2,1,0.5000,-0.0000,1.42244,-0.00167,-2.63112,1.06199,1.57081,0.11675,-0.12763,-0.48149,0.03655,,,,,,,,,,,,,,,,,,,,,,,,,,0,0,0,0,0
31.4887,1783969883.2555,2,1,0.5000,-0.0000,1.42243,-0.00172,-2.63116,1.06205,1.57081,0.11675,-0.12764,-0.48147,0.03652,,,,,,,,,,,,,,,,,,,,,,,,,,0,0,0,0,0
31.4989,1783969883.2657,2,1,0.5000,-0.0000,1.42243,-0.00174,-2.63116,1.06207,1.57081,0.11675,-0.12764,-0.48146,0.03651,,,,,,,,,,,,,,,,,,,,,,,,,,0,0,0,0,0
31.5051,1783969883.2719,2,1,0.5000,-0.0000,1.42243,-0.00175,-2.63117,1.06208,1.57081,0.11675,-0.12764,-0.48146,0.03651,,,,,,,,,,,,,,,,,,,,,,,,,,0,0,0,0,0
31.5146,1783969883.2814,2,1,0.5000,-0.0000,1.42243,-0.00180,-2.63119,1.06214,1.57080,0.11675,-0.12764,-0.48145,0.03648,,,,,,,,,,,,,,,,,,,,,,,,,,0,0,0,0,0
31.5290,1783969883.2957,2,1,0.5000,-0.0000,1.42243,-0.00184,-2.63120,1.06219,1.57080,0.11675,-0.12764,-0.48145,0.03647,,,,,,,,,,,,,,,,,,,,,,,,,,0,0,0,0,0
31.5352,1783969883.3020,2,1,0.5000,-0.0000,1.42243,-0.00191,-2.63122,1.06228,1.57080,0.11675,-0.12764,-0.48145,0.03644,,,,,,,,,,,,,,,,,,,,,,,,,,0,0,0,0,0
31.5467,1783969883.3135,2,1,0.5000,-0.0000,1.42243,-0.00200,-2.63124,1.06239,1.57080,0.11675,-0.12764,-0.48145,0.03641,,,,,,,,,,,,,,,,,,,,,,,,,,0,0,0,0,0
31.5470,1783969883.3138,2,1,0.5000,-0.0000,1.42243,-0.00200,-2.63124,1.06239,1.57080,0.11675,-0.12764,-0.48145,0.03641,,,,,,,,,,,,,,,,,,,,,,,,,,0,0,0,0,0
31.5595,1783969883.3263,2,1,0.5000,-0.0000,1.42243,-0.00206,-2.63125,1.06245,1.57080,0.11675,-0.12764,-0.48145,0.03640,,,,,,,,,,,,,,,,,,,,,,,,,,0,0,0,0,0
31.5636,1783969883.3304,2,1,0.5000,-0.0000,1.42243,-0.00209,-2.63125,1.06249,1.57080,0.11675,-0.12764,-0.48145,0.03638,,,,,,,,,,,,,,,,,,,,,,,,,,0,0,0,0,0
31.5767,1783969883.3435,2,1,0.5000,-0.0000,1.42243,-0.00223,-2.63128,1.06266,1.57080,0.11675,-0.12764,-0.48146,0.03634,,,,,,,,,,,,,,,,,,,,,,,,,,0,0,0,0,0
31.5857,1783969883.3525,2,1,0.5000,-0.0000,1.42243,-0.00224,-2.63128,1.06267,1.57080,0.11675,-0.12764,-0.48146,0.03634,,,,,,,,,,,,,,,,,,,,,,,,,,0,0,0,0,0
31.6011,1783969883.3679,2,1,0.5000,-0.0000,1.42243,-0.00235,-2.63130,1.06280,1.57080,0.11675,-0.12764,-0.48146,0.03630,,,,,,,,,,,,,,,,,,,,,,,,,,0,0,0,0,0
31.6015,1783969883.3683,2,1,0.5000,-0.0000,1.42243,-0.00235,-2.63130,1.06280,1.57080,0.11675,-0.12764,-0.48146,0.03630,,,,,,,,,,,,,,,,,,,,,,,,,,0,0,0,0,0
31.6057,1783969883.3725,2,1,0.5000,-0.0000,1.42243,-0.00239,-2.63130,1.06286,1.57080,0.11675,-0.12764,-0.48147,0.03629,,,,,,,,,,,,,,,,,,,,,,,,,,0,0,0,0,0
31.6182,1783969883.3850,2,1,0.5000,-0.0000,1.42243,-0.00254,-2.63132,1.06303,1.57080,0.11675,-0.12763,-0.48147,0.03625,,,,,,,,,,,,,,,,,,,,,,,,,,0,0,0,0,0
31.6188,1783969883.3856,2,1,0.5000,-0.0000,1.42243,-0.00259,-2.63133,1.06309,1.57080,0.11675,-0.12763,-0.48148,0.03623,,,,,,,,,,,,,,,,,,,,,,,,,,0,0,0,0,0
31.6308,1783969883.3976,2,1,0.5000,-0.0000,1.42243,-0.00272,-2.63135,1.06326,1.57080,0.11675,-0.12763,-0.48149,0.03619,,,,,,,,,,,,,,,,,,,,,,,,,,0,0,0,0,0
31.6311,1783969883.3978,2,1,0.5000,-0.0000,1.42243,-0.00272,-2.63135,1.06326,1.57080,0.11675,-0.12763,-0.48149,0.03619,,,,,,,,,,,,,,,,,,,,,,,,,,0,0,0,0,0
31.6480,1783969883.4148,2,1,0.5000,-0.0000,1.42243,-0.00278,-2.63135,1.06334,1.57080,0.11675,-0.12763,-0.48150,0.03618,,,,,,,,,,,,,,,,,,,,,,,,,,0,0,0,0,0
31.6588,1783969883.4256,2,1,0.5000,-0.0000,1.42243,-0.00278,-2.63135,1.06334,1.57080,0.11675,-0.12763,-0.48150,0.03618,,,,,,,,,,,,,,,,,,,,,,,,,,0,0,0,0,0
31.6597,1783969883.4265,2,1,0.5000,-0.0000,1.42243,-0.00278,-2.63135,1.06334,1.57080,0.11675,-0.12763,-0.48150,0.03618,,,,,,,,,,,,,,,,,,,,,,,,,,0,0,0,0,0
31.6601,1783969883.4269,2,1,0.5000,-0.0000,1.42243,-0.00278,-2.63135,1.06334,1.57080,0.11675,-0.12763,-0.48150,0.03618,,,,,,,,,,,,,,,,,,,,,,,,,,0,0,0,0,0
31.6669,1783969883.4337,2,1,0.5000,-0.0000,1.42243,-0.00278,-2.63135,1.06334,1.57080,0.11675,-0.12763,-0.48150,0.03618,,,,,,,,,,,,,,,,,,,,,,,,,,0,0,0,0,0
31.6673,1783969883.4341,2,1,0.5000,-0.0000,1.42243,-0.00278,-2.63135,1.06334,1.57080,0.11675,-0.12763,-0.48150,0.03618,,,,,,,,,,,,,,,,,,,,,,,,,,0,0,0,0,0
31.6757,1783969883.4424,2,1,0.5000,-0.0000,1.42243,-0.00278,-2.63135,1.06334,1.57080,0.11675,-0.12763,-0.48150,0.03618,,,,,,,,,,,,,,,,,,,,,,,,,,0,0,0,0,0
31.6759,1783969883.4427,2,1,0.5000,-0.0000,1.42243,-0.00278,-2.63135,1.06334,1.57080,0.11675,-0.12763,-0.48150,0.03618,,,,,,,,,,,,,,,,,,,,,,,,,,0,0,0,0,0
31.6890,1783969883.4558,2,1,0.5000,-0.0000,1.42243,-0.00278,-2.63135,1.06334,1.57080,0.11675,-0.12763,-0.48150,0.03618,,,,,,,,,,,,,,,,,,,,,,,,,,0,0,0,0,0
31.6893,1783969883.4561,2,1,0.5000,-0.0000,1.42243,-0.00278,-2.63135,1.06334,1.57080,0.11675,-0.12763,-0.48150,0.03618,,,,,,,,,,,,,,,,,,,,,,,,,,0,0,0,0,0
31.6951,1783969883.4619,2,1,0.5000,-0.0000,1.42243,-0.00278,-2.63135,1.06334,1.57080,0.11675,-0.12763,-0.48150,0.03618,,,,,,,,,,,,,,,,,,,,,,,,,,0,0,0,0,0
31.6954,1783969883.4622,2,1,0.5000,-0.0000,1.42243,-0.00278,-2.63135,1.06334,1.57080,0.11675,-0.12763,-0.48150,0.03618,,,,,,,,,,,,,,,,,,,,,,,,,,0,0,0,0,0
31.7046,1783969883.4714,2,1,0.5000,-0.0000,1.42243,-0.00278,-2.63135,1.06334,1.57080,0.11675,-0.12763,-0.48150,0.03618,,,,,,,,,,,,,,,,,,,,,,,,,,0,0,0,0,0
31.7050,1783969883.4718,2,1,0.5000,-0.0000,1.42243,-0.00278,-2.63135,1.06334,1.57080,0.11675,-0.12763,-0.48150,0.03618,,,,,,,,,,,,,,,,,,,,,,,,,,0,0,0,0,0
31.7165,1783969883.4833,2,1,0.5000,-0.0000,1.42243,-0.00278,-2.63135,1.06334,1.57080,0.11675,-0.12763,-0.48150,0.03618,,,,,,,,,,,,,,,,,,,,,,,,,,0,0,0,0,0
31.7169,1783969883.4837,2,1,0.5000,-0.0000,1.42243,-0.00278,-2.63135,1.06334,1.57080,0.11675,-0.12763,-0.48150,0.03618,,,,,,,,,,,,,,,,,,,,,,,,,,0,0,0,0,0
31.7249,1783969883.4917,2,1,0.5000,-0.0000,1.42243,-0.00278,-2.63135,1.06334,1.57080,0.11675,-0.12763,-0.48150,0.03618,,,,,,,,,,,,,,,,,,,,,,,,,,0,0,0,0,0
31.7254,1783969883.4922,2,1,0.5000,-0.0000,1.42243,-0.00278,-2.63135,1.06334,1.57080,0.11675,-0.12763,-0.48150,0.03618,,,,,,,,,,,,,,,,,,,,,,,,,,0,0,0,0,0
31.7373,1783969883.5041,2,1,0.5000,-0.0000,1.42243,-0.00278,-2.63135,1.06334,1.57080,0.11675,-0.12763,-0.48150,0.03618,,,,,,,,,,,,,,,,,,,,,,,,,,0,0,0,0,0
31.7539,1783969883.5207,2,1,0.5000,-0.0000,1.42243,-0.00278,-2.63135,1.06334,1.57080,0.11675,-0.12763,-0.48150,0.03618,,,,,,,,,,,,,,,,,,,,,,,,,,0,0,0,0,0
31.7548,1783969883.5216,2,1,0.5000,-0.0000,1.42243,-0.00278,-2.63135,1.06334,1.57080,0.11675,-0.12763,-0.48150,0.03618,,,,,,,,,,,,,,,,,,,,,,,,,,0,0,0,0,0
31.7631,1783969883.5298,2,1,0.5000,-0.0000,1.42243,-0.00278,-2.63135,1.06334,1.57080,0.11675,-0.12763,-0.48150,0.03618,,,,,,,,,,,,,,,,,,,,,,,,,,0,0,0,0,0
31.7636,1783969883.5304,2,1,0.5000,-0.0000,1.42243,-0.00278,-2.63135,1.06334,1.57080,0.11675,-0.12763,-0.48150,0.03618,,,,,,,,,,,,,,,,,,,,,,,,,,0,0,0,0,0
31.7664,1783969883.5331,2,1,0.5000,-0.0000,1.42243,-0.00278,-2.63135,1.06334,1.57080,0.11675,-0.12763,-0.48150,0.03618,,,,,,,,,,,,,,,,,,,,,,,,,,0,0,0,0,0
31.7790,1783969883.5457,2,1,0.5000,-0.0000,1.42243,-0.00278,-2.63135,1.06334,1.57080,0.11675,-0.12763,-0.48150,0.03618,,,,,,,,,,,,,,,,,,,,,,,,,,0,0,0,0,0
31.7793,1783969883.5461,2,1,0.5000,-0.0000,1.42243,-0.00278,-2.63135,1.06334,1.57080,0.11675,-0.12763,-0.48150,0.03618,,,,,,,,,,,,,,,,,,,,,,,,,,0,0,0,0,0
31.7868,1783969883.5536,2,1,0.5000,-0.0000,1.42243,-0.00278,-2.63135,1.06334,1.57080,0.11675,-0.12763,-0.48150,0.03618,,,,,,,,,,,,,,,,,,,,,,,,,,0,0,0,0,0
31.7872,1783969883.5539,2,1,0.5000,-0.0000,1.42243,-0.00278,-2.63135,1.06334,1.57080,0.11675,-0.12763,-0.48150,0.03618,,,,,,,,,,,,,,,,,,,,,,,,,,0,0,0,0,0
31.7970,1783969883.5638,2,1,0.5000,-0.0000,1.42243,-0.00278,-2.63135,1.06334,1.57080,0.11675,-0.12763,-0.48150,0.03618,,,,,,,,,,,,,,,,,,,,,,,,,,0,0,0,0,0
31.8079,1783969883.5747,2,1,0.5000,-0.0000,1.42243,-0.00278,-2.63135,1.06334,1.57080,0.11675,-0.12763,-0.48150,0.03618,,,,,,,,,,,,,,,,,,,,,,,,,,0,0,0,0,0
31.8329,1783969883.5997,2,1,0.5000,-0.0000,1.42243,-0.00278,-2.63135,1.06334,1.57080,0.11675,-0.12763,-0.48150,0.03618,,,,,,,,,,,,,,,,,,,,,,,,,,0,0,0,0,0
31.8334,1783969883.6002,2,1,0.5000,-0.0000,1.42243,-0.00278,-2.63135,1.06334,1.57080,0.11675,-0.12763,-0.48150,0.03618,,,,,,,,,,,,,,,,,,,,,,,,,,0,0,0,0,0
31.8358,1783969883.6026,2,1,0.5000,-0.0000,1.42243,-0.00278,-2.63135,1.06334,1.57080,0.11675,-0.12763,-0.48150,0.03618,,,,,,,,,,,,,,,,,,,,,,,,,,0,0,0,0,0
31.8362,1783969883.6029,2,1,0.5000,-0.0000,1.42243,-0.00278,-2.63135,1.06334,1.57080,0.11675,-0.12763,-0.48150,0.03618,,,,,,,,,,,,,,,,,,,,,,,,,,0,0,0,0,0
31.8367,1783969883.6034,2,1,0.5000,-0.0000,1.42243,-0.00278,-2.63135,1.06334,1.57080,0.11675,-0.12763,-0.48150,0.03618,,,,,,,,,,,,,,,,,,,,,,,,,,0,0,0,0,0
31.8555,1783969883.6222,2,1,0.5000,-0.0000,1.42243,-0.00278,-2.63135,1.06334,1.57080,0.11675,-0.12763,-0.48150,0.03618,,,,,,,,,,,,,,,,,,,,,,,,,,0,0,0,0,0
31.8604,1783969883.6271,2,1,0.5000,-0.0000,1.42243,-0.00278,-2.63135,1.06334,1.57080,0.11675,-0.12763,-0.48150,0.03618,,,,,,,,,,,,,,,,,,,,,,,,,,0,0,0,0,0
31.8641,1783969883.6309,2,1,0.5000,-0.0000,1.42243,-0.00278,-2.63135,1.06335,1.57080,0.11675,-0.12763,-0.48150,0.03618,,,,,,,,,,,,,,,,,,,,,,,,,,0,0,0,0,0
31.8644,1783969883.6312,2,1,0.5000,-0.0000,1.42243,-0.00278,-2.63135,1.06335,1.57080,0.11675,-0.12763,-0.48150,0.03618,,,,,,,,,,,,,,,,,,,,,,,,,,0,0,0,0,0
31.8772,1783969883.6439,2,1,0.5000,-0.0000,1.42243,-0.00280,-2.63135,1.06337,1.57080,0.11675,-0.12763,-0.48150,0.03618,,,,,,,,,,,,,,,,,,,,,,,,,,0,0,0,0,0
31.8831,1783969883.6499,2,1,0.5000,-0.0000,1.42243,-0.00280,-2.63135,1.06338,1.57080,0.11675,-0.12763,-0.48150,0.03617,,,,,,,,,,,,,,,,,,,,,,,,,,0,0,0,0,0
31.8936,1783969883.6604,2,1,0.5000,-0.0000,1.42243,-0.00283,-2.63137,1.06340,1.57080,0.11675,-0.12763,-0.48149,0.03616,,,,,,,,,,,,,,,,,,,,,,,,,,0,0,0,0,0
31.8940,1783969883.6607,2,1,0.5000,-0.0000,1.42243,-0.00283,-2.63137,1.06340,1.57080,0.11675,-0.12763,-0.48149,0.03616,,,,,,,,,,,,,,,,,,,,,,,,,,0,0,0,0,0
31.9103,1783969883.6771,2,1,0.5000,-0.0000,1.42243,-0.00288,-2.63141,1.06346,1.57080,0.11675,-0.12763,-0.48147,0.03613,,,,,,,,,,,,,,,,,,,,,,,,,,0,0,0,0,0
31.9113,1783969883.6781,2,1,0.5000,-0.0000,1.42243,-0.00288,-2.63141,1.06347,1.57080,0.11675,-0.12763,-0.48147,0.03613,,,,,,,,,,,,,,,,,,,,,,,,,,0,0,0,0,0
31.9172,1783969883.6840,2,1,0.5000,-0.0000,1.42243,-0.00289,-2.63142,1.06348,1.57080,0.11675,-0.12764,-0.48147,0.03612,,,,,,,,,,,,,,,,,,,,,,,,,,0,0,0,0,0
31.9273,1783969883.6941,2,1,0.5000,-0.0000,1.42243,-0.00294,-2.63144,1.06354,1.57080,0.11675,-0.12764,-0.48146,0.03610,,,,,,,,,,,,,,,,,,,,,,,,,,0,0,0,0,0
31.9354,1783969883.7022,2,1,0.5000,-0.0000,1.42243,-0.00299,-2.63146,1.06360,1.57080,0.11675,-0.12764,-0.48145,0.03608,,,,,,,,,,,,,,,,,,,,,,,,,,0,0,0,0,0
31.9448,1783969883.7116,2,1,0.5000,-0.0000,1.42243,-0.00299,-2.63146,1.06360,1.57080,0.11675,-0.12764,-0.48145,0.03607,,,,,,,,,,,,,,,,,,,,,,,,,,0,0,0,0,0
31.9556,1783969883.7224,2,1,0.5000,-0.0000,1.42243,-0.00305,-2.63148,1.06367,1.57080,0.11675,-0.12764,-0.48145,0.03605,,,,,,,,,,,,,,,,,,,,,,,,,,0,0,0,0,0
31.9562,1783969883.7230,2,1,0.5000,-0.0000,1.42243,-0.00305,-2.63148,1.06367,1.57080,0.11675,-0.12764,-0.48145,0.03605,,,,,,,,,,,,,,,,,,,,,,,,,,0,0,0,0,0
31.9686,1783969883.7354,2,1,0.5000,-0.0000,1.42243,-0.00309,-2.63149,1.06372,1.57080,0.11675,-0.12764,-0.48145,0.03604,,,,,,,,,,,,,,,,,,,,,,,,,,0,0,0,0,0
31.9689,1783969883.7356,2,1,0.5000,-0.0000,1.42243,-0.00309,-2.63149,1.06372,1.57080,0.11675,-0.12764,-0.48145,0.03604,,,,,,,,,,,,,,,,,,,,,,,,,,0,0,0,0,0
31.9770,1783969883.7437,2,1,0.5000,-0.0000,1.42243,-0.00315,-2.63150,1.06378,1.57080,0.11675,-0.12764,-0.48145,0.03602,,,,,,,,,,,,,,,,,,,,,,,,,,0,0,0,0,0
31.9854,1783969883.7522,2,1,0.5000,-0.0000,1.42243,-0.00324,-2.63151,1.06389,1.57080,0.11675,-0.12764,-0.48145,0.03599,,,,,,,,,,,,,,,,,,,,,,,,,,0,0,0,0,0
31.9858,1783969883.7525,2,1,0.5000,-0.0000,1.42243,-0.00324,-2.63151,1.06389,1.57080,0.11675,-0.12764,-0.48145,0.03599,,,,,,,,,,,,,,,,,,,,,,,,,,0,0,0,0,0
31.9957,1783969883.7625,2,1,0.5000,-0.0000,1.42243,-0.00335,-2.63153,1.06403,1.57080,0.11675,-0.12764,-0.48145,0.03596,,,,,,,,,,,,,,,,,,,,,,,,,,0,0,0,0,0
32.0131,1783969883.7799,2,1,0.5000,-0.0000,1.42243,-0.00344,-2.63155,1.06413,1.57080,0.11675,-0.12764,-0.48146,0.03593,,,,,,,,,,,,,,,,,,,,,,,,,,0,0,0,0,0
32.0157,1783969883.7825,2,1,0.5000,-0.0000,1.42243,-0.00348,-2.63155,1.06418,1.57080,0.11675,-0.12764,-0.48146,0.03592,,,,,,,,,,,,,,,,,,,,,,,,,,0,0,0,0,0
32.0162,1783969883.7830,2,1,0.5000,-0.0000,1.42243,-0.00348,-2.63155,1.06418,1.57080,0.11675,-0.12764,-0.48146,0.03592,,,,,,,,,,,,,,,,,,,,,,,,,,0,0,0,0,0
32.0359,1783969883.8027,2,1,0.5000,-0.0000,1.42243,-0.00359,-2.63157,1.06431,1.57080,0.11675,-0.12763,-0.48147,0.03588,,,,,,,,,,,,,,,,,,,,,,,,,,0,0,0,0,0
32.0363,1783969883.8031,2,1,0.5000,-0.0000,1.42243,-0.00359,-2.63157,1.06431,1.57080,0.11675,-0.12763,-0.48147,0.03588,,,,,,,,,,,,,,,,,,,,,,,,,,0,0,0,0,0
32.0575,1783969883.8242,2,1,0.5000,-0.0000,1.42243,-0.00375,-2.63158,1.06451,1.57080,0.11675,-0.12763,-0.48149,0.03584,,,,,,,,,,,,,,,,,,,,,,,,,,0,0,0,0,0
32.0582,1783969883.8250,2,1,0.5000,-0.0000,1.42243,-0.00375,-2.63158,1.06451,1.57080,0.11675,-0.12763,-0.48149,0.03584,,,,,,,,,,,,,,,,,,,,,,,,,,0,0,0,0,0
32.0587,1783969883.8254,2,1,0.5000,-0.0000,1.42243,-0.00375,-2.63158,1.06451,1.57080,0.11675,-0.12763,-0.48149,0.03584,,,,,,,,,,,,,,,,,,,,,,,,,,0,0,0,0,0
32.0684,1783969883.8352,2,1,0.5000,-0.0000,1.42243,-0.00387,-2.63158,1.06465,1.57080,0.11675,-0.12763,-0.48151,0.03581,,,,,,,,,,,,,,,,,,,,,,,,,,0,0,0,0,0
32.0743,1783969883.8411,2,1,0.5000,-0.0000,1.42243,-0.00390,-2.63157,1.06470,1.57080,0.11675,-0.12763,-0.48151,0.03581,,,,,,,,,,,,,,,,,,,,,,,,,,0,0,0,0,0
32.0753,1783969883.8421,2,1,0.5000,-0.0000,1.42243,-0.00394,-2.63157,1.06474,1.57080,0.11675,-0.12763,-0.48152,0.03580,,,,,,,,,,,,,,,,,,,,,,,,,,0,0,0,0,0
32.0866,1783969883.8534,2,1,0.5000,-0.0000,1.42243,-0.00399,-2.63156,1.06481,1.57080,0.11675,-0.12762,-0.48154,0.03579,,,,,,,,,,,,,,,,,,,,,,,,,,0,0,0,0,0
32.0877,1783969883.8545,2,1,0.5000,-0.0000,1.42243,-0.00401,-2.63155,1.06483,1.57080,0.11675,-0.12762,-0.48155,0.03579,,,,,,,,,,,,,,,,,,,,,,,,,,0,0,0,0,0
32.0938,1783969883.8605,2,1,0.5000,-0.0000,1.42243,-0.00401,-2.63155,1.06483,1.57080,0.11675,-0.12762,-0.48155,0.03579,,,,,,,,,,,,,,,,,,,,,,,,,,0,0,0,0,0
32.1164,1783969883.8832,2,1,0.5000,-0.0000,1.42243,-0.00401,-2.63155,1.06483,1.57080,0.11675,-0.12762,-0.48155,0.03579,,,,,,,,,,,,,,,,,,,,,,,,,,0,0,0,0,0
32.1194,1783969883.8862,2,1,0.5000,-0.0000,1.42243,-0.00401,-2.63155,1.06483,1.57080,0.11675,-0.12762,-0.48155,0.03579,,,,,,,,,,,,,,,,,,,,,,,,,,0,0,0,0,0
32.1256,1783969883.8923,2,1,0.5000,-0.0000,1.42243,-0.00401,-2.63155,1.06483,1.57080,0.11675,-0.12762,-0.48155,0.03579,,,,,,,,,,,,,,,,,,,,,,,,,,0,0,0,0,0
32.1594,1783969883.9262,2,1,0.5000,-0.0000,1.42243,-0.00401,-2.63155,1.06483,1.57080,0.11675,-0.12762,-0.48155,0.03579,,,,,,,,,,,,,,,,,,,,,,,,,,0,0,0,0,0
32.1596,1783969883.9264,2,1,0.5000,-0.0000,1.42243,-0.00401,-2.63155,1.06483,1.57080,0.11675,-0.12762,-0.48155,0.03579,,,,,,,,,,,,,,,,,,,,,,,,,,0,0,0,0,0
32.1772,1783969883.9440,2,1,0.5000,-0.0000,1.42243,-0.00401,-2.63155,1.06483,1.57080,0.11675,-0.12762,-0.48155,0.03579,,,,,,,,,,,,,,,,,,,,,,,,,,0,0,0,0,0
32.1776,1783969883.9444,2,1,0.5000,-0.0000,1.42243,-0.00401,-2.63155,1.06483,1.57080,0.11675,-0.12762,-0.48155,0.03579,,,,,,,,,,,,,,,,,,,,,,,,,,0,0,0,0,0
32.1874,1783969883.9542,2,1,0.5000,-0.0000,1.42243,-0.00401,-2.63155,1.06483,1.57080,0.11675,-0.12762,-0.48155,0.03579,,,,,,,,,,,,,,,,,,,,,,,,,,0,0,0,0,0
32.1916,1783969883.9584,2,1,0.5000,-0.0000,1.42243,-0.00401,-2.63155,1.06483,1.57080,0.11675,-0.12762,-0.48155,0.03579,,,,,,,,,,,,,,,,,,,,,,,,,,0,0,0,0,0
32.2015,1783969883.9683,2,1,0.5000,-0.0000,1.42243,-0.00401,-2.63155,1.06483,1.57080,0.11675,-0.12762,-0.48155,0.03579,,,,,,,,,,,,,,,,,,,,,,,,,,0,0,0,0,0
32.2085,1783969883.9752,2,1,0.5000,-0.0000,1.42243,-0.00401,-2.63155,1.06483,1.57080,0.11675,-0.12762,-0.48155,0.03579,,,,,,,,,,,,,,,,,,,,,,,,,,0,0,0,0,0
32.2116,1783969883.9784,2,1,0.5000,-0.0000,1.42243,-0.00401,-2.63155,1.06483,1.57080,0.11675,-0.12762,-0.48155,0.03579,,,,,,,,,,,,,,,,,,,,,,,,,,0,0,0,0,0
32.2174,1783969883.9842,2,1,0.5000,-0.0000,1.42243,-0.00401,-2.63155,1.06483,1.57080,0.11675,-0.12762,-0.48155,0.03579,,,,,,,,,,,,,,,,,,,,,,,,,,0,0,0,0,0
32.2251,1783969883.9919,2,1,0.5000,-0.0000,1.42243,-0.00401,-2.63155,1.06483,1.57080,0.11675,-0.12762,-0.48155,0.03579,,,,,,,,,,,,,,,,,,,,,,,,,,0,0,0,0,0
32.2394,1783969884.0062,2,1,0.5000,-0.0000,1.42243,-0.00401,-2.63155,1.06483,1.57080,0.11675,-0.12762,-0.48155,0.03579,,,,,,,,,,,,,,,,,,,,,,,,,,0,0,0,0,0
32.2397,1783969884.0064,2,1,0.5000,-0.0000,1.42243,-0.00401,-2.63155,1.06483,1.57080,0.11675,-0.12762,-0.48155,0.03579,,,,,,,,,,,,,,,,,,,,,,,,,,0,0,0,0,0
32.2429,1783969884.0097,2,1,0.5000,-0.0000,1.42243,-0.00401,-2.63155,1.06483,1.57080,0.11675,-0.12762,-0.48155,0.03579,,,,,,,,,,,,,,,,,,,,,,,,,,0,0,0,0,0
32.2605,1783969884.0273,2,1,0.5000,-0.0000,1.42243,-0.00401,-2.63155,1.06483,1.57080,0.11675,-0.12762,-0.48155,0.03579,,,,,,,,,,,,,,,,,,,,,,,,,,0,0,0,0,0
32.2635,1783969884.0303,2,1,0.5000,-0.0000,1.42243,-0.00401,-2.63155,1.06483,1.57080,0.11675,-0.12762,-0.48155,0.03579,,,,,,,,,,,,,,,,,,,,,,,,,,0,0,0,0,0
32.2739,1783969884.0406,2,1,0.5000,-0.0000,1.42243,-0.00401,-2.63155,1.06483,1.57080,0.11675,-0.12762,-0.48155,0.03579,,,,,,,,,,,,,,,,,,,,,,,,,,0,0,0,0,0
32.2743,1783969884.0411,2,1,0.5000,-0.0000,1.42243,-0.00401,-2.63155,1.06483,1.57080,0.11675,-0.12762,-0.48155,0.03579,,,,,,,,,,,,,,,,,,,,,,,,,,0,0,0,0,0
32.2887,1783969884.0555,2,1,0.5000,-0.0000,1.42243,-0.00401,-2.63155,1.06483,1.57080,0.11675,-0.12762,-0.48155,0.03579,,,,,,,,,,,,,,,,,,,,,,,,,,0,0,0,0,0
32.2889,1783969884.0557,2,1,0.5000,-0.0000,1.42243,-0.00401,-2.63155,1.06483,1.57080,0.11675,-0.12762,-0.48155,0.03579,,,,,,,,,,,,,,,,,,,,,,,,,,0,0,0,0,0
32.3030,1783969884.0698,2,1,0.5000,-0.0000,1.42243,-0.00401,-2.63156,1.06483,1.57080,0.11675,-0.12762,-0.48154,0.03579,,,,,,,,,,,,,,,,,,,,,,,,,,0,0,0,0,0
32.3034,1783969884.0701,2,1,0.5000,-0.0000,1.42243,-0.00401,-2.63156,1.06483,1.57080,0.11675,-0.12762,-0.48154,0.03579,,,,,,,,,,,,,,,,,,,,,,,,,,0,0,0,0,0
32.3071,1783969884.0739,2,1,0.5000,-0.0000,1.42243,-0.00401,-2.63156,1.06484,1.57080,0.11675,-0.12762,-0.48154,0.03579,,,,,,,,,,,,,,,,,,,,,,,,,,0,0,0,0,0
32.3254,1783969884.0921,2,1,0.5000,-0.0000,1.42243,-0.00405,-2.63161,1.06489,1.57080,0.11675,-0.12763,-0.48151,0.03575,,,,,,,,,,,,,,,,,,,,,,,,,,0,0,0,0,0
32.3298,1783969884.0965,2,1,0.5000,-0.0000,1.42243,-0.00405,-2.63161,1.06489,1.57080,0.11675,-0.12763,-0.48151,0.03575,,,,,,,,,,,,,,,,,,,,,,,,,,0,0,0,0,0
32.3358,1783969884.1025,2,1,0.5000,-0.0000,1.42243,-0.00407,-2.63162,1.06491,1.57080,0.11675,-0.12763,-0.48151,0.03575,,,,,,,,,,,,,,,,,,,,,,,,,,0,0,0,0,0
32.3360,1783969884.1028,2,1,0.5000,-0.0000,1.42243,-0.00407,-2.63162,1.06491,1.57080,0.11675,-0.12763,-0.48151,0.03575,,,,,,,,,,,,,,,,,,,,,,,,,,0,0,0,0,0
32.3485,1783969884.1153,2,1,0.5000,-0.0000,1.42243,-0.00411,-2.63166,1.06496,1.57080,0.11675,-0.12763,-0.48149,0.03572,,,,,,,,,,,,,,,,,,,,,,,,,,0,0,0,0,0
32.3488,1783969884.1156,2,1,0.5000,-0.0000,1.42243,-0.00411,-2.63166,1.06496,1.57080,0.11675,-0.12763,-0.48149,0.03572,,,,,,,,,,,,,,,,,,,,,,,,,,0,0,0,0,0
32.3658,1783969884.1326,2,1,0.5000,-0.0000,1.42243,-0.00415,-2.63167,1.06500,1.57080,0.11675,-0.12763,-0.48148,0.03570,,,,,,,,,,,,,,,,,,,,,,,,,,0,0,0,0,0
32.3943,1783969884.1611,2,1,0.5000,-0.0000,1.42243,-0.00429,-2.63173,1.06518,1.57080,0.11675,-0.12763,-0.48146,0.03564,,,,,,,,,,,,,,,,,,,,,,,,,,0,0,0,0,0
32.3963,1783969884.1631,2,1,0.5000,-0.0000,1.42243,-0.00432,-2.63174,1.06521,1.57080,0.11675,-0.12763,-0.48146,0.03564,,,,,,,,,,,,,,,,,,,,,,,,,,0,0,0,0,0
32.3967,1783969884.1635,2,1,0.5000,-0.0000,1.42243,-0.00432,-2.63174,1.06521,1.57080,0.11675,-0.12763,-0.48146,0.03564,,,,,,,,,,,,,,,,,,,,,,,,,,0,0,0,0,0
32.3973,1783969884.1641,2,1,0.5000,-0.0000,1.42243,-0.00432,-2.63174,1.06521,1.57080,0.11675,-0.12763,-0.48146,0.03564,,,,,,,,,,,,,,,,,,,,,,,,,,0,0,0,0,0
32.4073,1783969884.1741,2,1,0.5000,-0.0000,1.42243,-0.00443,-2.63176,1.06535,1.57080,0.11675,-0.12763,-0.48146,0.03559,,,,,,,,,,,,,,,,,,,,,,,,,,0,0,0,0,0
32.4078,1783969884.1745,2,1,0.5000,-0.0000,1.42243,-0.00443,-2.63176,1.06535,1.57080,0.11675,-0.12763,-0.48146,0.03559,,,,,,,,,,,,,,,,,,,,,,,,,,0,0,0,0,0
32.4247,1783969884.1915,2,1,0.5000,-0.0000,1.42243,-0.00450,-2.63178,1.06543,1.57080,0.11675,-0.12763,-0.48146,0.03557,,,,,,,,,,,,,,,,,,,,,,,,,,0,0,0,0,0
32.4260,1783969884.1928,2,1,0.5000,-0.0000,1.42243,-0.00450,-2.63178,1.06543,1.57080,0.11675,-0.12763,-0.48146,0.03557,,,,,,,,,,,,,,,,,,,,,,,,,,0,0,0,0,0
32.4937,1783969884.2605,2,1,0.5000,-0.0000,1.42242,-0.00492,-2.63184,1.06595,1.57080,0.11675,-0.12763,-0.48149,0.03544,,,,,,,,,,,,,,,,,,,,,,,,,,0,0,0,0,0
32.4954,1783969884.2622,2,1,0.5000,-0.0000,1.42242,-0.00495,-2.63184,1.06598,1.57080,0.11675,-0.12763,-0.48149,0.03544,,,,,,,,,,,,,,,,,,,,,,,,,,0,0,0,0,0
32.4957,1783969884.2625,2,1,0.5000,-0.0000,1.42242,-0.00495,-2.63184,1.06598,1.57080,0.11675,-0.12763,-0.48149,0.03544,,,,,,,,,,,,,,,,,,,,,,,,,,0,0,0,0,0
32.4961,1783969884.2629,2,1,0.5000,-0.0000,1.42242,-0.00495,-2.63184,1.06598,1.57080,0.11675,-0.12763,-0.48149,0.03544,,,,,,,,,,,,,,,,,,,,,,,,,,0,0,0,0,0
32.4964,1783969884.2632,2,1,0.5000,-0.0000,1.42242,-0.00495,-2.63184,1.06598,1.57080,0.11675,-0.12763,-0.48149,0.03544,,,,,,,,,,,,,,,,,,,,,,,,,,0,0,0,0,0
32.4967,1783969884.2635,2,1,0.5000,-0.0000,1.42242,-0.00495,-2.63184,1.06598,1.57080,0.11675,-0.12763,-0.48149,0.03544,,,,,,,,,,,,,,,,,,,,,,,,,,0,0,0,0,0
32.4980,1783969884.2647,2,1,0.5000,-0.0000,1.42242,-0.00495,-2.63184,1.06598,1.57080,0.11675,-0.12763,-0.48149,0.03544,,,,,,,,,,,,,,,,,,,,,,,,,,0,0,0,0,0
32.4984,1783969884.2651,2,1,0.5000,-0.0000,1.42242,-0.00495,-2.63184,1.06598,1.57080,0.11675,-0.12763,-0.48149,0.03544,,,,,,,,,,,,,,,,,,,,,,,,,,0,0,0,0,0
32.5055,1783969884.2723,2,1,0.5000,-0.0000,1.42242,-0.00501,-2.63183,1.06606,1.57080,0.11675,-0.12763,-0.48151,0.03543,,,,,,,,,,,,,,,,,,,,,,,,,,0,0,0,0,0
32.5151,1783969884.2819,2,1,0.5000,-0.0000,1.42242,-0.00510,-2.63182,1.06617,1.57080,0.11675,-0.12762,-0.48153,0.03541,,,,,,,,,,,,,,,,,,,,,,,,,,0,0,0,0,0
32.5156,1783969884.2824,2,1,0.5000,-0.0000,1.42242,-0.00510,-2.63182,1.06617,1.57080,0.11675,-0.12762,-0.48153,0.03541,,,,,,,,,,,,,,,,,,,,,,,,,,0,0,0,0,0
32.5264,1783969884.2932,2,1,0.5000,-0.0000,1.42242,-0.00515,-2.63180,1.06624,1.57080,0.11675,-0.12762,-0.48155,0.03541,,,,,,,,,,,,,,,,,,,,,,,,,,0,0,0,0,0
32.5337,1783969884.3005,2,1,0.5000,-0.0000,1.42242,-0.00519,-2.63178,1.06628,1.57080,0.11675,-0.12762,-0.48157,0.03541,,,,,,,,,,,,,,,,,,,,,,,,,,0,0,0,0,0
32.5342,1783969884.3009,2,1,0.5000,-0.0000,1.42242,-0.00519,-2.63178,1.06628,1.57080,0.11675,-0.12762,-0.48157,0.03541,,,,,,,,,,,,,,,,,,,,,,,,,,0,0,0,0,0
32.5465,1783969884.3133,2,1,0.5000,-0.0000,1.42242,-0.00519,-2.63177,1.06628,1.57080,0.11675,-0.12761,-0.48158,0.03541,,,,,,,,,,,,,,,,,,,,,,,,,,0,0,0,0,0
32.5471,1783969884.3139,2,1,0.5000,-0.0000,1.42242,-0.00519,-2.63177,1.06628,1.57080,0.11675,-0.12761,-0.48158,0.03541,,,,,,,,,,,,,,,,,,,,,,,,,,0,0,0,0,0
32.5532,1783969884.3200,2,1,0.5000,-0.0000,1.42242,-0.00519,-2.63177,1.06628,1.57080,0.11675,-0.12761,-0.48158,0.03541,,,,,,,,,,,,,,,,,,,,,,,,,,0,0,0,0,0
32.5665,1783969884.3333,2,1,0.5000,-0.0000,1.42242,-0.00519,-2.63177,1.06628,1.57080,0.11675,-0.12761,-0.48158,0.03541,,,,,,,,,,,,,,,,,,,,,,,,,,0,0,0,0,0
32.5670,1783969884.3337,2,1,0.5000,-0.0000,1.42242,-0.00519,-2.63177,1.06628,1.57080,0.11675,-0.12761,-0.48158,0.03541,,,,,,,,,,,,,,,,,,,,,,,,,,0,0,0,0,0
32.5776,1783969884.3443,2,1,0.5000,-0.0000,1.42242,-0.00519,-2.63177,1.06628,1.57080,0.11675,-0.12761,-0.48158,0.03541,,,,,,,,,,,,,,,,,,,,,,,,,,0,0,0,0,0
32.5885,1783969884.3553,2,1,0.5000,-0.0000,1.42242,-0.00519,-2.63177,1.06628,1.57080,0.11675,-0.12761,-0.48158,0.03541,,,,,,,,,,,,,,,,,,,,,,,,,,0,0,0,0,0
32.5888,1783969884.3556,2,1,0.5000,-0.0000,1.42242,-0.00519,-2.63177,1.06628,1.57080,0.11675,-0.12761,-0.48158,0.03541,,,,,,,,,,,,,,,,,,,,,,,,,,0,0,0,0,0
32.5979,1783969884.3646,2,1,0.5000,-0.0000,1.42242,-0.00519,-2.63177,1.06628,1.57080,0.11675,-0.12761,-0.48158,0.03541,,,,,,,,,,,,,,,,,,,,,,,,,,0,0,0,0,0
32.6103,1783969884.3771,2,1,0.5000,-0.0000,1.42242,-0.00519,-2.63177,1.06628,1.57080,0.11675,-0.12761,-0.48158,0.03541,,,,,,,,,,,,,,,,,,,,,,,,,,0,0,0,0,0
32.6155,1783969884.3823,2,1,0.5000,-0.0000,1.42242,-0.00519,-2.63177,1.06628,1.57080,0.11675,-0.12761,-0.48158,0.03541,,,,,,,,,,,,,,,,,,,,,,,,,,0,0,0,0,0
32.6255,1783969884.3923,2,1,0.5000,-0.0000,1.42242,-0.00519,-2.63177,1.06628,1.57080,0.11675,-0.12761,-0.48158,0.03541,,,,,,,,,,,,,,,,,,,,,,,,,,0,0,0,0,0
32.6260,1783969884.3927,2,1,0.5000,-0.0000,1.42242,-0.00519,-2.63177,1.06628,1.57080,0.11675,-0.12761,-0.48158,0.03541,,,,,,,,,,,,,,,,,,,,,,,,,,0,0,0,0,0
32.6398,1783969884.4066,2,1,0.5000,-0.0000,1.42242,-0.00519,-2.63177,1.06628,1.57080,0.11675,-0.12761,-0.48158,0.03541,,,,,,,,,,,,,,,,,,,,,,,,,,0,0,0,0,0
32.6474,1783969884.4142,2,1,0.5000,-0.0000,1.42242,-0.00519,-2.63177,1.06628,1.57080,0.11675,-0.12761,-0.48158,0.03541,,,,,,,,,,,,,,,,,,,,,,,,,,0,0,0,0,0
32.6521,1783969884.4189,2,1,0.5000,-0.0000,1.42242,-0.00519,-2.63177,1.06628,1.57080,0.11675,-0.12761,-0.48158,0.03541,,,,,,,,,,,,,,,,,,,,,,,,,,0,0,0,0,0
32.6526,1783969884.4193,2,1,0.5000,-0.0000,1.42242,-0.00519,-2.63177,1.06628,1.57080,0.11675,-0.12761,-0.48158,0.03541,,,,,,,,,,,,,,,,,,,,,,,,,,0,0,0,0,0
32.6699,1783969884.4367,2,1,0.5000,-0.0000,1.42242,-0.00519,-2.63177,1.06628,1.57080,0.11675,-0.12761,-0.48158,0.03541,,,,,,,,,,,,,,,,,,,,,,,,,,0,0,0,0,0
32.6798,1783969884.4466,2,1,0.5000,-0.0000,1.42242,-0.00519,-2.63177,1.06628,1.57080,0.11675,-0.12761,-0.48158,0.03541,,,,,,,,,,,,,,,,,,,,,,,,,,0,0,0,0,0
32.6898,1783969884.4566,2,1,0.5000,-0.0000,1.42242,-0.00519,-2.63177,1.06628,1.57080,0.11675,-0.12761,-0.48158,0.03541,,,,,,,,,,,,,,,,,,,,,,,,,,0,0,0,0,0
32.6933,1783969884.4601,2,1,0.5000,-0.0000,1.42242,-0.00519,-2.63177,1.06628,1.57080,0.11675,-0.12761,-0.48158,0.03541,,,,,,,,,,,,,,,,,,,,,,,,,,0,0,0,0,0
32.6937,1783969884.4605,2,1,0.5000,-0.0000,1.42242,-0.00519,-2.63177,1.06628,1.57080,0.11675,-0.12761,-0.48158,0.03541,,,,,,,,,,,,,,,,,,,,,,,,,,0,0,0,0,0
32.7086,1783969884.4754,2,1,0.5000,-0.0000,1.42242,-0.00519,-2.63177,1.06628,1.57080,0.11675,-0.12761,-0.48158,0.03541,,,,,,,,,,,,,,,,,,,,,,,,,,0,0,0,0,0
32.7163,1783969884.4831,2,1,0.5000,-0.0000,1.42242,-0.00519,-2.63177,1.06629,1.57080,0.11675,-0.12761,-0.48158,0.03541,,,,,,,,,,,,,,,,,,,,,,,,,,0,0,0,0,0
32.7166,1783969884.4833,2,1,0.5000,-0.0000,1.42242,-0.00519,-2.63177,1.06629,1.57080,0.11675,-0.12761,-0.48158,0.03541,,,,,,,,,,,,,,,,,,,,,,,,,,0,0,0,0,0
32.7282,1783969884.4950,2,1,0.5000,-0.0000,1.42242,-0.00521,-2.63180,1.06630,1.57080,0.11675,-0.12762,-0.48156,0.03540,,,,,,,,,,,,,,,,,,,,,,,,,,0,0,0,0,0
32.7346,1783969884.5014,2,1,0.5000,-0.0000,1.42242,-0.00521,-2.63182,1.06632,1.57080,0.11675,-0.12762,-0.48155,0.03539,,,,,,,,,,,,,,,,,,,,,,,,,,0,0,0,0,0
32.7540,1783969884.5207,2,1,0.5000,-0.0000,1.42242,-0.00524,-2.63187,1.06635,1.57080,0.11675,-0.12762,-0.48152,0.03536,,,,,,,,,,,,,,,,,,,,,,,,,,0,0,0,0,0
32.7593,1783969884.5261,2,1,0.5000,-0.0000,1.42242,-0.00526,-2.63188,1.06637,1.57080,0.11675,-0.12762,-0.48152,0.03535,,,,,,,,,,,,,,,,,,,,,,,,,,0,0,0,0,0
32.7649,1783969884.5317,2,1,0.5000,-0.0000,1.42242,-0.00529,-2.63191,1.06640,1.57080,0.11675,-0.12763,-0.48150,0.03533,,,,,,,,,,,,,,,,,,,,,,,,,,0,0,0,0,0
32.7748,1783969884.5416,2,1,0.5000,-0.0000,1.42242,-0.00533,-2.63195,1.06645,1.57080,0.11675,-0.12763,-0.48148,0.03530,,,,,,,,,,,,,,,,,,,,,,,,,,0,0,0,0,0
32.7823,1783969884.5491,2,1,0.5000,-0.0000,1.42242,-0.00535,-2.63197,1.06648,1.57080,0.11675,-0.12763,-0.48146,0.03528,,,,,,,,,,,,,,,,,,,,,,,,,,0,0,0,0,0
32.7827,1783969884.5495,2,1,0.5000,-0.0000,1.42242,-0.00535,-2.63197,1.06648,1.57080,0.11675,-0.12763,-0.48146,0.03528,,,,,,,,,,,,,,,,,,,,,,,,,,0,0,0,0,0
32.8030,1783969884.5697,2,1,0.5000,-0.0000,1.42242,-0.00543,-2.63199,1.06657,1.57080,0.11675,-0.12763,-0.48146,0.03525,,,,,,,,,,,,,,,,,,,,,,,,,,0,0,0,0,0
32.8105,1783969884.5773,2,1,0.5000,-0.0000,1.42242,-0.00544,-2.63200,1.06658,1.57080,0.11675,-0.12763,-0.48146,0.03525,,,,,,,,,,,,,,,,,,,,,,,,,,0,0,0,0,0
32.8165,1783969884.5833,2,1,0.5000,-0.0000,1.42242,-0.00548,-2.63201,1.06663,1.57080,0.11675,-0.12763,-0.48145,0.03524,,,,,,,,,,,,,,,,,,,,,,,,,,0,0,0,0,0
32.8167,1783969884.5835,2,1,0.5000,-0.0000,1.42242,-0.00548,-2.63201,1.06663,1.57080,0.11675,-0.12763,-0.48145,0.03524,,,,,,,,,,,,,,,,,,,,,,,,,,0,0,0,0,0
32.8316,1783969884.5984,2,1,0.5000,-0.0000,1.42242,-0.00566,-2.63205,1.06685,1.57080,0.11675,-0.12763,-0.48145,0.03518,,,,,,,,,,,,,,,,,,,,,,,,,,0,0,0,0,0
32.8335,1783969884.6002,2,1,0.5000,-0.0000,1.42242,-0.00566,-2.63205,1.06685,1.57080,0.11675,-0.12763,-0.48145,0.03518,,,,,,,,,,,,,,,,,,,,,,,,,,0,0,0,0,0
32.8447,1783969884.6115,2,1,0.5000,-0.0000,1.42242,-0.00568,-2.63205,1.06688,1.57080,0.11675,-0.12763,-0.48145,0.03517,,,,,,,,,,,,,,,,,,,,,,,,,,0,0,0,0,0
32.8449,1783969884.6117,2,1,0.5000,-0.0000,1.42242,-0.00568,-2.63205,1.06688,1.57080,0.11675,-0.12763,-0.48145,0.03517,,,,,,,,,,,,,,,,,,,,,,,,,,0,0,0,0,0
32.8573,1783969884.6240,2,1,0.5000,-0.0000,1.42242,-0.00578,-2.63207,1.06700,1.57080,0.11675,-0.12763,-0.48146,0.03513,,,,,,,,,,,,,,,,,,,,,,,,,,0,0,0,0,0
32.8637,1783969884.6304,2,1,0.5000,-0.0000,1.42242,-0.00588,-2.63209,1.06712,1.57080,0.11675,-0.12763,-0.48146,0.03510,,,,,,,,,,,,,,,,,,,,,,,,,,0,0,0,0,0
32.8639,1783969884.6307,2,1,0.5000,-0.0000,1.42242,-0.00588,-2.63209,1.06712,1.57080,0.11675,-0.12763,-0.48146,0.03510,,,,,,,,,,,,,,,,,,,,,,,,,,0,0,0,0,0
32.8778,1783969884.6446,2,1,0.5000,-0.0000,1.42242,-0.00590,-2.63209,1.06714,1.57080,0.11675,-0.12763,-0.48146,0.03510,,,,,,,,,,,,,,,,,,,,,,,,,,0,0,0,0,0
32.8878,1783969884.6546,2,1,0.5000,-0.0000,1.42242,-0.00599,-2.63210,1.06725,1.57080,0.11675,-0.12763,-0.48147,0.03507,,,,,,,,,,,,,,,,,,,,,,,,,,0,0,0,0,0
32.8883,1783969884.6550,2,1,0.5000,-0.0000,1.42242,-0.00599,-2.63210,1.06725,1.57080,0.11675,-0.12763,-0.48147,0.03507,,,,,,,,,,,,,,,,,,,,,,,,,,0,0,0,0,0
32.8975,1783969884.6643,2,1,0.5000,-0.0000,1.42242,-0.00607,-2.63211,1.06735,1.57080,0.11675,-0.12763,-0.48147,0.03505,,,,,,,,,,,,,,,,,,,,,,,,,,0,0,0,0,0
32.9059,1783969884.6727,2,1,0.5000,-0.0000,1.42242,-0.00616,-2.63212,1.06746,1.57080,0.11675,-0.12763,-0.48148,0.03503,,,,,,,,,,,,,,,,,,,,,,,,,,0,0,0,0,0
32.9185,1783969884.6853,2,1,0.5000,-0.0000,1.42242,-0.00628,-2.63212,1.06761,1.57080,0.11675,-0.12762,-0.48150,0.03499,,,,,,,,,,,,,,,,,,,,,,,,,,0,0,0,0,0
32.9326,1783969884.6994,2,1,0.5000,-0.0000,1.42242,-0.00636,-2.63212,1.06772,1.57080,0.11675,-0.12762,-0.48152,0.03498,,,,,,,,,,,,,,,,,,,,,,,,,,0,0,0,0,0
32.9382,1783969884.7050,2,1,0.5000,-0.0000,1.42242,-0.00636,-2.63212,1.06772,1.57080,0.11675,-0.12762,-0.48152,0.03498,,,,,,,,,,,,,,,,,,,,,,,,,,0,0,0,0,0
32.9546,1783969884.7214,2,1,0.5000,-0.0000,1.42242,-0.00636,-2.63212,1.06772,1.57080,0.11675,-0.12762,-0.48152,0.03498,,,,,,,,,,,,,,,,,,,,,,,,,,0,0,0,0,0
32.9700,1783969884.7368,2,1,0.5000,-0.0000,1.42242,-0.00636,-2.63212,1.06772,1.57080,0.11675,-0.12762,-0.48152,0.03498,,,,,,,,,,,,,,,,,,,,,,,,,,0,0,0,0,0
32.9780,1783969884.7448,2,1,0.5000,-0.0000,1.42242,-0.00636,-2.63212,1.06772,1.57080,0.11675,-0.12762,-0.48152,0.03498,,,,,,,,,,,,,,,,,,,,,,,,,,0,0,0,0,0
32.9869,1783969884.7537,2,1,0.5000,-0.0000,1.42242,-0.00636,-2.63212,1.06772,1.57080,0.11675,-0.12762,-0.48152,0.03498,,,,,,,,,,,,,,,,,,,,,,,,,,0,0,0,0,0
32.9986,1783969884.7654,2,1,0.5000,-0.0000,1.42242,-0.00636,-2.63212,1.06772,1.57080,0.11675,-0.12762,-0.48152,0.03498,,,,,,,,,,,,,,,,,,,,,,,,,,0,0,0,0,0
32.9989,1783969884.7657,2,1,0.5000,-0.0000,1.42242,-0.00636,-2.63212,1.06772,1.57080,0.11675,-0.12762,-0.48152,0.03498,,,,,,,,,,,,,,,,,,,,,,,,,,0,0,0,0,0
33.0815,1783969884.8483,2,1,0.5000,-0.0000,1.42242,-0.00636,-2.63212,1.06772,1.57080,0.11675,-0.12762,-0.48152,0.03498,,,,,,,,,,,,,,,,,,,,,,,,,,0,0,0,0,0
33.0818,1783969884.8486,2,1,0.5000,-0.0000,1.42242,-0.00636,-2.63212,1.06772,1.57080,0.11675,-0.12762,-0.48152,0.03498,,,,,,,,,,,,,,,,,,,,,,,,,,0,0,0,0,0
33.1006,1783969884.8674,2,1,0.5000,-0.0000,1.42242,-0.00636,-2.63212,1.06772,1.57080,0.11675,-0.12762,-0.48152,0.03498,,,,,,,,,,,,,,,,,,,,,,,,,,0,0,0,0,0
33.1009,1783969884.8677,2,1,0.5000,-0.0000,1.42242,-0.00636,-2.63212,1.06772,1.57080,0.11675,-0.12762,-0.48152,0.03498,,,,,,,,,,,,,,,,,,,,,,,,,,0,0,0,0,0
33.1240,1783969884.8908,2,1,0.5000,-0.0000,1.42242,-0.00636,-2.63212,1.06772,1.57080,0.11675,-0.12762,-0.48152,0.03498,,,,,,,,,,,,,,,,,,,,,,,,,,0,0,0,0,0
33.1244,1783969884.8912,2,1,0.5000,-0.0000,1.42242,-0.00636,-2.63212,1.06772,1.57080,0.11675,-0.12762,-0.48152,0.03498,,,,,,,,,,,,,,,,,,,,,,,,,,0,0,0,0,0
33.1363,1783969884.9031,2,1,0.5000,-0.0000,1.42242,-0.00636,-2.63212,1.06772,1.57080,0.11675,-0.12762,-0.48152,0.03498,,,,,,,,,,,,,,,,,,,,,,,,,,0,0,0,0,0
33.1481,1783969884.9149,2,1,0.5000,-0.0000,1.42242,-0.00637,-2.63212,1.06773,1.57080,0.11675,-0.12762,-0.48152,0.03497,,,,,,,,,,,,,,,,,,,,,,,,,,0,0,0,0,0
33.1728,1783969884.9396,2,1,0.5000,-0.0000,1.42242,-0.00644,-2.63218,1.06782,1.57080,0.11675,-0.12763,-0.48149,0.03493,,,,,,,,,,,,,,,,,,,,,,,,,,0,0,0,0,0
33.1739,1783969884.9407,2,1,0.5000,-0.0000,1.42242,-0.00644,-2.63218,1.06782,1.57080,0.11675,-0.12763,-0.48149,0.03493,,,,,,,,,,,,,,,,,,,,,,,,,,0,0,0,0,0
33.1742,1783969884.9410,2,1,0.5000,-0.0000,1.42242,-0.00644,-2.63218,1.06782,1.57080,0.11675,-0.12763,-0.48149,0.03493,,,,,,,,,,,,,,,,,,,,,,,,,,0,0,0,0,0
33.1960,1783969884.9627,2,1,0.5000,-0.0000,1.42242,-0.00656,-2.63228,1.06795,1.57080,0.11675,-0.12764,-0.48143,0.03486,,,,,,,,,,,,,,,,,,,,,,,,,,0,0,0,0,0
33.2011,1783969884.9679,2,1,0.5000,-0.0000,1.42242,-0.00656,-2.63228,1.06795,1.57080,0.11675,-0.12764,-0.48143,0.03486,,,,,,,,,,,,,,,,,,,,,,,,,,0,0,0,0,0
33.2014,1783969884.9682,2,1,0.5000,-0.0000,1.42242,-0.00656,-2.63228,1.06795,1.57080,0.11675,-0.12764,-0.48143,0.03486,,,,,,,,,,,,,,,,,,,,,,,,,,0,0,0,0,0
33.2317,1783969884.9985,2,1,0.5000,-0.0000,1.42242,-0.00668,-2.63230,1.06810,1.57080,0.11675,-0.12763,-0.48143,0.03482,,,,,,,,,,,,,,,,,,,,,,,,,,0,0,0,0,0
33.2479,1783969885.0146,2,1,0.5000,-0.0000,1.42242,-0.00678,-2.63232,1.06822,1.57080,0.11675,-0.12763,-0.48144,0.03478,,,,,,,,,,,,,,,,,,,,,,,,,,0,0,0,0,0
33.2519,1783969885.0186,2,1,0.5000,-0.0000,1.42242,-0.00682,-2.63232,1.06827,1.57080,0.11675,-0.12763,-0.48144,0.03477,,,,,,,,,,,,,,,,,,,,,,,,,,0,0,0,0,0
33.2522,1783969885.0189,2,1,0.5000,-0.0000,1.42242,-0.00682,-2.63232,1.06827,1.57080,0.11675,-0.12763,-0.48144,0.03477,,,,,,,,,,,,,,,,,,,,,,,,,,0,0,0,0,0
33.2701,1783969885.0368,2,1,0.5000,-0.0000,1.42242,-0.00687,-2.63233,1.06833,1.57080,0.11675,-0.12763,-0.48144,0.03476,,,,,,,,,,,,,,,,,,,,,,,,,,0,0,0,0,0
33.2867,1783969885.0535,2,1,0.5000,-0.0000,1.42242,-0.00706,-2.63236,1.06855,1.57080,0.11675,-0.12763,-0.48145,0.03470,,,,,,,,,,,,,,,,,,,,,,,,,,0,0,0,0,0
33.2877,1783969885.0544,2,1,0.5000,-0.0000,1.42242,-0.00706,-2.63236,1.06855,1.57080,0.11675,-0.12763,-0.48145,0.03470,,,,,,,,,,,,,,,,,,,,,,,,,,0,0,0,0,0
33.2879,1783969885.0547,2,1,0.5000,-0.0000,1.42242,-0.00706,-2.63236,1.06855,1.57080,0.11675,-0.12763,-0.48145,0.03470,,,,,,,,,,,,,,,,,,,,,,,,,,0,0,0,0,0
33.2887,1783969885.0555,2,1,0.5000,-0.0000,1.42242,-0.00706,-2.63236,1.06855,1.57080,0.11675,-0.12763,-0.48145,0.03470,,,,,,,,,,,,,,,,,,,,,,,,,,0,0,0,0,0
33.2890,1783969885.0557,2,1,0.5000,-0.0000,1.42242,-0.00706,-2.63236,1.06855,1.57080,0.11675,-0.12763,-0.48145,0.03470,,,,,,,,,,,,,,,,,,,,,,,,,,0,0,0,0,0
33.2893,1783969885.0560,2,1,0.5000,-0.0000,1.42242,-0.00706,-2.63236,1.06855,1.57080,0.11675,-0.12763,-0.48145,0.03470,,,,,,,,,,,,,,,,,,,,,,,,,,0,0,0,0,0
33.2944,1783969885.0612,2,1,0.5000,-0.0000,1.42242,-0.00706,-2.63236,1.06856,1.57080,0.11675,-0.12763,-0.48145,0.03470,,,,,,,,,,,,,,,,,,,,,,,,,,0,0,0,0,0
33.2956,1783969885.0624,2,1,0.5000,-0.0000,1.42242,-0.00708,-2.63236,1.06857,1.57080,0.11675,-0.12763,-0.48145,0.03470,,,,,,,,,,,,,,,,,,,,,,,,,,0,0,0,0,0
33.2958,1783969885.0626,2,1,0.5000,-0.0000,1.42242,-0.00708,-2.63236,1.06857,1.57080,0.11675,-0.12763,-0.48145,0.03470,,,,,,,,,,,,,,,,,,,,,,,,,,0,0,0,0,0
33.3026,1783969885.0694,2,1,0.5000,-0.0000,1.42242,-0.00710,-2.63236,1.06860,1.57080,0.11675,-0.12763,-0.48145,0.03469,,,,,,,,,,,,,,,,,,,,,,,,,,0,0,0,0,0
33.3039,1783969885.0707,2,1,0.5000,-0.0000,1.42242,-0.00713,-2.63236,1.06864,1.57080,0.11675,-0.12763,-0.48146,0.03468,,,,,,,,,,,,,,,,,,,,,,,,,,0,0,0,0,0
33.3144,1783969885.0812,2,1,0.5000,-0.0000,1.42242,-0.00720,-2.63237,1.06873,1.57080,0.11675,-0.12763,-0.48146,0.03466,,,,,,,,,,,,,,,,,,,,,,,,,,0,0,0,0,0
33.3179,1783969885.0847,2,1,0.5000,-0.0000,1.42241,-0.00724,-2.63237,1.06878,1.57080,0.11675,-0.12763,-0.48147,0.03465,,,,,,,,,,,,,,,,,,,,,,,,,,0,0,0,0,0
33.3246,1783969885.0914,2,1,0.5000,-0.0000,1.42241,-0.00733,-2.63238,1.06889,1.57080,0.11675,-0.12763,-0.48148,0.03463,,,,,,,,,,,,,,,,,,,,,,,,,,0,0,0,0,0
33.3283,1783969885.0951,2,1,0.5000,-0.0000,1.42241,-0.00738,-2.63238,1.06895,1.57080,0.11675,-0.12763,-0.48148,0.03461,,,,,,,,,,,,,,,,,,,,,,,,,,0,0,0,0,0
33.3286,1783969885.0953,2,1,0.5000,-0.0000,1.42241,-0.00738,-2.63238,1.06895,1.57080,0.11675,-0.12763,-0.48148,0.03461,,,,,,,,,,,,,,,,,,,,,,,,,,0,0,0,0,0
33.3480,1783969885.1147,2,1,0.5000,-0.0000,1.42241,-0.00754,-2.63239,1.06917,1.57080,0.11675,-0.12762,-0.48151,0.03457,,,,,,,,,,,,,,,,,,,,,,,,,,0,0,0,0,0
33.3537,1783969885.1205,2,1,0.5000,-0.0000,1.42241,-0.00754,-2.63239,1.06917,1.57080,0.11675,-0.12762,-0.48151,0.03457,,,,,,,,,,,,,,,,,,,,,,,,,,0,0,0,0,0
33.3541,1783969885.1208,2,1,0.5000,-0.0000,1.42241,-0.00754,-2.63239,1.06917,1.57080,0.11675,-0.12762,-0.48151,0.03457,,,,,,,,,,,,,,,,,,,,,,,,,,0,0,0,0,0
33.3676,1783969885.1344,2,1,0.5000,-0.0000,1.42241,-0.00754,-2.63239,1.06917,1.57080,0.11675,-0.12762,-0.48151,0.03457,,,,,,,,,,,,,,,,,,,,,,,,,,0,0,0,0,0
33.3733,1783969885.1401,2,1,0.5000,-0.0000,1.42241,-0.00754,-2.63239,1.06917,1.57080,0.11675,-0.12762,-0.48151,0.03457,,,,,,,,,,,,,,,,,,,,,,,,,,0,0,0,0,0
33.3737,1783969885.1405,2,1,0.5000,-0.0000,1.42241,-0.00754,-2.63239,1.06917,1.57080,0.11675,-0.12762,-0.48151,0.03457,,,,,,,,,,,,,,,,,,,,,,,,,,0,0,0,0,0
33.3767,1783969885.1435,2,1,0.5000,-0.0000,1.42241,-0.00754,-2.63239,1.06917,1.57080,0.11675,-0.12762,-0.48151,0.03457,,,,,,,,,,,,,,,,,,,,,,,,,,0,0,0,0,0
33.3879,1783969885.1547,2,1,0.5000,-0.0000,1.42241,-0.00754,-2.63239,1.06917,1.57080,0.11675,-0.12762,-0.48151,0.03457,,,,,,,,,,,,,,,,,,,,,,,,,,0,0,0,0,0
33.3883,1783969885.1551,2,1,0.5000,-0.0000,1.42241,-0.00754,-2.63239,1.06917,1.57080,0.11675,-0.12762,-0.48151,0.03457,,,,,,,,,,,,,,,,,,,,,,,,,,0,0,0,0,0
33.3897,1783969885.1564,2,1,0.5000,-0.0000,1.42241,-0.00754,-2.63239,1.06917,1.57080,0.11675,-0.12762,-0.48151,0.03457,,,,,,,,,,,,,,,,,,,,,,,,,,0,0,0,0,0
33.3899,1783969885.1567,2,1,0.5000,-0.0000,1.42241,-0.00754,-2.63239,1.06917,1.57080,0.11675,-0.12762,-0.48151,0.03457,,,,,,,,,,,,,,,,,,,,,,,,,,0,0,0,0,0
33.3991,1783969885.1658,2,1,0.5000,-0.0000,1.42241,-0.00754,-2.63239,1.06917,1.57080,0.11675,-0.12762,-0.48151,0.03457,,,,,,,,,,,,,,,,,,,,,,,,,,0,0,0,0,0
33.3997,1783969885.1665,2,1,0.5000,-0.0000,1.42241,-0.00754,-2.63239,1.06917,1.57080,0.11675,-0.12762,-0.48151,0.03457,,,,,,,,,,,,,,,,,,,,,,,,,,0,0,0,0,0
33.4073,1783969885.1741,2,1,0.5000,-0.0000,1.42241,-0.00754,-2.63239,1.06917,1.57080,0.11675,-0.12762,-0.48151,0.03457,,,,,,,,,,,,,,,,,,,,,,,,,,0,0,0,0,0
33.4170,1783969885.1838,2,1,0.5000,-0.0000,1.42241,-0.00754,-2.63239,1.06917,1.57080,0.11675,-0.12762,-0.48151,0.03457,,,,,,,,,,,,,,,,,,,,,,,,,,0,0,0,0,0
33.5100,1783969885.2768,2,1,0.5000,-0.0000,1.42241,-0.00754,-2.63239,1.06917,1.57080,0.11675,-0.12762,-0.48151,0.03457,,,,,,,,,,,,,,,,,,,,,,,,,,0,0,0,0,0
33.5104,1783969885.2771,2,1,0.5000,-0.0000,1.42241,-0.00754,-2.63239,1.06917,1.57080,0.11675,-0.12762,-0.48151,0.03457,,,,,,,,,,,,,,,,,,,,,,,,,,0,0,0,0,0
33.5172,1783969885.2840,2,1,0.5000,-0.0000,1.42241,-0.00754,-2.63239,1.06917,1.57080,0.11675,-0.12762,-0.48151,0.03457,,,,,,,,,,,,,,,,,,,,,,,,,,0,0,0,0,0
33.5177,1783969885.2844,2,1,0.5000,-0.0000,1.42241,-0.00754,-2.63239,1.06917,1.57080,0.11675,-0.12762,-0.48151,0.03457,,,,,,,,,,,,,,,,,,,,,,,,,,0,0,0,0,0
33.5190,1783969885.2858,2,1,0.5000,-0.0000,1.42241,-0.00754,-2.63239,1.06917,1.57080,0.11675,-0.12762,-0.48151,0.03457,,,,,,,,,,,,,,,,,,,,,,,,,,0,0,0,0,0
33.5198,1783969885.2865,2,1,0.5000,-0.0000,1.42241,-0.00754,-2.63239,1.06917,1.57080,0.11675,-0.12762,-0.48151,0.03457,,,,,,,,,,,,,,,,,,,,,,,,,,0,0,0,0,0
33.5229,1783969885.2897,2,1,0.5000,-0.0000,1.42241,-0.00754,-2.63239,1.06917,1.57080,0.11675,-0.12762,-0.48151,0.03457,,,,,,,,,,,,,,,,,,,,,,,,,,0,0,0,0,0
33.5233,1783969885.2901,2,1,0.5000,-0.0000,1.42241,-0.00754,-2.63239,1.06917,1.57080,0.11675,-0.12762,-0.48151,0.03457,,,,,,,,,,,,,,,,,,,,,,,,,,0,0,0,0,0
33.5300,1783969885.2968,2,1,0.5000,-0.0000,1.42241,-0.00754,-2.63239,1.06917,1.57080,0.11675,-0.12762,-0.48151,0.03457,,,,,,,,,,,,,,,,,,,,,,,,,,0,0,0,0,0
33.5316,1783969885.2984,2,1,0.5000,-0.0000,1.42241,-0.00754,-2.63239,1.06917,1.57080,0.11675,-0.12762,-0.48151,0.03457,,,,,,,,,,,,,,,,,,,,,,,,,,0,0,0,0,0
33.5399,1783969885.3067,2,1,0.5000,-0.0000,1.42241,-0.00754,-2.63239,1.06917,1.57080,0.11675,-0.12762,-0.48151,0.03457,,,,,,,,,,,,,,,,,,,,,,,,,,0,0,0,0,0
33.5510,1783969885.3178,2,1,0.5000,-0.0000,1.42241,-0.00754,-2.63239,1.06917,1.57080,0.11675,-0.12762,-0.48151,0.03457,,,,,,,,,,,,,,,,,,,,,,,,,,0,0,0,0,0
33.5516,1783969885.3184,2,1,0.5000,-0.0000,1.42241,-0.00754,-2.63239,1.06917,1.57080,0.11675,-0.12762,-0.48151,0.03457,,,,,,,,,,,,,,,,,,,,,,,,,,0,0,0,0,0
33.5917,1783969885.3585,2,1,0.5000,-0.0000,1.42241,-0.00757,-2.63241,1.06920,1.57080,0.11675,-0.12762,-0.48150,0.03456,,,,,,,,,,,,,,,,,,,,,,,,,,0,0,0,0,0
33.6028,1783969885.3696,2,1,0.5000,-0.0000,1.42241,-0.00760,-2.63243,1.06924,1.57081,0.11675,-0.12762,-0.48149,0.03454,,,,,,,,,,,,,,,,,,,,,,,,,,0,0,0,0,0
33.6072,1783969885.3740,2,1,0.5000,-0.0000,1.42241,-0.00762,-2.63244,1.06926,1.57081,0.11675,-0.12762,-0.48148,0.03453,,,,,,,,,,,,,,,,,,,,,,,,,,0,0,0,0,0
33.6077,1783969885.3745,2,1,0.5000,-0.0000,1.42241,-0.00764,-2.63246,1.06928,1.57081,0.11675,-0.12763,-0.48147,0.03452,,,,,,,,,,,,,,,,,,,,,,,,,,0,0,0,0,0
33.6092,1783969885.3760,2,1,0.5000,-0.0000,1.42241,-0.00764,-2.63246,1.06928,1.57081,0.11675,-0.12763,-0.48147,0.03452,,,,,,,,,,,,,,,,,,,,,,,,,,0,0,0,0,0
33.6095,1783969885.3763,2,1,0.5000,-0.0000,1.42241,-0.00764,-2.63246,1.06928,1.57081,0.11675,-0.12763,-0.48147,0.03452,,,,,,,,,,,,,,,,,,,,,,,,,,0,0,0,0,0
33.6140,1783969885.3808,2,1,0.5000,-0.0000,1.42241,-0.00766,-2.63248,1.06931,1.57081,0.11675,-0.12763,-0.48146,0.03450,,,,,,,,,,,,,,,,,,,,,,,,,,0,0,0,0,0
33.6143,1783969885.3811,2,1,0.5000,-0.0000,1.42241,-0.00766,-2.63248,1.06931,1.57081,0.11675,-0.12763,-0.48146,0.03450,,,,,,,,,,,,,,,,,,,,,,,,,,0,0,0,0,0
33.6218,1783969885.3885,2,1,0.5000,-0.0000,1.42241,-0.00767,-2.63248,1.06931,1.57081,0.11675,-0.12763,-0.48146,0.03450,,,,,,,,,,,,,,,,,,,,,,,,,,0,0,0,0,0
33.6239,1783969885.3907,2,1,0.5000,-0.0000,1.42241,-0.00768,-2.63248,1.06932,1.57081,0.11675,-0.12763,-0.48146,0.03450,,,,,,,,,,,,,,,,,,,,,,,,,,0,0,0,0,0
33.6241,1783969885.3909,2,1,0.5000,-0.0000,1.42241,-0.00768,-2.63248,1.06932,1.57081,0.11675,-0.12763,-0.48146,0.03450,,,,,,,,,,,,,,,,,,,,,,,,,,0,0,0,0,0
33.6309,1783969885.3976,2,1,0.5000,-0.0000,1.42241,-0.00769,-2.63249,1.06934,1.57081,0.11675,-0.12763,-0.48146,0.03449,,,,,,,,,,,,,,,,,,,,,,,,,,0,0,0,0,0
33.6371,1783969885.4039,2,1,0.5000,-0.0000,1.42241,-0.00773,-2.63251,1.06939,1.57081,0.11675,-0.12763,-0.48145,0.03447,,,,,,,,,,,,,,,,,,,,,,,,,,0,0,0,0,0
33.6498,1783969885.4166,2,1,0.5000,-0.0000,1.42241,-0.00779,-2.63253,1.06946,1.57081,0.11675,-0.12763,-0.48145,0.03445,,,,,,,,,,,,,,,,,,,,,,,,,,0,0,0,0,0
33.6675,1783969885.4343,2,1,0.5000,-0.0000,1.42241,-0.00789,-2.63255,1.06958,1.57081,0.11675,-0.12763,-0.48145,0.03442,,,,,,,,,,,,,,,,,,,,,,,,,,0,0,0,0,0
33.6787,1783969885.4454,2,1,0.5000,-0.0000,1.42241,-0.00790,-2.63255,1.06959,1.57081,0.11675,-0.12763,-0.48145,0.03441,,,,,,,,,,,,,,,,,,,,,,,,,,0,0,0,0,0
33.6983,1783969885.4650,2,1,0.5000,-0.0000,1.42241,-0.00810,-2.63258,1.06982,1.57081,0.11675,-0.12763,-0.48145,0.03435,,,,,,,,,,,,,,,,,,,,,,,,,,0,0,0,0,0
33.7038,1783969885.4706,2,1,0.5000,-0.0000,1.42241,-0.00815,-2.63259,1.06989,1.57081,0.11675,-0.12763,-0.48146,0.03433,,,,,,,,,,,,,,,,,,,,,,,,,,0,0,0,0,0
33.7041,1783969885.4709,2,1,0.5000,-0.0000,1.42241,-0.00815,-2.63259,1.06989,1.57081,0.11675,-0.12763,-0.48146,0.03433,,,,,,,,,,,,,,,,,,,,,,,,,,0,0,0,0,0
33.7092,1783969885.4760,2,1,0.5000,-0.0000,1.42241,-0.00816,-2.63259,1.06990,1.57081,0.11675,-0.12763,-0.48146,0.03433,,,,,,,,,,,,,,,,,,,,,,,,,,0,0,0,0,0
33.7118,1783969885.4786,2,1,0.5000,-0.0000,1.42241,-0.00818,-2.63259,1.06991,1.57081,0.11675,-0.12763,-0.48146,0.03433,,,,,,,,,,,,,,,,,,,,,,,,,,0,0,0,0,0
33.7121,1783969885.4788,2,1,0.5000,-0.0000,1.42241,-0.00818,-2.63259,1.06991,1.57081,0.11675,-0.12763,-0.48146,0.03433,,,,,,,,,,,,,,,,,,,,,,,,,,0,0,0,0,0
33.7242,1783969885.4910,2,1,0.5000,-0.0000,1.42241,-0.00827,-2.63261,1.07003,1.57081,0.11675,-0.12763,-0.48146,0.03430,,,,,,,,,,,,,,,,,,,,,,,,,,0,0,0,0,0
33.7269,1783969885.4937,2,1,0.5000,-0.0000,1.42241,-0.00827,-2.63261,1.07003,1.57081,0.11675,-0.12763,-0.48146,0.03430,,,,,,,,,,,,,,,,,,,,,,,,,,0,0,0,0,0
33.7272,1783969885.4940,2,1,0.5000,-0.0000,1.42241,-0.00827,-2.63261,1.07003,1.57081,0.11675,-0.12763,-0.48146,0.03430,,,,,,,,,,,,,,,,,,,,,,,,,,0,0,0,0,0
33.7408,1783969885.5076,2,1,0.5000,-0.0000,1.42241,-0.00841,-2.63262,1.07020,1.57081,0.11675,-0.12763,-0.48147,0.03426,,,,,,,,,,,,,,,,,,,,,,,,,,0,0,0,0,0
33.7540,1783969885.5208,2,1,0.5000,-0.0000,1.42241,-0.00845,-2.63262,1.07024,1.57081,0.11675,-0.12762,-0.48148,0.03425,,,,,,,,,,,,,,,,,,,,,,,,,,0,0,0,0,0
33.7580,1783969885.5248,2,1,0.5000,-0.0000,1.42241,-0.00847,-2.63262,1.07027,1.57081,0.11675,-0.12762,-0.48148,0.03424,,,,,,,,,,,,,,,,,,,,,,,,,,0,0,0,0,0
33.8268,1783969885.5936,2,1,0.5000,-0.0000,1.42241,-0.00875,-2.63256,1.07062,1.57081,0.11675,-0.12761,-0.48158,0.03421,,,,,,,,,,,,,,,,,,,,,,,,,,0,0,0,0,0
33.8296,1783969885.5964,2,1,0.5000,-0.0000,1.42241,-0.00875,-2.63256,1.07062,1.57081,0.11675,-0.12761,-0.48158,0.03421,,,,,,,,,,,,,,,,,,,,,,,,,,0,0,0,0,0
33.8409,1783969885.6077,2,1,0.5000,-0.0000,1.42241,-0.00875,-2.63256,1.07062,1.57081,0.11675,-0.12761,-0.48158,0.03421,,,,,,,,,,,,,,,,,,,,,,,,,,0,0,0,0,0
33.8497,1783969885.6165,2,1,0.5000,-0.0000,1.42241,-0.00875,-2.63256,1.07062,1.57081,0.11675,-0.12761,-0.48158,0.03421,,,,,,,,,,,,,,,,,,,,,,,,,,0,0,0,0,0
33.8576,1783969885.6244,2,1,0.5000,-0.0000,1.42241,-0.00875,-2.63256,1.07062,1.57081,0.11675,-0.12761,-0.48158,0.03421,,,,,,,,,,,,,,,,,,,,,,,,,,0,0,0,0,0
33.8599,1783969885.6267,2,1,0.5000,-0.0000,1.42241,-0.00875,-2.63256,1.07062,1.57081,0.11675,-0.12761,-0.48158,0.03421,,,,,,,,,,,,,,,,,,,,,,,,,,0,0,0,0,0
33.8601,1783969885.6269,2,1,0.5000,-0.0000,1.42241,-0.00875,-2.63256,1.07062,1.57081,0.11675,-0.12761,-0.48158,0.03421,,,,,,,,,,,,,,,,,,,,,,,,,,0,0,0,0,0
33.8606,1783969885.6274,2,1,0.5000,-0.0000,1.42241,-0.00875,-2.63256,1.07062,1.57081,0.11675,-0.12761,-0.48158,0.03421,,,,,,,,,,,,,,,,,,,,,,,,,,0,0,0,0,0
33.8632,1783969885.6300,2,1,0.5000,-0.0000,1.42241,-0.00875,-2.63256,1.07062,1.57081,0.11675,-0.12761,-0.48158,0.03421,,,,,,,,,,,,,,,,,,,,,,,,,,0,0,0,0,0
33.8638,1783969885.6305,2,1,0.5000,-0.0000,1.42241,-0.00875,-2.63256,1.07062,1.57081,0.11675,-0.12761,-0.48158,0.03421,,,,,,,,,,,,,,,,,,,,,,,,,,0,0,0,0,0
33.8676,1783969885.6344,2,1,0.5000,-0.0000,1.42241,-0.00875,-2.63256,1.07062,1.57081,0.11675,-0.12761,-0.48158,0.03421,,,,,,,,,,,,,,,,,,,,,,,,,,0,0,0,0,0
33.8679,1783969885.6347,2,1,0.5000,-0.0000,1.42241,-0.00875,-2.63256,1.07062,1.57081,0.11675,-0.12761,-0.48158,0.03421,,,,,,,,,,,,,,,,,,,,,,,,,,0,0,0,0,0
33.8698,1783969885.6365,2,1,0.5000,-0.0000,1.42241,-0.00875,-2.63256,1.07062,1.57081,0.11675,-0.12761,-0.48158,0.03421,,,,,,,,,,,,,,,,,,,,,,,,,,0,0,0,0,0
33.8700,1783969885.6368,2,1,0.5000,-0.0000,1.42241,-0.00875,-2.63256,1.07062,1.57081,0.11675,-0.12761,-0.48158,0.03421,,,,,,,,,,,,,,,,,,,,,,,,,,0,0,0,0,0
33.8799,1783969885.6466,2,1,0.5000,-0.0000,1.42241,-0.00875,-2.63256,1.07062,1.57081,0.11675,-0.12761,-0.48158,0.03421,,,,,,,,,,,,,,,,,,,,,,,,,,0,0,0,0,0
33.8802,1783969885.6469,2,1,0.5000,-0.0000,1.42241,-0.00875,-2.63256,1.07062,1.57081,0.11675,-0.12761,-0.48158,0.03421,,,,,,,,,,,,,,,,,,,,,,,,,,0,0,0,0,0
33.8931,1783969885.6599,2,1,0.5000,-0.0000,1.42241,-0.00875,-2.63256,1.07062,1.57081,0.11675,-0.12761,-0.48158,0.03421,,,,,,,,,,,,,,,,,,,,,,,,,,0,0,0,0,0
33.9291,1783969885.6959,2,1,0.5000,-0.0000,1.42241,-0.00875,-2.63256,1.07062,1.57081,0.11675,-0.12761,-0.48158,0.03421,,,,,,,,,,,,,,,,,,,,,,,,,,0,0,0,0,0
33.9369,1783969885.7037,2,1,0.5000,-0.0000,1.42241,-0.00875,-2.63256,1.07062,1.57081,0.11675,-0.12761,-0.48158,0.03421,,,,,,,,,,,,,,,,,,,,,,,,,,0,0,0,0,0
33.9410,1783969885.7078,2,1,0.5000,-0.0000,1.42241,-0.00875,-2.63256,1.07062,1.57081,0.11675,-0.12761,-0.48158,0.03421,,,,,,,,,,,,,,,,,,,,,,,,,,0,0,0,0,0
33.9418,1783969885.7085,2,1,0.5000,-0.0000,1.42241,-0.00875,-2.63256,1.07062,1.57081,0.11675,-0.12761,-0.48158,0.03421,,,,,,,,,,,,,,,,,,,,,,,,,,0,0,0,0,0
33.9421,1783969885.7089,2,1,0.5000,-0.0000,1.42241,-0.00875,-2.63256,1.07062,1.57081,0.11675,-0.12761,-0.48158,0.03421,,,,,,,,,,,,,,,,,,,,,,,,,,0,0,0,0,0
33.9427,1783969885.7095,2,1,0.5000,-0.0000,1.42241,-0.00875,-2.63256,1.07062,1.57081,0.11675,-0.12761,-0.48158,0.03421,,,,,,,,,,,,,,,,,,,,,,,,,,0,0,0,0,0
33.9568,1783969885.7235,2,1,0.5000,-0.0000,1.42241,-0.00875,-2.63256,1.07062,1.57081,0.11675,-0.12761,-0.48158,0.03421,,,,,,,,,,,,,,,,,,,,,,,,,,0,0,0,0,0
33.9604,1783969885.7272,2,1,0.5000,-0.0000,1.42241,-0.00875,-2.63256,1.07062,1.57081,0.11675,-0.12761,-0.48158,0.03421,,,,,,,,,,,,,,,,,,,,,,,,,,0,0,0,0,0
33.9706,1783969885.7374,2,1,0.5000,-0.0000,1.42241,-0.00875,-2.63256,1.07062,1.57081,0.11675,-0.12761,-0.48158,0.03421,,,,,,,,,,,,,,,,,,,,,,,,,,0,0,0,0,0
33.9793,1783969885.7460,2,1,0.5000,-0.0000,1.42241,-0.00875,-2.63256,1.07062,1.57081,0.11675,-0.12761,-0.48158,0.03421,,,,,,,,,,,,,,,,,,,,,,,,,,0,0,0,0,0
33.9797,1783969885.7465,2,1,0.5000,-0.0000,1.42241,-0.00875,-2.63256,1.07062,1.57081,0.11675,-0.12761,-0.48158,0.03421,,,,,,,,,,,,,,,,,,,,,,,,,,0,0,0,0,0
34.0043,1783969885.7711,2,1,0.5000,-0.0000,1.42241,-0.00876,-2.63261,1.07065,1.57081,0.11675,-0.12761,-0.48155,0.03418,,,,,,,,,,,,,,,,,,,,,,,,,,0,0,0,0,0
34.0054,1783969885.7722,2,1,0.5000,-0.0000,1.42241,-0.00876,-2.63261,1.07065,1.57081,0.11675,-0.12761,-0.48155,0.03418,,,,,,,,,,,,,,,,,,,,,,,,,,0,0,0,0,0
34.0171,1783969885.7838,2,1,0.5000,-0.0000,1.42241,-0.00877,-2.63262,1.07066,1.57081,0.11675,-0.12761,-0.48154,0.03418,,,,,,,,,,,,,,,,,,,,,,,,,,0,0,0,0,0
34.0174,1783969885.7842,2,1,0.5000,-0.0000,1.42241,-0.00877,-2.63262,1.07066,1.57081,0.11675,-0.12761,-0.48154,0.03418,,,,,,,,,,,,,,,,,,,,,,,,,,0,0,0,0,0
34.0243,1783969885.7911,2,1,0.5000,-0.0000,1.42241,-0.00879,-2.63264,1.07069,1.57081,0.11675,-0.12762,-0.48153,0.03416,,,,,,,,,,,,,,,,,,,,,,,,,,0,0,0,0,0
34.0325,1783969885.7993,2,1,0.5000,-0.0000,1.42241,-0.00881,-2.63266,1.07070,1.57081,0.11675,-0.12762,-0.48152,0.03415,,,,,,,,,,,,,,,,,,,,,,,,,,0,0,0,0,0
34.0329,1783969885.7997,2,1,0.5000,-0.0000,1.42241,-0.00881,-2.63266,1.07070,1.57081,0.11675,-0.12762,-0.48152,0.03415,,,,,,,,,,,,,,,,,,,,,,,,,,0,0,0,0,0
34.1337,1783969885.9005,2,1,0.5000,-0.0000,1.42241,-0.00932,-2.63284,1.07131,1.57081,0.11675,-0.12763,-0.48146,0.03394,,,,,,,,,,,,,,,,,,,,,,,,,,0,0,0,0,0
34.1344,1783969885.9012,2,1,0.5000,-0.0000,1.42241,-0.00932,-2.63284,1.07131,1.57081,0.11675,-0.12763,-0.48146,0.03394,,,,,,,,,,,,,,,,,,,,,,,,,,0,0,0,0,0
34.1347,1783969885.9015,2,1,0.5000,-0.0000,1.42241,-0.00932,-2.63284,1.07131,1.57081,0.11675,-0.12763,-0.48146,0.03394,,,,,,,,,,,,,,,,,,,,,,,,,,0,0,0,0,0
34.1357,1783969885.9025,2,1,0.5000,-0.0000,1.42241,-0.00935,-2.63285,1.07135,1.57081,0.11675,-0.12763,-0.48146,0.03393,,,,,,,,,,,,,,,,,,,,,,,,,,0,0,0,0,0
34.1360,1783969885.9028,2,1,0.5000,-0.0000,1.42241,-0.00935,-2.63285,1.07135,1.57081,0.11675,-0.12763,-0.48146,0.03393,,,,,,,,,,,,,,,,,,,,,,,,,,0,0,0,0,0
34.1365,1783969885.9032,2,1,0.5000,-0.0000,1.42241,-0.00935,-2.63285,1.07135,1.57081,0.11675,-0.12763,-0.48146,0.03393,,,,,,,,,,,,,,,,,,,,,,,,,,0,0,0,0,0
34.1367,1783969885.9035,2,1,0.5000,-0.0000,1.42241,-0.00935,-2.63285,1.07135,1.57081,0.11675,-0.12763,-0.48146,0.03393,,,,,,,,,,,,,,,,,,,,,,,,,,0,0,0,0,0
34.1470,1783969885.9138,2,1,0.5000,-0.0000,1.42241,-0.00943,-2.63286,1.07144,1.57081,0.11675,-0.12762,-0.48146,0.03391,,,,,,,,,,,,,,,,,,,,,,,,,,0,0,0,0,0
34.1525,1783969885.9193,2,1,0.5000,-0.0000,1.42241,-0.00953,-2.63288,1.07156,1.57081,0.11675,-0.12762,-0.48147,0.03388,,,,,,,,,,,,,,,,,,,,,,,,,,0,0,0,0,0
34.1575,1783969885.9243,2,1,0.5000,-0.0000,1.42241,-0.00958,-2.63288,1.07162,1.57081,0.11675,-0.12762,-0.48147,0.03386,,,,,,,,,,,,,,,,,,,,,,,,,,0,0,0,0,0
34.1582,1783969885.9250,2,1,0.5000,-0.0000,1.42241,-0.00958,-2.63288,1.07162,1.57081,0.11675,-0.12762,-0.48147,0.03386,,,,,,,,,,,,,,,,,,,,,,,,,,0,0,0,0,0
34.1629,1783969885.9297,2,1,0.5000,-0.0000,1.42241,-0.00963,-2.63289,1.07169,1.57081,0.11675,-0.12762,-0.48147,0.03384,,,,,,,,,,,,,,,,,,,,,,,,,,0,0,0,0,0
34.1667,1783969885.9335,2,1,0.5000,-0.0000,1.42241,-0.00969,-2.63290,1.07175,1.57081,0.11675,-0.12762,-0.48147,0.03383,,,,,,,,,,,,,,,,,,,,,,,,,,0,0,0,0,0
34.1672,1783969885.9340,2,1,0.5000,-0.0000,1.42241,-0.00969,-2.63290,1.07175,1.57081,0.11675,-0.12762,-0.48147,0.03383,,,,,,,,,,,,,,,,,,,,,,,,,,0,0,0,0,0
34.1678,1783969885.9345,2,1,0.5000,-0.0000,1.42241,-0.00974,-2.63291,1.07181,1.57081,0.11675,-0.12762,-0.48148,0.03381,,,,,,,,,,,,,,,,,,,,,,,,,,0,0,0,0,0
34.1727,1783969885.9395,2,1,0.5000,-0.0000,1.42241,-0.00978,-2.63291,1.07187,1.57081,0.11675,-0.12762,-0.48148,0.03380,,,,,,,,,,,,,,,,,,,,,,,,,,0,0,0,0,0
34.3761,1783969886.1428,2,1,0.5000,-0.0000,1.42241,-0.00988,-2.63293,1.07199,1.57081,0.11675,-0.12762,-0.48149,0.03377,,,,,,,,,,,,,,,,,,,,,,,,,,0,0,0,0,0
34.3940,1783969886.1608,2,1,0.5000,-0.0000,1.42241,-0.00988,-2.63293,1.07199,1.57081,0.11675,-0.12762,-0.48149,0.03377,,,,,,,,,,,,,,,,,,,,,,,,,,0,0,0,0,0
34.4286,1783969886.1953,2,1,0.5000,-0.0000,1.42241,-0.00991,-2.63292,1.07205,1.57081,0.11675,-0.12762,-0.48150,0.03377,,,,,,,,,,,,,,,,,,,,,,,,,,0,0,0,0,0
34.4297,1783969886.1965,2,1,0.5000,-0.0000,1.42241,-0.00991,-2.63292,1.07205,1.57081,0.11675,-0.12762,-0.48150,0.03377,,,,,,,,,,,,,,,,,,,,,,,,,,0,0,0,0,0
34.4300,1783969886.1967,2,1,0.5000,-0.0000,1.42241,-0.00991,-2.63292,1.07205,1.57081,0.11675,-0.12762,-0.48150,0.03377,,,,,,,,,,,,,,,,,,,,,,,,,,0,0,0,0,0
34.4366,1783969886.2034,2,1,0.5000,-0.0000,1.42241,-0.00993,-2.63293,1.07206,1.57081,0.11675,-0.12762,-0.48150,0.03376,,,,,,,,,,,,,,,,,,,,,,,,,,0,0,0,0,0
34.4402,1783969886.2069,2,1,0.5000,-0.0000,1.42241,-0.00994,-2.63294,1.07208,1.57081,0.11675,-0.12762,-0.48149,0.03375,,,,,,,,,,,,,,,,,,,,,,,,,,0,0,0,0,0
34.4405,1783969886.2072,2,1,0.5000,-0.0000,1.42241,-0.00994,-2.63294,1.07208,1.57081,0.11675,-0.12762,-0.48149,0.03375,,,,,,,,,,,,,,,,,,,,,,,,,,0,0,0,0,0
34.4445,1783969886.2113,2,1,0.5000,-0.0000,1.42241,-0.00995,-2.63295,1.07210,1.57081,0.11675,-0.12762,-0.48149,0.03375,,,,,,,,,,,,,,,,,,,,,,,,,,0,0,0,0,0
34.4448,1783969886.2116,2,1,0.5000,-0.0000,1.42241,-0.00995,-2.63295,1.07210,1.57081,0.11675,-0.12762,-0.48149,0.03375,,,,,,,,,,,,,,,,,,,,,,,,,,0,0,0,0,0
34.4481,1783969886.2149,2,1,0.5000,-0.0000,1.42241,-0.00997,-2.63296,1.07212,1.57081,0.11675,-0.12762,-0.48148,0.03374,,,,,,,,,,,,,,,,,,,,,,,,,,0,0,0,0,0
34.4484,1783969886.2152,2,1,0.5000,-0.0000,1.42241,-0.00997,-2.63296,1.07212,1.57081,0.11675,-0.12762,-0.48148,0.03374,,,,,,,,,,,,,,,,,,,,,,,,,,0,0,0,0,0
34.4520,1783969886.2187,2,1,0.5000,-0.0000,1.42241,-0.00999,-2.63297,1.07214,1.57081,0.11675,-0.12762,-0.48147,0.03372,,,,,,,,,,,,,,,,,,,,,,,,,,0,0,0,0,0
34.4526,1783969886.2194,2,1,0.5000,-0.0000,1.42241,-0.00999,-2.63297,1.07214,1.57081,0.11675,-0.12762,-0.48147,0.03372,,,,,,,,,,,,,,,,,,,,,,,,,,0,0,0,0,0
34.4531,1783969886.2199,2,1,0.5000,-0.0000,1.42241,-0.00999,-2.63297,1.07214,1.57081,0.11675,-0.12762,-0.48147,0.03372,,,,,,,,,,,,,,,,,,,,,,,,,,0,0,0,0,0
34.4536,1783969886.2204,2,1,0.5000,-0.0000,1.42241,-0.00999,-2.63297,1.07214,1.57081,0.11675,-0.12762,-0.48147,0.03372,,,,,,,,,,,,,,,,,,,,,,,,,,0,0,0,0,0
34.4576,1783969886.2244,2,1,0.5000,-0.0000,1.42241,-0.01002,-2.63299,1.07217,1.57081,0.11675,-0.12762,-0.48146,0.03371,,,,,,,,,,,,,,,,,,,,,,,,,,0,0,0,0,0
34.4580,1783969886.2248,2,1,0.5000,-0.0000,1.42241,-0.01002,-2.63299,1.07217,1.57081,0.11675,-0.12762,-0.48146,0.03371,,,,,,,,,,,,,,,,,,,,,,,,,,0,0,0,0,0
34.4585,1783969886.2253,2,1,0.5000,-0.0000,1.42241,-0.01002,-2.63299,1.07217,1.57081,0.11675,-0.12762,-0.48146,0.03371,,,,,,,,,,,,,,,,,,,,,,,,,,0,0,0,0,0
34.4687,1783969886.2354,2,1,0.5000,-0.0000,1.42241,-0.01003,-2.63300,1.07218,1.57081,0.11675,-0.12762,-0.48146,0.03371,,,,,,,,,,,,,,,,,,,,,,,,,,0,0,0,0,0
34.4714,1783969886.2382,2,1,0.5000,-0.0000,1.42241,-0.01003,-2.63300,1.07218,1.57081,0.11675,-0.12762,-0.48146,0.03371,,,,,,,,,,,,,,,,,,,,,,,,,,0,0,0,0,0
34.4718,1783969886.2386,2,1,0.5000,-0.0000,1.42241,-0.01004,-2.63300,1.07220,1.57081,0.11675,-0.12762,-0.48146,0.03370,,,,,,,,,,,,,,,,,,,,,,,,,,0,0,0,0,0
34.4744,1783969886.2412,2,1,0.5000,-0.0000,1.42241,-0.01004,-2.63300,1.07220,1.57081,0.11675,-0.12762,-0.48146,0.03370,,,,,,,,,,,,,,,,,,,,,,,,,,0,0,0,0,0
34.4748,1783969886.2415,2,1,0.5000,-0.0000,1.42241,-0.01004,-2.63300,1.07220,1.57081,0.11675,-0.12762,-0.48146,0.03370,,,,,,,,,,,,,,,,,,,,,,,,,,0,0,0,0,0
34.4758,1783969886.2425,2,1,0.5000,-0.0000,1.42240,-0.01006,-2.63301,1.07222,1.57081,0.11675,-0.12762,-0.48145,0.03369,,,,,,,,,,,,,,,,,,,,,,,,,,0,0,0,0,0
34.4764,1783969886.2431,2,1,0.5000,-0.0000,1.42240,-0.01006,-2.63301,1.07222,1.57081,0.11675,-0.12762,-0.48145,0.03369,,,,,,,,,,,,,,,,,,,,,,,,,,0,0,0,0,0
34.4775,1783969886.2443,2,1,0.5000,-0.0000,1.42240,-0.01006,-2.63301,1.07222,1.57081,0.11675,-0.12762,-0.48145,0.03369,,,,,,,,,,,,,,,,,,,,,,,,,,0,0,0,0,0
34.4778,1783969886.2446,2,1,0.5000,-0.0000,1.42240,-0.01006,-2.63301,1.07222,1.57081,0.11675,-0.12762,-0.48145,0.03369,,,,,,,,,,,,,,,,,,,,,,,,,,0,0,0,0,0
34.4799,1783969886.2466,2,1,0.5000,-0.0000,1.42240,-0.01009,-2.63302,1.07225,1.57081,0.11675,-0.12763,-0.48145,0.03368,,,,,,,,,,,,,,,,,,,,,,,,,,0,0,0,0,0
34.4802,1783969886.2470,2,1,0.5000,-0.0000,1.42240,-0.01009,-2.63302,1.07225,1.57081,0.11675,-0.12763,-0.48145,0.03368,,,,,,,,,,,,,,,,,,,,,,,,,,0,0,0,0,0
34.4806,1783969886.2474,2,1,0.5000,-0.0000,1.42240,-0.01009,-2.63302,1.07225,1.57081,0.11675,-0.12763,-0.48145,0.03368,,,,,,,,,,,,,,,,,,,,,,,,,,0,0,0,0,0
34.4809,1783969886.2477,2,1,0.5000,-0.0000,1.42240,-0.01009,-2.63302,1.07225,1.57081,0.11675,-0.12763,-0.48145,0.03368,,,,,,,,,,,,,,,,,,,,,,,,,,0,0,0,0,0
34.4811,1783969886.2479,2,1,0.5000,-0.0000,1.42240,-0.01009,-2.63302,1.07225,1.57081,0.11675,-0.12763,-0.48145,0.03368,,,,,,,,,,,,,,,,,,,,,,,,,,0,0,0,0,0
34.4814,1783969886.2482,2,1,0.5000,-0.0000,1.42240,-0.01009,-2.63302,1.07225,1.57081,0.11675,-0.12763,-0.48145,0.03368,,,,,,,,,,,,,,,,,,,,,,,,,,0,0,0,0,0
34.4839,1783969886.2507,2,1,0.5000,-0.0000,1.42240,-0.01009,-2.63302,1.07225,1.57081,0.11675,-0.12763,-0.48145,0.03368,,,,,,,,,,,,,,,,,,,,,,,,,,0,0,0,0,0
34.4842,1783969886.2510,2,1,0.5000,-0.0000,1.42240,-0.01009,-2.63302,1.07225,1.57081,0.11675,-0.12763,-0.48145,0.03368,,,,,,,,,,,,,,,,,,,,,,,,,,0,0,0,0,0
34.4872,1783969886.2539,2,1,0.5000,-0.0000,1.42240,-0.01009,-2.63302,1.07225,1.57081,0.11675,-0.12763,-0.48145,0.03368,,,,,,,,,,,,,,,,,,,,,,,,,,0,0,0,0,0
34.4877,1783969886.2545,2,1,0.5000,-0.0000,1.42240,-0.01009,-2.63302,1.07225,1.57081,0.11675,-0.12763,-0.48145,0.03368,,,,,,,,,,,,,,,,,,,,,,,,,,0,0,0,0,0
34.5058,1783969886.2726,2,1,0.5000,-0.0000,1.42240,-0.01019,-2.63305,1.07237,1.57081,0.11675,-0.12763,-0.48144,0.03364,,,,,,,,,,,,,,,,,,,,,,,,,,0,0,0,0,0
34.5062,1783969886.2729,2,1,0.5000,-0.0000,1.42240,-0.01019,-2.63305,1.07237,1.57081,0.11675,-0.12763,-0.48144,0.03364,,,,,,,,,,,,,,,,,,,,,,,,,,0,0,0,0,0
34.5194,1783969886.2862,2,1,0.5000,-0.0000,1.42240,-0.01027,-2.63307,1.07247,1.57081,0.11675,-0.12763,-0.48144,0.03361,,,,,,,,,,,,,,,,,,,,,,,,,,0,0,0,0,0
34.5242,1783969886.2910,2,1,0.5000,-0.0000,1.42240,-0.01030,-2.63308,1.07250,1.57081,0.11675,-0.12763,-0.48144,0.03360,,,,,,,,,,,,,,,,,,,,,,,,,,0,0,0,0,0
34.5246,1783969886.2913,2,1,0.5000,-0.0000,1.42240,-0.01030,-2.63308,1.07250,1.57081,0.11675,-0.12763,-0.48144,0.03360,,,,,,,,,,,,,,,,,,,,,,,,,,0,0,0,0,0
34.5257,1783969886.2925,2,1,0.5000,-0.0000,1.42240,-0.01030,-2.63308,1.07250,1.57081,0.11675,-0.12763,-0.48144,0.03360,,,,,,,,,,,,,,,,,,,,,,,,,,0,0,0,0,0
34.5261,1783969886.2929,2,1,0.5000,-0.0000,1.42240,-0.01030,-2.63308,1.07250,1.57081,0.11675,-0.12763,-0.48144,0.03360,,,,,,,,,,,,,,,,,,,,,,,,,,0,0,0,0,0
34.5264,1783969886.2931,2,1,0.5000,-0.0000,1.42240,-0.01030,-2.63308,1.07250,1.57081,0.11675,-0.12763,-0.48144,0.03360,,,,,,,,,,,,,,,,,,,,,,,,,,0,0,0,0,0
34.5299,1783969886.2967,2,1,0.5000,-0.0000,1.42240,-0.01032,-2.63308,1.07253,1.57081,0.11675,-0.12763,-0.48144,0.03360,,,,,,,,,,,,,,,,,,,,,,,,,,0,0,0,0,0
34.5360,1783969886.3028,2,1,0.5000,-0.0000,1.42240,-0.01036,-2.63309,1.07257,1.57081,0.11675,-0.12763,-0.48144,0.03358,,,,,,,,,,,,,,,,,,,,,,,,,,0,0,0,0,0
34.5471,1783969886.3139,2,1,0.5000,-0.0000,1.42240,-0.01050,-2.63311,1.07274,1.57081,0.11675,-0.12762,-0.48145,0.03354,,,,,,,,,,,,,,,,,,,,,,,,,,0,0,0,0,0
34.5566,1783969886.3233,2,1,0.5000,-0.0000,1.42240,-0.01052,-2.63311,1.07276,1.57081,0.11675,-0.12762,-0.48145,0.03353,,,,,,,,,,,,,,,,,,,,,,,,,,0,0,0,0,0
34.5632,1783969886.3299,2,1,0.5000,-0.0000,1.42240,-0.01054,-2.63312,1.07279,1.57081,0.11675,-0.12762,-0.48145,0.03352,,,,,,,,,,,,,,,,,,,,,,,,,,0,0,0,0,0
34.5840,1783969886.3507,2,1,0.5000,-0.0000,1.42240,-0.01082,-2.63315,1.07312,1.57081,0.11675,-0.12762,-0.48146,0.03344,,,,,,,,,,,,,,,,,,,,,,,,,,0,0,0,0,0
34.5878,1783969886.3546,2,1,0.5000,-0.0000,1.42240,-0.01087,-2.63316,1.07318,1.57081,0.11675,-0.12762,-0.48147,0.03343,,,,,,,,,,,,,,,,,,,,,,,,,,0,0,0,0,0
34.5980,1783969886.3648,2,1,0.5000,-0.0000,1.42240,-0.01096,-2.63317,1.07330,1.57081,0.11675,-0.12762,-0.48147,0.03340,,,,,,,,,,,,,,,,,,,,,,,,,,0,0,0,0,0
34.6163,1783969886.3830,2,1,0.5000,-0.0000,1.42240,-0.01107,-2.63319,1.07343,1.57081,0.11675,-0.12762,-0.48148,0.03337,,,,,,,,,,,,,,,,,,,,,,,,,,0,0,0,0,0
34.6167,1783969886.3835,2,1,0.5000,-0.0000,1.42240,-0.01107,-2.63319,1.07343,1.57081,0.11675,-0.12762,-0.48148,0.03337,,,,,,,,,,,,,,,,,,,,,,,,,,0,0,0,0,0
34.6298,1783969886.3966,2,1,0.5000,-0.0000,1.42240,-0.01107,-2.63319,1.07343,1.57081,0.11675,-0.12762,-0.48148,0.03337,,,,,,,,,,,,,,,,,,,,,,,,,,0,0,0,0,0
34.6301,1783969886.3969,2,1,0.5000,-0.0000,1.42240,-0.01107,-2.63319,1.07343,1.57081,0.11675,-0.12762,-0.48148,0.03337,,,,,,,,,,,,,,,,,,,,,,,,,,0,0,0,0,0
34.6374,1783969886.4042,2,1,0.5000,-0.0000,1.42240,-0.01107,-2.63319,1.07343,1.57081,0.11675,-0.12762,-0.48148,0.03337,,,,,,,,,,,,,,,,,,,,,,,,,,0,0,0,0,0
34.6561,1783969886.4229,2,1,0.5000,-0.0000,1.42240,-0.01107,-2.63319,1.07343,1.57081,0.11675,-0.12762,-0.48148,0.03337,,,,,,,,,,,,,,,,,,,,,,,,,,0,0,0,0,0
34.6582,1783969886.4250,2,1,0.5000,-0.0000,1.42240,-0.01107,-2.63319,1.07343,1.57081,0.11675,-0.12762,-0.48148,0.03337,,,,,,,,,,,,,,,,,,,,,,,,,,0,0,0,0,0
34.6628,1783969886.4295,2,1,0.5000,-0.0000,1.42240,-0.01107,-2.63319,1.07343,1.57081,0.11675,-0.12762,-0.48148,0.03337,,,,,,,,,,,,,,,,,,,,,,,,,,0,0,0,0,0
34.6807,1783969886.4475,2,1,0.5000,-0.0000,1.42240,-0.01107,-2.63319,1.07343,1.57081,0.11675,-0.12762,-0.48148,0.03337,,,,,,,,,,,,,,,,,,,,,,,,,,0,0,0,0,0
34.6834,1783969886.4502,2,1,0.5000,-0.0000,1.42240,-0.01107,-2.63319,1.07343,1.57081,0.11675,-0.12762,-0.48148,0.03337,,,,,,,,,,,,,,,,,,,,,,,,,,0,0,0,0,0
34.6842,1783969886.4510,2,1,0.5000,-0.0000,1.42240,-0.01107,-2.63319,1.07343,1.57081,0.11675,-0.12762,-0.48148,0.03337,,,,,,,,,,,,,,,,,,,,,,,,,,0,0,0,0,0
34.7041,1783969886.4709,2,1,0.5000,-0.0000,1.42240,-0.01107,-2.63319,1.07343,1.57081,0.11675,-0.12762,-0.48148,0.03337,,,,,,,,,,,,,,,,,,,,,,,,,,0,0,0,0,0
34.7045,1783969886.4713,2,1,0.5000,-0.0000,1.42240,-0.01107,-2.63319,1.07343,1.57081,0.11675,-0.12762,-0.48148,0.03337,,,,,,,,,,,,,,,,,,,,,,,,,,0,0,0,0,0
34.7073,1783969886.4741,2,1,0.5000,-0.0000,1.42240,-0.01107,-2.63319,1.07343,1.57081,0.11675,-0.12762,-0.48148,0.03337,,,,,,,,,,,,,,,,,,,,,,,,,,0,0,0,0,0
34.7187,1783969886.4854,2,1,0.5000,-0.0000,1.42240,-0.01107,-2.63319,1.07343,1.57081,0.11675,-0.12762,-0.48148,0.03337,,,,,,,,,,,,,,,,,,,,,,,,,,0,0,0,0,0
34.7293,1783969886.4961,2,1,0.5000,-0.0000,1.42240,-0.01107,-2.63319,1.07343,1.57081,0.11675,-0.12762,-0.48148,0.03337,,,,,,,,,,,,,,,,,,,,,,,,,,0,0,0,0,0
34.7359,1783969886.5027,2,1,0.5000,-0.0000,1.42240,-0.01107,-2.63319,1.07343,1.57081,0.11675,-0.12762,-0.48148,0.03337,,,,,,,,,,,,,,,,,,,,,,,,,,0,0,0,0,0
34.7494,1783969886.5161,2,1,0.5000,-0.0000,1.42240,-0.01107,-2.63319,1.07343,1.57081,0.11675,-0.12762,-0.48148,0.03337,,,,,,,,,,,,,,,,,,,,,,,,,,0,0,0,0,0
34.7610,1783969886.5278,2,1,0.5000,-0.0000,1.42240,-0.01107,-2.63319,1.07343,1.57081,0.11675,-0.12762,-0.48148,0.03337,,,,,,,,,,,,,,,,,,,,,,,,,,0,0,0,0,0
34.7655,1783969886.5323,2,1,0.5000,-0.0000,1.42240,-0.01107,-2.63319,1.07343,1.57081,0.11675,-0.12762,-0.48148,0.03337,,,,,,,,,,,,,,,,,,,,,,,,,,0,0,0,0,0
34.7775,1783969886.5443,2,1,0.5000,-0.0000,1.42240,-0.01107,-2.63319,1.07343,1.57081,0.11675,-0.12762,-0.48148,0.03337,,,,,,,,,,,,,,,,,,,,,,,,,,0,0,0,0,0
34.7854,1783969886.5522,2,1,0.5000,-0.0000,1.42240,-0.01107,-2.63319,1.07343,1.57081,0.11675,-0.12762,-0.48148,0.03337,,,,,,,,,,,,,,,,,,,,,,,,,,0,0,0,0,0
34.8007,1783969886.5675,2,1,0.5000,-0.0000,1.42240,-0.01107,-2.63319,1.07343,1.57081,0.11675,-0.12762,-0.48148,0.03337,,,,,,,,,,,,,,,,,,,,,,,,,,0,0,0,0,0
34.8054,1783969886.5722,2,1,0.5000,-0.0000,1.42240,-0.01107,-2.63319,1.07343,1.57081,0.11675,-0.12762,-0.48148,0.03337,,,,,,,,,,,,,,,,,,,,,,,,,,0,0,0,0,0
34.8214,1783969886.5882,2,1,0.5000,-0.0000,1.42240,-0.01107,-2.63319,1.07344,1.57081,0.11675,-0.12762,-0.48148,0.03337,,,,,,,,,,,,,,,,,,,,,,,,,,0,0,0,0,0
34.8238,1783969886.5906,2,1,0.5000,-0.0000,1.42240,-0.01107,-2.63319,1.07344,1.57081,0.11675,-0.12762,-0.48148,0.03337,,,,,,,,,,,,,,,,,,,,,,,,,,0,0,0,0,0
34.8242,1783969886.5909,2,1,0.5000,-0.0000,1.42240,-0.01107,-2.63319,1.07344,1.57081,0.11675,-0.12762,-0.48149,0.03337,,,,,,,,,,,,,,,,,,,,,,,,,,0,0,0,0,0
34.8374,1783969886.6042,2,1,0.5000,-0.0000,1.42240,-0.01109,-2.63318,1.07347,1.57081,0.11674,-0.12762,-0.48149,0.03337,,,,,,,,,,,,,,,,,,,,,,,,,,0,0,0,0,0
34.8440,1783969886.6107,2,1,0.5000,-0.0000,1.42240,-0.01109,-2.63318,1.07347,1.57081,0.11674,-0.12762,-0.48149,0.03337,,,,,,,,,,,,,,,,,,,,,,,,,,0,0,0,0,0
34.8587,1783969886.6255,2,1,0.5000,-0.0000,1.42240,-0.01112,-2.63320,1.07350,1.57081,0.11674,-0.12762,-0.48148,0.03335,,,,,,,,,,,,,,,,,,,,,,,,,,0,0,0,0,0
34.8591,1783969886.6258,2,1,0.5000,-0.0000,1.42240,-0.01112,-2.63320,1.07350,1.57081,0.11674,-0.12762,-0.48148,0.03335,,,,,,,,,,,,,,,,,,,,,,,,,,0,0,0,0,0
34.8650,1783969886.6318,2,1,0.5000,-0.0000,1.42240,-0.01115,-2.63323,1.07355,1.57081,0.11674,-0.12762,-0.48147,0.03333,,,,,,,,,,,,,,,,,,,,,,,,,,0,0,0,0,0
34.8790,1783969886.6457,2,1,0.5000,-0.0000,1.42240,-0.01119,-2.63326,1.07360,1.57081,0.11674,-0.12762,-0.48146,0.03331,,,,,,,,,,,,,,,,,,,,,,,,,,0,0,0,0,0
34.8869,1783969886.6537,2,1,0.5000,-0.0000,1.42240,-0.01120,-2.63326,1.07361,1.57081,0.11674,-0.12762,-0.48145,0.03330,,,,,,,,,,,,,,,,,,,,,,,,,,0,0,0,0,0
34.8952,1783969886.6620,2,1,0.5000,-0.0000,1.42240,-0.01123,-2.63327,1.07364,1.57081,0.11674,-0.12762,-0.48145,0.03329,,,,,,,,,,,,,,,,,,,,,,,,,,0,0,0,0,0
34.9058,1783969886.6725,2,1,0.5000,-0.0000,1.42240,-0.01130,-2.63330,1.07372,1.57081,0.11674,-0.12762,-0.48144,0.03326,,,,,,,,,,,,,,,,,,,,,,,,,,0,0,0,0,0
34.9236,1783969886.6903,2,1,0.5000,-0.0000,1.42240,-0.01133,-2.63331,1.07376,1.57081,0.11674,-0.12762,-0.48144,0.03325,,,,,,,,,,,,,,,,,,,,,,,,,,0,0,0,0,0
34.9247,1783969886.6915,2,1,0.5000,-0.0000,1.42240,-0.01136,-2.63331,1.07379,1.57081,0.11674,-0.12762,-0.48144,0.03324,,,,,,,,,,,,,,,,,,,,,,,,,,0,0,0,0,0
34.9252,1783969886.6919,2,1,0.5000,-0.0000,1.42240,-0.01136,-2.63331,1.07379,1.57081,0.11674,-0.12762,-0.48144,0.03324,,,,,,,,,,,,,,,,,,,,,,,,,,0,0,0,0,0
34.9414,1783969886.7081,2,1,0.5000,-0.0000,1.42240,-0.01146,-2.63333,1.07392,1.57081,0.11674,-0.12762,-0.48144,0.03321,,,,,,,,,,,,,,,,,,,,,,,,,,0,0,0,0,0
34.9568,1783969886.7236,2,1,0.5000,-0.0000,1.42240,-0.01155,-2.63335,1.07402,1.57081,0.11674,-0.12762,-0.48144,0.03318,,,,,,,,,,,,,,,,,,,,,,,,,,0,0,0,0,0
34.9572,1783969886.7240,2,1,0.5000,-0.0000,1.42240,-0.01155,-2.63335,1.07402,1.57081,0.11674,-0.12762,-0.48144,0.03318,,,,,,,,,,,,,,,,,,,,,,,,,,0,0,0,0,0
34.9681,1783969886.7349,2,1,0.5000,-0.0000,1.42240,-0.01159,-2.63335,1.07408,1.57081,0.11674,-0.12762,-0.48144,0.03317,,,,,,,,,,,,,,,,,,,,,,,,,,0,0,0,0,0
34.9731,1783969886.7399,2,1,0.5000,-0.0000,1.42240,-0.01161,-2.63336,1.07410,1.57081,0.11674,-0.12762,-0.48145,0.03316,,,,,,,,,,,,,,,,,,,,,,,,,,0,0,0,0,0
34.9808,1783969886.7475,2,1,0.5000,-0.0000,1.42240,-0.01168,-2.63337,1.07418,1.57081,0.11674,-0.12762,-0.48145,0.03314,,,,,,,,,,,,,,,,,,,,,,,,,,0,0,0,0,0
34.9811,1783969886.7479,2,1,0.5000,-0.0000,1.42240,-0.01168,-2.63337,1.07418,1.57081,0.11674,-0.12762,-0.48145,0.03314,,,,,,,,,,,,,,,,,,,,,,,,,,0,0,0,0,0
34.9909,1783969886.7576,2,1,0.5000,-0.0000,1.42240,-0.01178,-2.63338,1.07430,1.57081,0.11674,-0.12762,-0.48145,0.03311,,,,,,,,,,,,,,,,,,,,,,,,,,0,0,0,0,0
34.9948,1783969886.7616,2,1,0.5000,-0.0000,1.42240,-0.01184,-2.63339,1.07437,1.57081,0.11674,-0.12762,-0.48146,0.03309,,,,,,,,,,,,,,,,,,,,,,,,,,0,0,0,0,0
34.9952,1783969886.7619,2,1,0.5000,-0.0000,1.42240,-0.01184,-2.63339,1.07437,1.57081,0.11674,-0.12762,-0.48146,0.03309,,,,,,,,,,,,,,,,,,,,,,,,,,0,0,0,0,0
35.0075,1783969886.7743,2,1,0.5000,-0.0000,1.42240,-0.01186,-2.63339,1.07439,1.57081,0.11674,-0.12762,-0.48146,0.03309,,,,,,,,,,,,,,,,,,,,,,,,,,0,0,0,0,0
35.0186,1783969886.7854,2,1,0.5000,-0.0000,1.42240,-0.01194,-2.63339,1.07450,1.57081,0.11674,-0.12762,-0.48147,0.03307,,,,,,,,,,,,,,,,,,,,,,,,,,0,0,0,0,0
35.0191,1783969886.7859,2,1,0.5000,-0.0000,1.42240,-0.01194,-2.63339,1.07450,1.57081,0.11674,-0.12762,-0.48147,0.03307,,,,,,,,,,,,,,,,,,,,,,,,,,0,0,0,0,0
35.0270,1783969886.7938,2,1,0.5000,-0.0000,1.42240,-0.01202,-2.63340,1.07460,1.57081,0.11674,-0.12762,-0.48148,0.03305,,,,,,,,,,,,,,,,,,,,,,,,,,0,0,0,0,0
35.0274,1783969886.7942,2,1,0.5000,-0.0000,1.42240,-0.01202,-2.63340,1.07460,1.57081,0.11674,-0.12762,-0.48148,0.03305,,,,,,,,,,,,,,,,,,,,,,,,,,0,0,0,0,0
35.0371,1783969886.8039,2,1,0.5000,-0.0000,1.42240,-0.01216,-2.63340,1.07476,1.57081,0.11674,-0.12761,-0.48150,0.03302,,,,,,,,,,,,,,,,,,,,,,,,,,0,0,0,0,0
35.0470,1783969886.8138,2,1,0.5000,-0.0000,1.42240,-0.01223,-2.63339,1.07486,1.57081,0.11674,-0.12761,-0.48152,0.03300,,,,,,,,,,,,,,,,,,,,,,,,,,0,0,0,0,0
35.0539,1783969886.8207,2,1,0.5000,-0.0000,1.42240,-0.01229,-2.63338,1.07493,1.57081,0.11674,-0.12761,-0.48154,0.03299,,,,,,,,,,,,,,,,,,,,,,,,,,0,0,0,0,0
35.0668,1783969886.8335,2,1,0.5000,-0.0000,1.42240,-0.01231,-2.63337,1.07496,1.57081,0.11674,-0.12761,-0.48155,0.03299,,,,,,,,,,,,,,,,,,,,,,,,,,0,0,0,0,0
35.0732,1783969886.8400,2,1,0.5000,-0.0000,1.42240,-0.01231,-2.63337,1.07496,1.57081,0.11674,-0.12761,-0.48155,0.03299,,,,,,,,,,,,,,,,,,,,,,,,,,0,0,0,0,0
35.0846,1783969886.8514,2,1,0.5000,-0.0000,1.42240,-0.01231,-2.63337,1.07496,1.57081,0.11674,-0.12761,-0.48155,0.03299,,,,,,,,,,,,,,,,,,,,,,,,,,0,0,0,0,0
35.0968,1783969886.8635,2,1,0.5000,-0.0000,1.42240,-0.01231,-2.63337,1.07496,1.57081,0.11674,-0.12761,-0.48155,0.03299,,,,,,,,,,,,,,,,,,,,,,,,,,0,0,0,0,0
35.1086,1783969886.8754,2,1,0.5000,-0.0000,1.42240,-0.01231,-2.63337,1.07496,1.57081,0.11674,-0.12761,-0.48155,0.03299,,,,,,,,,,,,,,,,,,,,,,,,,,0,0,0,0,0
35.1161,1783969886.8829,2,1,0.5000,-0.0000,1.42240,-0.01231,-2.63337,1.07496,1.57081,0.11674,-0.12761,-0.48155,0.03299,,,,,,,,,,,,,,,,,,,,,,,,,,0,0,0,0,0
35.1284,1783969886.8952,2,1,0.5000,-0.0000,1.42240,-0.01231,-2.63337,1.07496,1.57081,0.11674,-0.12761,-0.48155,0.03299,,,,,,,,,,,,,,,,,,,,,,,,,,0,0,0,0,0
35.1287,1783969886.8955,2,1,0.5000,-0.0000,1.42240,-0.01231,-2.63337,1.07496,1.57081,0.11674,-0.12761,-0.48155,0.03299,,,,,,,,,,,,,,,,,,,,,,,,,,0,0,0,0,0
35.1459,1783969886.9127,2,1,0.5000,-0.0000,1.42240,-0.01231,-2.63337,1.07496,1.57081,0.11674,-0.12761,-0.48155,0.03299,,,,,,,,,,,,,,,,,,,,,,,,,,0,0,0,0,0
35.1476,1783969886.9144,2,1,0.5000,-0.0000,1.42240,-0.01231,-2.63337,1.07496,1.57081,0.11674,-0.12761,-0.48155,0.03299,,,,,,,,,,,,,,,,,,,,,,,,,,0,0,0,0,0
35.1482,1783969886.9149,2,1,0.5000,-0.0000,1.42240,-0.01231,-2.63337,1.07496,1.57081,0.11674,-0.12761,-0.48155,0.03299,,,,,,,,,,,,,,,,,,,,,,,,,,0,0,0,0,0
35.1561,1783969886.9228,2,1,0.5000,-0.0000,1.42240,-0.01231,-2.63337,1.07496,1.57081,0.11674,-0.12761,-0.48155,0.03299,,,,,,,,,,,,,,,,,,,,,,,,,,0,0,0,0,0
35.1662,1783969886.9329,2,1,0.5000,-0.0000,1.42240,-0.01231,-2.63337,1.07496,1.57081,0.11674,-0.12761,-0.48155,0.03299,,,,,,,,,,,,,,,,,,,,,,,,,,0,0,0,0,0
35.1868,1783969886.9536,2,1,0.5000,-0.0000,1.42240,-0.01231,-2.63337,1.07496,1.57081,0.11674,-0.12761,-0.48155,0.03299,,,,,,,,,,,,,,,,,,,,,,,,,,0,0,0,0,0
35.1896,1783969886.9564,2,1,0.5000,-0.0000,1.42240,-0.01231,-2.63337,1.07496,1.57081,0.11674,-0.12761,-0.48155,0.03299,,,,,,,,,,,,,,,,,,,,,,,,,,0,0,0,0,0
35.1969,1783969886.9637,2,1,0.5000,-0.0000,1.42240,-0.01231,-2.63337,1.07496,1.57081,0.11674,-0.12761,-0.48155,0.03299,,,,,,,,,,,,,,,,,,,,,,,,,,0,0,0,0,0
35.2074,1783969886.9742,2,1,0.5000,-0.0000,1.42240,-0.01231,-2.63337,1.07496,1.57081,0.11674,-0.12761,-0.48155,0.03299,,,,,,,,,,,,,,,,,,,,,,,,,,0,0,0,0,0
35.2156,1783969886.9824,2,1,0.5000,-0.0000,1.42240,-0.01231,-2.63337,1.07496,1.57081,0.11674,-0.12761,-0.48155,0.03299,,,,,,,,,,,,,,,,,,,,,,,,,,0,0,0,0,0
35.2163,1783969886.9831,2,1,0.5000,-0.0000,1.42240,-0.01231,-2.63337,1.07496,1.57081,0.11674,-0.12761,-0.48155,0.03299,,,,,,,,,,,,,,,,,,,,,,,,,,0,0,0,0,0
35.2296,1783969886.9964,2,1,0.5000,-0.0000,1.42240,-0.01231,-2.63337,1.07496,1.57081,0.11674,-0.12761,-0.48155,0.03299,,,,,,,,,,,,,,,,,,,,,,,,,,0,0,0,0,0
35.2534,1783969887.0202,2,1,0.5000,-0.0000,1.42240,-0.01231,-2.63337,1.07496,1.57081,0.11674,-0.12761,-0.48155,0.03299,,,,,,,,,,,,,,,,,,,,,,,,,,0,0,0,0,0
35.2607,1783969887.0275,2,1,0.5000,-0.0000,1.42240,-0.01232,-2.63338,1.07497,1.57081,0.11674,-0.12761,-0.48154,0.03299,,,,,,,,,,,,,,,,,,,,,,,,,,0,0,0,0,0
35.2707,1783969887.0375,2,1,0.5000,-0.0000,1.42240,-0.01232,-2.63339,1.07498,1.57081,0.11674,-0.12761,-0.48154,0.03298,,,,,,,,,,,,,,,,,,,,,,,,,,0,0,0,0,0
35.2780,1783969887.0448,2,1,0.5000,-0.0000,1.42240,-0.01233,-2.63340,1.07498,1.57081,0.11674,-0.12761,-0.48153,0.03298,,,,,,,,,,,,,,,,,,,,,,,,,,0,0,0,0,0
35.2806,1783969887.0474,2,1,0.5000,-0.0000,1.42240,-0.01233,-2.63341,1.07499,1.57081,0.11674,-0.12761,-0.48153,0.03297,,,,,,,,,,,,,,,,,,,,,,,,,,0,0,0,0,0
35.2934,1783969887.0602,2,1,0.5000,-0.0000,1.42240,-0.01237,-2.63345,1.07504,1.57081,0.11674,-0.12761,-0.48150,0.03294,,,,,,,,,,,,,,,,,,,,,,,,,,0,0,0,0,0
35.2977,1783969887.0645,2,1,0.5000,-0.0000,1.42240,-0.01237,-2.63345,1.07504,1.57081,0.11674,-0.12761,-0.48150,0.03294,,,,,,,,,,,,,,,,,,,,,,,,,,0,0,0,0,0
35.3140,1783969887.0808,2,1,0.5000,-0.0000,1.42240,-0.01241,-2.63348,1.07508,1.57081,0.11674,-0.12762,-0.48148,0.03292,,,,,,,,,,,,,,,,,,,,,,,,,,0,0,0,0,0
35.3207,1783969887.0875,2,1,0.5000,-0.0000,1.42240,-0.01245,-2.63351,1.07513,1.57081,0.11674,-0.12762,-0.48147,0.03289,,,,,,,,,,,,,,,,,,,,,,,,,,0,0,0,0,0
35.3342,1783969887.1010,2,1,0.5000,-0.0000,1.42240,-0.01248,-2.63353,1.07516,1.57081,0.11674,-0.12762,-0.48146,0.03288,,,,,,,,,,,,,,,,,,,,,,,,,,0,0,0,0,0
35.3452,1783969887.1120,2,1,0.5000,-0.0000,1.42240,-0.01253,-2.63354,1.07522,1.57081,0.11674,-0.12762,-0.48146,0.03286,,,,,,,,,,,,,,,,,,,,,,,,,,0,0,0,0,0
35.3712,1783969887.1379,2,1,0.5000,-0.0000,1.42240,-0.01265,-2.63357,1.07537,1.57081,0.11674,-0.12762,-0.48145,0.03282,,,,,,,,,,,,,,,,,,,,,,,,,,0,0,0,0,0
35.3778,1783969887.1445,2,1,0.5000,-0.0000,1.42240,-0.01271,-2.63358,1.07544,1.57081,0.11674,-0.12762,-0.48145,0.03280,,,,,,,,,,,,,,,,,,,,,,,,,,0,0,0,0,0
35.6553,1783969887.4221,2,1,0.5000,-0.0000,1.42239,-0.01350,-2.63364,1.07641,1.57081,0.11674,-0.12760,-0.48154,0.03259,,,,,,,,,,,,,,,,,,,,,,,,,,0,0,0,0,0
35.6567,1783969887.4235,2,1,0.5000,-0.0000,1.42239,-0.01350,-2.63364,1.07641,1.57081,0.11674,-0.12760,-0.48154,0.03259,,,,,,,,,,,,,,,,,,,,,,,,,,0,0,0,0,0
35.6594,1783969887.4261,2,1,0.5000,-0.0000,1.42239,-0.01350,-2.63364,1.07641,1.57081,0.11674,-0.12760,-0.48154,0.03259,,,,,,,,,,,,,,,,,,,,,,,,,,0,0,0,0,0
35.6598,1783969887.4266,2,1,0.5000,-0.0000,1.42239,-0.01350,-2.63364,1.07641,1.57081,0.11674,-0.12760,-0.48154,0.03259,,,,,,,,,,,,,,,,,,,,,,,,,,0,0,0,0,0
35.6653,1783969887.4321,2,1,0.5000,-0.0000,1.42239,-0.01350,-2.63364,1.07641,1.57081,0.11674,-0.12760,-0.48154,0.03259,,,,,,,,,,,,,,,,,,,,,,,,,,0,0,0,0,0
35.6712,1783969887.4379,2,1,0.5000,-0.0000,1.42239,-0.01350,-2.63364,1.07641,1.57081,0.11674,-0.12760,-0.48154,0.03259,,,,,,,,,,,,,,,,,,,,,,,,,,0,0,0,0,0
35.6811,1783969887.4479,2,1,0.5000,-0.0000,1.42239,-0.01350,-2.63364,1.07641,1.57081,0.11674,-0.12760,-0.48154,0.03259,,,,,,,,,,,,,,,,,,,,,,,,,,0,0,0,0,0
35.6892,1783969887.4560,2,1,0.5000,-0.0000,1.42239,-0.01350,-2.63364,1.07642,1.57081,0.11674,-0.12760,-0.48154,0.03259,,,,,,,,,,,,,,,,,,,,,,,,,,0,0,0,0,0
35.7011,1783969887.4679,2,1,0.5000,-0.0000,1.42239,-0.01352,-2.63366,1.07644,1.57081,0.11674,-0.12761,-0.48153,0.03257,,,,,,,,,,,,,,,,,,,,,,,,,,0,0,0,0,0
35.7015,1783969887.4683,2,1,0.5000,-0.0000,1.42239,-0.01352,-2.63366,1.07644,1.57081,0.11674,-0.12761,-0.48153,0.03257,,,,,,,,,,,,,,,,,,,,,,,,,,0,0,0,0,0
35.7084,1783969887.4752,2,1,0.5000,-0.0000,1.42239,-0.01354,-2.63368,1.07646,1.57081,0.11674,-0.12761,-0.48152,0.03256,,,,,,,,,,,,,,,,,,,,,,,,,,0,0,0,0,0
35.7096,1783969887.4764,2,1,0.5000,-0.0000,1.42239,-0.01354,-2.63368,1.07646,1.57081,0.11674,-0.12761,-0.48152,0.03256,,,,,,,,,,,,,,,,,,,,,,,,,,0,0,0,0,0
35.7100,1783969887.4768,2,1,0.5000,-0.0000,1.42239,-0.01354,-2.63368,1.07646,1.57081,0.11674,-0.12761,-0.48152,0.03256,,,,,,,,,,,,,,,,,,,,,,,,,,0,0,0,0,0
35.7105,1783969887.4773,2,1,0.5000,-0.0000,1.42239,-0.01354,-2.63368,1.07646,1.57081,0.11674,-0.12761,-0.48152,0.03256,,,,,,,,,,,,,,,,,,,,,,,,,,0,0,0,0,0
35.7109,1783969887.4777,2,1,0.5000,-0.0000,1.42239,-0.01354,-2.63368,1.07646,1.57081,0.11674,-0.12761,-0.48152,0.03256,,,,,,,,,,,,,,,,,,,,,,,,,,0,0,0,0,0
35.7237,1783969887.4905,2,1,0.5000,-0.0000,1.42239,-0.01356,-2.63371,1.07650,1.57081,0.11674,-0.12761,-0.48150,0.03254,,,,,,,,,,,,,,,,,,,,,,,,,,0,0,0,0,0
35.7267,1783969887.4935,2,1,0.5000,-0.0000,1.42239,-0.01357,-2.63371,1.07650,1.57081,0.11674,-0.12761,-0.48150,0.03254,,,,,,,,,,,,,,,,,,,,,,,,,,0,0,0,0,0
35.7272,1783969887.4940,2,1,0.5000,-0.0000,1.42239,-0.01357,-2.63371,1.07650,1.57081,0.11674,-0.12761,-0.48150,0.03254,,,,,,,,,,,,,,,,,,,,,,,,,,0,0,0,0,0
35.7284,1783969887.4952,2,1,0.5000,-0.0000,1.42239,-0.01357,-2.63372,1.07651,1.57081,0.11674,-0.12761,-0.48150,0.03253,,,,,,,,,,,,,,,,,,,,,,,,,,0,0,0,0,0
35.7289,1783969887.4957,2,1,0.5000,-0.0000,1.42239,-0.01357,-2.63372,1.07651,1.57081,0.11674,-0.12761,-0.48150,0.03253,,,,,,,,,,,,,,,,,,,,,,,,,,0,0,0,0,0
35.7343,1783969887.5011,2,1,0.5000,-0.0000,1.42239,-0.01359,-2.63373,1.07652,1.57081,0.11674,-0.12761,-0.48149,0.03253,,,,,,,,,,,,,,,,,,,,,,,,,,0,0,0,0,0
35.7346,1783969887.5014,2,1,0.5000,-0.0000,1.42239,-0.01359,-2.63373,1.07652,1.57081,0.11674,-0.12761,-0.48149,0.03253,,,,,,,,,,,,,,,,,,,,,,,,,,0,0,0,0,0
35.7349,1783969887.5016,2,1,0.5000,-0.0000,1.42239,-0.01359,-2.63373,1.07652,1.57081,0.11674,-0.12761,-0.48149,0.03253,,,,,,,,,,,,,,,,,,,,,,,,,,0,0,0,0,0
35.7351,1783969887.5019,2,1,0.5000,-0.0000,1.42239,-0.01359,-2.63373,1.07652,1.57081,0.11674,-0.12761,-0.48149,0.03253,,,,,,,,,,,,,,,,,,,,,,,,,,0,0,0,0,0
35.7445,1783969887.5112,2,1,0.5000,-0.0000,1.42239,-0.01362,-2.63375,1.07656,1.57081,0.11674,-0.12761,-0.48148,0.03251,,,,,,,,,,,,,,,,,,,,,,,,,,0,0,0,0,0
35.7468,1783969887.5136,2,1,0.5000,-0.0000,1.42239,-0.01362,-2.63375,1.07656,1.57081,0.11674,-0.12761,-0.48148,0.03251,,,,,,,,,,,,,,,,,,,,,,,,,,0,0,0,0,0
35.7471,1783969887.5139,2,1,0.5000,-0.0000,1.42239,-0.01362,-2.63375,1.07656,1.57081,0.11674,-0.12761,-0.48148,0.03251,,,,,,,,,,,,,,,,,,,,,,,,,,0,0,0,0,0
35.7475,1783969887.5143,2,1,0.5000,-0.0000,1.42239,-0.01362,-2.63375,1.07656,1.57081,0.11674,-0.12761,-0.48148,0.03251,,,,,,,,,,,,,,,,,,,,,,,,,,0,0,0,0,0
35.7482,1783969887.5150,2,1,0.5000,-0.0000,1.42239,-0.01362,-2.63375,1.07656,1.57081,0.11674,-0.12761,-0.48148,0.03251,,,,,,,,,,,,,,,,,,,,,,,,,,0,0,0,0,0
35.7484,1783969887.5151,2,1,0.5000,-0.0000,1.42239,-0.01362,-2.63375,1.07656,1.57081,0.11674,-0.12761,-0.48148,0.03251,,,,,,,,,,,,,,,,,,,,,,,,,,0,0,0,0,0
35.7555,1783969887.5223,2,1,0.5000,-0.0000,1.42239,-0.01364,-2.63376,1.07658,1.57081,0.11674,-0.12761,-0.48148,0.03250,,,,,,,,,,,,,,,,,,,,,,,,,,0,0,0,0,0
35.7609,1783969887.5277,2,1,0.5000,-0.0000,1.42239,-0.01368,-2.63377,1.07663,1.57081,0.11674,-0.12761,-0.48147,0.03248,,,,,,,,,,,,,,,,,,,,,,,,,,0,0,0,0,0
35.7614,1783969887.5282,2,1,0.5000,-0.0000,1.42239,-0.01368,-2.63377,1.07663,1.57081,0.11674,-0.12761,-0.48147,0.03248,,,,,,,,,,,,,,,,,,,,,,,,,,0,0,0,0,0
35.7702,1783969887.5370,2,1,0.5000,-0.0000,1.42239,-0.01375,-2.63380,1.07671,1.57081,0.11674,-0.12762,-0.48146,0.03246,,,,,,,,,,,,,,,,,,,,,,,,,,0,0,0,0,0
35.7706,1783969887.5374,2,1,0.5000,-0.0000,1.42239,-0.01375,-2.63380,1.07671,1.57081,0.11674,-0.12762,-0.48146,0.03246,,,,,,,,,,,,,,,,,,,,,,,,,,0,0,0,0,0
35.7753,1783969887.5421,2,1,0.5000,-0.0000,1.42239,-0.01379,-2.63381,1.07675,1.57081,0.11674,-0.12762,-0.48146,0.03244,,,,,,,,,,,,,,,,,,,,,,,,,,0,0,0,0,0
35.7805,1783969887.5472,2,1,0.5000,-0.0000,1.42239,-0.01379,-2.63381,1.07676,1.57081,0.11674,-0.12762,-0.48146,0.03244,,,,,,,,,,,,,,,,,,,,,,,,,,0,0,0,0,0
35.7847,1783969887.5515,2,1,0.5000,-0.0000,1.42239,-0.01381,-2.63381,1.07678,1.57081,0.11674,-0.12762,-0.48146,0.03243,,,,,,,,,,,,,,,,,,,,,,,,,,0,0,0,0,0
35.7866,1783969887.5533,2,1,0.5000,-0.0000,1.42239,-0.01381,-2.63381,1.07678,1.57081,0.11674,-0.12762,-0.48146,0.03243,,,,,,,,,,,,,,,,,,,,,,,,,,0,0,0,0,0
35.7869,1783969887.5536,2,1,0.5000,-0.0000,1.42239,-0.01381,-2.63381,1.07678,1.57081,0.11674,-0.12762,-0.48146,0.03243,,,,,,,,,,,,,,,,,,,,,,,,,,0,0,0,0,0
35.7871,1783969887.5539,2,1,0.5000,-0.0000,1.42239,-0.01381,-2.63381,1.07678,1.57081,0.11674,-0.12762,-0.48146,0.03243,,,,,,,,,,,,,,,,,,,,,,,,,,0,0,0,0,0
35.7875,1783969887.5543,2,1,0.5000,-0.0000,1.42239,-0.01381,-2.63381,1.07678,1.57081,0.11674,-0.12762,-0.48146,0.03243,,,,,,,,,,,,,,,,,,,,,,,,,,0,0,0,0,0
35.7877,1783969887.5545,2,1,0.5000,-0.0000,1.42239,-0.01381,-2.63381,1.07678,1.57081,0.11674,-0.12762,-0.48146,0.03243,,,,,,,,,,,,,,,,,,,,,,,,,,0,0,0,0,0
35.7879,1783969887.5547,2,1,0.5000,-0.0000,1.42239,-0.01381,-2.63381,1.07678,1.57081,0.11674,-0.12762,-0.48146,0.03243,,,,,,,,,,,,,,,,,,,,,,,,,,0,0,0,0,0
35.7895,1783969887.5563,2,1,0.5000,-0.0000,1.42239,-0.01383,-2.63382,1.07681,1.57081,0.11674,-0.12762,-0.48146,0.03243,,,,,,,,,,,,,,,,,,,,,,,,,,0,0,0,0,0
35.7898,1783969887.5565,2,1,0.5000,-0.0000,1.42239,-0.01383,-2.63382,1.07681,1.57081,0.11674,-0.12762,-0.48146,0.03243,,,,,,,,,,,,,,,,,,,,,,,,,,0,0,0,0,0
35.7902,1783969887.5569,2,1,0.5000,-0.0000,1.42239,-0.01383,-2.63382,1.07681,1.57081,0.11674,-0.12762,-0.48146,0.03243,,,,,,,,,,,,,,,,,,,,,,,,,,0,0,0,0,0
35.7904,1783969887.5572,2,1,0.5000,-0.0000,1.42239,-0.01383,-2.63382,1.07681,1.57081,0.11674,-0.12762,-0.48146,0.03243,,,,,,,,,,,,,,,,,,,,,,,,,,0,0,0,0,0
35.7906,1783969887.5574,2,1,0.5000,-0.0000,1.42239,-0.01383,-2.63382,1.07681,1.57081,0.11674,-0.12762,-0.48146,0.03243,,,,,,,,,,,,,,,,,,,,,,,,,,0,0,0,0,0
35.7909,1783969887.5576,2,1,0.5000,-0.0000,1.42239,-0.01383,-2.63382,1.07681,1.57081,0.11674,-0.12762,-0.48146,0.03243,,,,,,,,,,,,,,,,,,,,,,,,,,0,0,0,0,0
35.7999,1783969887.5666,2,1,0.5000,-0.0000,1.42239,-0.01391,-2.63384,1.07690,1.57081,0.11674,-0.12762,-0.48146,0.03240,,,,,,,,,,,,,,,,,,,,,,,,,,0,0,0,0,0
35.8034,1783969887.5702,2,1,0.5000,-0.0000,1.42239,-0.01396,-2.63385,1.07696,1.57081,0.11674,-0.12762,-0.48146,0.03238,,,,,,,,,,,,,,,,,,,,,,,,,,0,0,0,0,0
35.8043,1783969887.5711,2,1,0.5000,-0.0000,1.42239,-0.01401,-2.63386,1.07702,1.57081,0.11674,-0.12762,-0.48146,0.03237,,,,,,,,,,,,,,,,,,,,,,,,,,0,0,0,0,0
35.8044,1783969887.5712,2,1,0.5000,-0.0000,1.42239,-0.01401,-2.63386,1.07702,1.57081,0.11674,-0.12762,-0.48146,0.03237,,,,,,,,,,,,,,,,,,,,,,,,,,0,0,0,0,0
35.8266,1783969887.5934,2,1,0.5000,-0.0000,1.42239,-0.01409,-2.63387,1.07712,1.57081,0.11674,-0.12762,-0.48146,0.03234,,,,,,,,,,,,,,,,,,,,,,,,,,0,0,0,0,0
35.8286,1783969887.5954,2,1,0.5000,-0.0000,1.42239,-0.01414,-2.63388,1.07717,1.57081,0.11674,-0.12761,-0.48146,0.03232,,,,,,,,,,,,,,,,,,,,,,,,,,0,0,0,0,0
35.8289,1783969887.5957,2,1,0.5000,-0.0000,1.42239,-0.01414,-2.63388,1.07717,1.57081,0.11674,-0.12761,-0.48146,0.03232,,,,,,,,,,,,,,,,,,,,,,,,,,0,0,0,0,0
35.8335,1783969887.6002,2,1,0.5000,-0.0000,1.42239,-0.01414,-2.63388,1.07717,1.57081,0.11674,-0.12761,-0.48146,0.03232,,,,,,,,,,,,,,,,,,,,,,,,,,0,0,0,0,0
35.8485,1783969887.6153,2,1,0.5000,-0.0000,1.42239,-0.01422,-2.63389,1.07727,1.57081,0.11674,-0.12761,-0.48147,0.03230,,,,,,,,,,,,,,,,,,,,,,,,,,0,0,0,0,0
35.8489,1783969887.6156,2,1,0.5000,-0.0000,1.42239,-0.01422,-2.63389,1.07727,1.57081,0.11674,-0.12761,-0.48147,0.03230,,,,,,,,,,,,,,,,,,,,,,,,,,0,0,0,0,0
35.8579,1783969887.6247,2,1,0.5000,-0.0000,1.42239,-0.01431,-2.63390,1.07738,1.57081,0.11674,-0.12761,-0.48147,0.03227,,,,,,,,,,,,,,,,,,,,,,,,,,0,0,0,0,0
35.8655,1783969887.6322,2,1,0.5000,-0.0000,1.42239,-0.01436,-2.63391,1.07744,1.57081,0.11674,-0.12761,-0.48147,0.03226,,,,,,,,,,,,,,,,,,,,,,,,,,0,0,0,0,0
35.8934,1783969887.6602,2,1,0.5000,-0.0000,1.42239,-0.01451,-2.63390,1.07763,1.57081,0.11674,-0.12761,-0.48151,0.03223,,,,,,,,,,,,,,,,,,,,,,,,,,0,0,0,0,0
35.8936,1783969887.6604,2,1,0.5000,-0.0000,1.42239,-0.01451,-2.63390,1.07763,1.57081,0.11674,-0.12761,-0.48151,0.03223,,,,,,,,,,,,,,,,,,,,,,,,,,0,0,0,0,0
35.8973,1783969887.6641,2,1,0.5000,-0.0000,1.42239,-0.01454,-2.63390,1.07767,1.57081,0.11674,-0.12761,-0.48151,0.03222,,,,,,,,,,,,,,,,,,,,,,,,,,0,0,0,0,0
35.8977,1783969887.6645,2,1,0.5000,-0.0000,1.42239,-0.01454,-2.63390,1.07767,1.57081,0.11674,-0.12761,-0.48151,0.03222,,,,,,,,,,,,,,,,,,,,,,,,,,0,0,0,0,0
35.9031,1783969887.6699,2,1,0.5000,-0.0000,1.42239,-0.01458,-2.63389,1.07771,1.57081,0.11674,-0.12760,-0.48152,0.03221,,,,,,,,,,,,,,,,,,,,,,,,,,0,0,0,0,0
35.9035,1783969887.6703,2,1,0.5000,-0.0000,1.42239,-0.01458,-2.63389,1.07771,1.57081,0.11674,-0.12760,-0.48152,0.03221,,,,,,,,,,,,,,,,,,,,,,,,,,0,0,0,0,0
35.9174,1783969887.6842,2,1,0.5000,-0.0000,1.42239,-0.01468,-2.63386,1.07784,1.57082,0.11674,-0.12760,-0.48156,0.03220,,,,,,,,,,,,,,,,,,,,,,,,,,0,0,0,0,0
35.9237,1783969887.6905,2,1,0.5000,-0.0000,1.42239,-0.01469,-2.63385,1.07785,1.57082,0.11674,-0.12760,-0.48158,0.03221,,,,,,,,,,,,,,,,,,,,,,,,,,0,0,0,0,0
35.9347,1783969887.7014,2,1,0.5000,-0.0000,1.42239,-0.01470,-2.63383,1.07786,1.57082,0.11674,-0.12759,-0.48159,0.03221,,,,,,,,,,,,,,,,,,,,,,,,,,0,0,0,0,0
35.9470,1783969887.7138,2,1,0.5000,-0.0000,1.42239,-0.01470,-2.63383,1.07786,1.57082,0.11674,-0.12759,-0.48159,0.03221,,,,,,,,,,,,,,,,,,,,,,,,,,0,0,0,0,0
35.9571,1783969887.7239,2,1,0.5000,-0.0000,1.42239,-0.01470,-2.63383,1.07786,1.57082,0.11674,-0.12759,-0.48159,0.03221,,,,,,,,,,,,,,,,,,,,,,,,,,0,0,0,0,0
35.9690,1783969887.7358,2,1,0.5000,-0.0000,1.42239,-0.01470,-2.63383,1.07786,1.57082,0.11674,-0.12759,-0.48159,0.03221,,,,,,,,,,,,,,,,,,,,,,,,,,0,0,0,0,0
35.9770,1783969887.7438,2,1,0.5000,-0.0000,1.42239,-0.01470,-2.63383,1.07786,1.57082,0.11674,-0.12759,-0.48159,0.03221,,,,,,,,,,,,,,,,,,,,,,,,,,0,0,0,0,0
35.9774,1783969887.7442,2,1,0.5000,-0.0000,1.42239,-0.01470,-2.63383,1.07786,1.57082,0.11674,-0.12759,-0.48159,0.03221,,,,,,,,,,,,,,,,,,,,,,,,,,0,0,0,0,0
35.9885,1783969887.7553,2,1,0.5000,-0.0000,1.42239,-0.01470,-2.63383,1.07786,1.57082,0.11674,-0.12759,-0.48159,0.03221,,,,,,,,,,,,,,,,,,,,,,,,,,0,0,0,0,0
36.0055,1783969887.7723,2,1,0.5000,-0.0000,1.42239,-0.01470,-2.63383,1.07786,1.57082,0.11674,-0.12759,-0.48159,0.03221,,,,,,,,,,,,,,,,,,,,,,,,,,0,0,0,0,0
36.0086,1783969887.7754,2,1,0.5000,-0.0000,1.42239,-0.01470,-2.63383,1.07786,1.57082,0.11674,-0.12759,-0.48159,0.03221,,,,,,,,,,,,,,,,,,,,,,,,,,0,0,0,0,0
36.0227,1783969887.7895,2,1,0.5000,-0.0000,1.42239,-0.01470,-2.63383,1.07786,1.57082,0.11674,-0.12759,-0.48159,0.03221,,,,,,,,,,,,,,,,,,,,,,,,,,0,0,0,0,0
36.0328,1783969887.7995,2,1,0.5000,-0.0000,1.42239,-0.01470,-2.63383,1.07786,1.57082,0.11674,-0.12759,-0.48159,0.03221,,,,,,,,,,,,,,,,,,,,,,,,,,0,0,0,0,0
36.0483,1783969887.8151,2,1,0.5000,-0.0000,1.42239,-0.01470,-2.63383,1.07786,1.57082,0.11674,-0.12759,-0.48159,0.03221,,,,,,,,,,,,,,,,,,,,,,,,,,0,0,0,0,0
36.0675,1783969887.8343,2,1,0.5000,-0.0000,1.42239,-0.01470,-2.63383,1.07786,1.57082,0.11674,-0.12759,-0.48159,0.03221,,,,,,,,,,,,,,,,,,,,,,,,,,0,0,0,0,0
36.0693,1783969887.8361,2,1,0.5000,-0.0000,1.42239,-0.01470,-2.63383,1.07786,1.57082,0.11674,-0.12759,-0.48159,0.03221,,,,,,,,,,,,,,,,,,,,,,,,,,0,0,0,0,0
36.0695,1783969887.8363,2,1,0.5000,-0.0000,1.42239,-0.01470,-2.63383,1.07786,1.57082,0.11674,-0.12759,-0.48159,0.03221,,,,,,,,,,,,,,,,,,,,,,,,,,0,0,0,0,0
36.0773,1783969887.8441,2,1,0.5000,-0.0000,1.42239,-0.01470,-2.63383,1.07786,1.57082,0.11674,-0.12759,-0.48159,0.03221,,,,,,,,,,,,,,,,,,,,,,,,,,0,0,0,0,0
36.0878,1783969887.8545,2,1,0.5000,-0.0000,1.42239,-0.01470,-2.63383,1.07786,1.57082,0.11674,-0.12759,-0.48159,0.03221,,,,,,,,,,,,,,,,,,,,,,,,,,0,0,0,0,0
36.0971,1783969887.8639,2,1,0.5000,-0.0000,1.42239,-0.01470,-2.63383,1.07786,1.57082,0.11674,-0.12759,-0.48159,0.03221,,,,,,,,,,,,,,,,,,,,,,,,,,0,0,0,0,0
36.1077,1783969887.8745,2,1,0.5000,-0.0000,1.42239,-0.01470,-2.63383,1.07786,1.57082,0.11674,-0.12759,-0.48159,0.03221,,,,,,,,,,,,,,,,,,,,,,,,,,0,0,0,0,0
36.1295,1783969887.8962,2,1,0.5000,-0.0000,1.42239,-0.01473,-2.63390,1.07791,1.57082,0.11674,-0.12760,-0.48154,0.03217,,,,,,,,,,,,,,,,,,,,,,,,,,0,0,0,0,0
36.1300,1783969887.8967,2,1,0.5000,-0.0000,1.42239,-0.01473,-2.63390,1.07791,1.57082,0.11674,-0.12760,-0.48154,0.03217,,,,,,,,,,,,,,,,,,,,,,,,,,0,0,0,0,0
36.1303,1783969887.8970,2,1,0.5000,-0.0000,1.42239,-0.01473,-2.63390,1.07791,1.57082,0.11674,-0.12760,-0.48154,0.03217,,,,,,,,,,,,,,,,,,,,,,,,,,0,0,0,0,0
36.1405,1783969887.9073,2,1,0.5000,-0.0000,1.42239,-0.01475,-2.63392,1.07792,1.57082,0.11674,-0.12760,-0.48153,0.03216,,,,,,,,,,,,,,,,,,,,,,,,,,0,0,0,0,0
36.1609,1783969887.9277,2,1,0.5000,-0.0000,1.42239,-0.01482,-2.63399,1.07801,1.57082,0.11674,-0.12761,-0.48149,0.03211,,,,,,,,,,,,,,,,,,,,,,,,,,0,0,0,0,0
36.1614,1783969887.9282,2,1,0.5000,-0.0000,1.42239,-0.01482,-2.63399,1.07801,1.57082,0.11674,-0.12761,-0.48149,0.03211,,,,,,,,,,,,,,,,,,,,,,,,,,0,0,0,0,0
36.1616,1783969887.9284,2,1,0.5000,-0.0000,1.42239,-0.01482,-2.63399,1.07801,1.57082,0.11674,-0.12761,-0.48149,0.03211,,,,,,,,,,,,,,,,,,,,,,,,,,0,0,0,0,0
36.1676,1783969887.9344,2,1,0.5000,-0.0000,1.42239,-0.01484,-2.63401,1.07803,1.57082,0.11674,-0.12761,-0.48148,0.03210,,,,,,,,,,,,,,,,,,,,,,,,,,0,0,0,0,0
36.1774,1783969887.9442,2,1,0.5000,-0.0000,1.42239,-0.01486,-2.63402,1.07805,1.57082,0.11674,-0.12761,-0.48147,0.03209,,,,,,,,,,,,,,,,,,,,,,,,,,0,0,0,0,0
36.1939,1783969887.9607,2,1,0.5000,-0.0000,1.42239,-0.01493,-2.63405,1.07814,1.57082,0.11674,-0.12761,-0.48146,0.03206,,,,,,,,,,,,,,,,,,,,,,,,,,0,0,0,0,0
36.1977,1783969887.9644,2,1,0.5000,-0.0000,1.42239,-0.01494,-2.63405,1.07814,1.57082,0.11674,-0.12761,-0.48146,0.03206,,,,,,,,,,,,,,,,,,,,,,,,,,0,0,0,0,0
36.2096,1783969887.9764,2,1,0.5000,-0.0000,1.42239,-0.01502,-2.63407,1.07825,1.57082,0.11674,-0.12761,-0.48146,0.03203,,,,,,,,,,,,,,,,,,,,,,,,,,0,0,0,0,0
36.2235,1783969887.9903,2,1,0.5000,-0.0000,1.42239,-0.01518,-2.63411,1.07844,1.57082,0.11674,-0.12761,-0.48146,0.03197,,,,,,,,,,,,,,,,,,,,,,,,,,0,0,0,0,0
36.2308,1783969887.9976,2,1,0.5000,-0.0000,1.42239,-0.01519,-2.63411,1.07844,1.57082,0.11674,-0.12761,-0.48146,0.03197,,,,,,,,,,,,,,,,,,,,,,,,,,0,0,0,0,0
36.2365,1783969888.0033,2,1,0.5000,-0.0000,1.42239,-0.01523,-2.63412,1.07850,1.57082,0.11674,-0.12761,-0.48146,0.03196,,,,,,,,,,,,,,,,,,,,,,,,,,0,0,0,0,0
36.2366,1783969888.0034,2,1,0.5000,-0.0000,1.42239,-0.01523,-2.63412,1.07850,1.57082,0.11674,-0.12761,-0.48146,0.03196,,,,,,,,,,,,,,,,,,,,,,,,,,0,0,0,0,0
36.2581,1783969888.0249,2,1,0.5000,-0.0000,1.42239,-0.01541,-2.63415,1.07871,1.57082,0.11674,-0.12761,-0.48146,0.03190,,,,,,,,,,,,,,,,,,,,,,,,,,0,0,0,0,0
36.2600,1783969888.0268,2,1,0.5000,-0.0000,1.42239,-0.01541,-2.63415,1.07871,1.57082,0.11674,-0.12761,-0.48146,0.03190,,,,,,,,,,,,,,,,,,,,,,,,,,0,0,0,0,0
36.2676,1783969888.0344,2,1,0.5000,-0.0000,1.42239,-0.01543,-2.63415,1.07873,1.57082,0.11674,-0.12761,-0.48146,0.03189,,,,,,,,,,,,,,,,,,,,,,,,,,0,0,0,0,0
36.2820,1783969888.0488,2,1,0.5000,-0.0000,1.42239,-0.01555,-2.63417,1.07888,1.57082,0.11674,-0.12761,-0.48147,0.03186,,,,,,,,,,,,,,,,,,,,,,,,,,0,0,0,0,0
36.2823,1783969888.0491,2,1,0.5000,-0.0000,1.42239,-0.01555,-2.63417,1.07888,1.57082,0.11674,-0.12761,-0.48147,0.03186,,,,,,,,,,,,,,,,,,,,,,,,,,0,0,0,0,0
36.2936,1783969888.0604,2,1,0.5000,-0.0000,1.42238,-0.01568,-2.63418,1.07904,1.57082,0.11674,-0.12761,-0.48148,0.03182,,,,,,,,,,,,,,,,,,,,,,,,,,0,0,0,0,0
36.4232,1783969888.1900,2,1,0.5000,-0.0000,1.42238,-0.01588,-2.63418,1.07930,1.57082,0.11674,-0.12760,-0.48152,0.03177,,,,,,,,,,,,,,,,,,,,,,,,,,0,0,0,0,0
36.4250,1783969888.1917,2,1,0.5000,-0.0000,1.42238,-0.01588,-2.63418,1.07930,1.57082,0.11674,-0.12760,-0.48152,0.03177,,,,,,,,,,,,,,,,,,,,,,,,,,0,0,0,0,0
36.4389,1783969888.2057,2,1,0.5000,-0.0000,1.42238,-0.01588,-2.63418,1.07930,1.57082,0.11674,-0.12760,-0.48152,0.03177,,,,,,,,,,,,,,,,,,,,,,,,,,0,0,0,0,0
36.4429,1783969888.2097,2,1,0.5000,-0.0000,1.42238,-0.01588,-2.63418,1.07930,1.57082,0.11674,-0.12760,-0.48152,0.03177,,,,,,,,,,,,,,,,,,,,,,,,,,0,0,0,0,0
36.4439,1783969888.2107,2,1,0.5000,-0.0000,1.42238,-0.01588,-2.63418,1.07930,1.57082,0.11674,-0.12760,-0.48152,0.03177,,,,,,,,,,,,,,,,,,,,,,,,,,0,0,0,0,0
36.4487,1783969888.2155,2,1,0.5000,-0.0000,1.42238,-0.01588,-2.63418,1.07930,1.57082,0.11674,-0.12760,-0.48152,0.03177,,,,,,,,,,,,,,,,,,,,,,,,,,0,0,0,0,0
36.4491,1783969888.2158,2,1,0.5000,-0.0000,1.42238,-0.01588,-2.63418,1.07930,1.57082,0.11674,-0.12760,-0.48152,0.03177,,,,,,,,,,,,,,,,,,,,,,,,,,0,0,0,0,0
36.4778,1783969888.2445,2,1,0.5000,-0.0000,1.42238,-0.01588,-2.63418,1.07930,1.57082,0.11674,-0.12760,-0.48152,0.03177,,,,,,,,,,,,,,,,,,,,,,,,,,0,0,0,0,0
36.4803,1783969888.2470,2,1,0.5000,-0.0000,1.42238,-0.01588,-2.63418,1.07930,1.57082,0.11674,-0.12760,-0.48152,0.03177,,,,,,,,,,,,,,,,,,,,,,,,,,0,0,0,0,0
36.4807,1783969888.2475,2,1,0.5000,-0.0000,1.42238,-0.01588,-2.63418,1.07930,1.57082,0.11674,-0.12760,-0.48152,0.03177,,,,,,,,,,,,,,,,,,,,,,,,,,0,0,0,0,0
36.4817,1783969888.2484,2,1,0.5000,-0.0000,1.42238,-0.01588,-2.63418,1.07930,1.57082,0.11674,-0.12760,-0.48152,0.03177,,,,,,,,,,,,,,,,,,,,,,,,,,0,0,0,0,0
36.4819,1783969888.2487,2,1,0.5000,-0.0000,1.42238,-0.01588,-2.63418,1.07930,1.57082,0.11674,-0.12760,-0.48152,0.03177,,,,,,,,,,,,,,,,,,,,,,,,,,0,0,0,0,0
36.4832,1783969888.2500,2,1,0.5000,-0.0000,1.42238,-0.01588,-2.63418,1.07930,1.57082,0.11674,-0.12760,-0.48152,0.03177,,,,,,,,,,,,,,,,,,,,,,,,,,0,0,0,0,0
36.4876,1783969888.2544,2,1,0.5000,-0.0000,1.42238,-0.01588,-2.63418,1.07930,1.57082,0.11674,-0.12760,-0.48152,0.03177,,,,,,,,,,,,,,,,,,,,,,,,,,0,0,0,0,0
36.4879,1783969888.2546,2,1,0.5000,-0.0000,1.42238,-0.01588,-2.63418,1.07930,1.57082,0.11674,-0.12760,-0.48152,0.03177,,,,,,,,,,,,,,,,,,,,,,,,,,0,0,0,0,0
36.4931,1783969888.2599,2,1,0.5000,-0.0000,1.42238,-0.01588,-2.63418,1.07930,1.57082,0.11674,-0.12760,-0.48152,0.03177,,,,,,,,,,,,,,,,,,,,,,,,,,0,0,0,0,0
36.4934,1783969888.2602,2,1,0.5000,-0.0000,1.42238,-0.01588,-2.63418,1.07930,1.57082,0.11674,-0.12760,-0.48152,0.03177,,,,,,,,,,,,,,,,,,,,,,,,,,0,0,0,0,0
36.5030,1783969888.2697,2,1,0.5000,-0.0000,1.42238,-0.01588,-2.63418,1.07930,1.57082,0.11674,-0.12760,-0.48152,0.03177,,,,,,,,,,,,,,,,,,,,,,,,,,0,0,0,0,0
36.5034,1783969888.2702,2,1,0.5000,-0.0000,1.42238,-0.01588,-2.63418,1.07930,1.57082,0.11674,-0.12760,-0.48152,0.03177,,,,,,,,,,,,,,,,,,,,,,,,,,0,0,0,0,0
36.5089,1783969888.2757,2,1,0.5000,-0.0000,1.42238,-0.01588,-2.63418,1.07930,1.57082,0.11674,-0.12760,-0.48152,0.03177,,,,,,,,,,,,,,,,,,,,,,,,,,0,0,0,0,0
36.5093,1783969888.2761,2,1,0.5000,-0.0000,1.42238,-0.01588,-2.63418,1.07930,1.57082,0.11674,-0.12760,-0.48152,0.03177,,,,,,,,,,,,,,,,,,,,,,,,,,0,0,0,0,0
36.5225,1783969888.2893,2,1,0.5000,-0.0000,1.42238,-0.01588,-2.63418,1.07930,1.57082,0.11674,-0.12760,-0.48152,0.03177,,,,,,,,,,,,,,,,,,,,,,,,,,0,0,0,0,0
36.5240,1783969888.2908,2,1,0.5000,-0.0000,1.42238,-0.01588,-2.63418,1.07930,1.57082,0.11674,-0.12760,-0.48152,0.03177,,,,,,,,,,,,,,,,,,,,,,,,,,0,0,0,0,0
36.5289,1783969888.2956,2,1,0.5000,-0.0000,1.42238,-0.01588,-2.63418,1.07930,1.57082,0.11674,-0.12760,-0.48152,0.03177,,,,,,,,,,,,,,,,,,,,,,,,,,0,0,0,0,0
36.5292,1783969888.2960,2,1,0.5000,-0.0000,1.42238,-0.01588,-2.63418,1.07930,1.57082,0.11674,-0.12760,-0.48152,0.03177,,,,,,,,,,,,,,,,,,,,,,,,,,0,0,0,0,0
36.5406,1783969888.3074,2,1,0.5000,-0.0000,1.42238,-0.01589,-2.63419,1.07931,1.57082,0.11674,-0.12760,-0.48151,0.03177,,,,,,,,,,,,,,,,,,,,,,,,,,0,0,0,0,0
36.5492,1783969888.3159,2,1,0.5000,-0.0000,1.42238,-0.01591,-2.63420,1.07934,1.57082,0.11674,-0.12760,-0.48151,0.03176,,,,,,,,,,,,,,,,,,,,,,,,,,0,0,0,0,0
36.5653,1783969888.3321,2,1,0.5000,-0.0000,1.42238,-0.01594,-2.63422,1.07936,1.57082,0.11674,-0.12761,-0.48150,0.03174,,,,,,,,,,,,,,,,,,,,,,,,,,0,0,0,0,0
36.5657,1783969888.3325,2,1,0.5000,-0.0000,1.42238,-0.01594,-2.63422,1.07936,1.57082,0.11674,-0.12761,-0.48150,0.03174,,,,,,,,,,,,,,,,,,,,,,,,,,0,0,0,0,0
36.5908,1783969888.3576,2,1,0.5000,-0.0000,1.42238,-0.01603,-2.63429,1.07947,1.57082,0.11674,-0.12761,-0.48146,0.03169,,,,,,,,,,,,,,,,,,,,,,,,,,0,0,0,0,0
36.5912,1783969888.3580,2,1,0.5000,-0.0000,1.42238,-0.01603,-2.63429,1.07947,1.57082,0.11674,-0.12761,-0.48146,0.03169,,,,,,,,,,,,,,,,,,,,,,,,,,0,0,0,0,0
36.5990,1783969888.3657,2,1,0.5000,-0.0000,1.42238,-0.01606,-2.63430,1.07950,1.57082,0.11674,-0.12761,-0.48146,0.03168,,,,,,,,,,,,,,,,,,,,,,,,,,0,0,0,0,0
36.5993,1783969888.3661,2,1,0.5000,-0.0000,1.42238,-0.01606,-2.63430,1.07950,1.57082,0.11674,-0.12761,-0.48146,0.03168,,,,,,,,,,,,,,,,,,,,,,,,,,0,0,0,0,0
36.6051,1783969888.3719,2,1,0.5000,-0.0000,1.42238,-0.01610,-2.63431,1.07956,1.57082,0.11674,-0.12761,-0.48145,0.03166,,,,,,,,,,,,,,,,,,,,,,,,,,0,0,0,0,0
36.6180,1783969888.3848,2,1,0.5000,-0.0000,1.42238,-0.01614,-2.63432,1.07960,1.57082,0.11674,-0.12761,-0.48145,0.03165,,,,,,,,,,,,,,,,,,,,,,,,,,0,0,0,0,0
36.6320,1783969888.3988,2,1,0.5000,-0.0000,1.42238,-0.01621,-2.63434,1.07969,1.57082,0.11674,-0.12761,-0.48145,0.03162,,,,,,,,,,,,,,,,,,,,,,,,,,0,0,0,0,0
36.6421,1783969888.4089,2,1,0.5000,-0.0000,1.42238,-0.01635,-2.63437,1.07985,1.57082,0.11674,-0.12761,-0.48145,0.03157,,,,,,,,,,,,,,,,,,,,,,,,,,0,0,0,0,0
36.6482,1783969888.4150,2,1,0.5000,-0.0000,1.42238,-0.01635,-2.63437,1.07985,1.57082,0.11674,-0.12761,-0.48145,0.03157,,,,,,,,,,,,,,,,,,,,,,,,,,0,0,0,0,0
36.6522,1783969888.4190,2,1,0.5000,-0.0000,1.42238,-0.01636,-2.63437,1.07986,1.57082,0.11674,-0.12761,-0.48145,0.03157,,,,,,,,,,,,,,,,,,,,,,,,,,0,0,0,0,0
36.6532,1783969888.4200,2,1,0.5000,-0.0000,1.42238,-0.01638,-2.63437,1.07988,1.57082,0.11674,-0.12761,-0.48145,0.03157,,,,,,,,,,,,,,,,,,,,,,,,,,0,0,0,0,0
36.6534,1783969888.4202,2,1,0.5000,-0.0000,1.42238,-0.01638,-2.63437,1.07988,1.57082,0.11674,-0.12761,-0.48145,0.03157,,,,,,,,,,,,,,,,,,,,,,,,,,0,0,0,0,0
36.6539,1783969888.4207,2,1,0.5000,-0.0000,1.42238,-0.01638,-2.63437,1.07988,1.57082,0.11674,-0.12761,-0.48145,0.03157,,,,,,,,,,,,,,,,,,,,,,,,,,0,0,0,0,0
36.6692,1783969888.4360,2,1,0.5000,-0.0000,1.42238,-0.01653,-2.63440,1.08006,1.57082,0.11674,-0.12761,-0.48145,0.03152,,,,,,,,,,,,,,,,,,,,,,,,,,0,0,0,0,0
36.6784,1783969888.4452,2,1,0.5000,-0.0000,1.42238,-0.01658,-2.63440,1.08012,1.57082,0.11674,-0.12761,-0.48146,0.03150,,,,,,,,,,,,,,,,,,,,,,,,,,0,0,0,0,0
36.6810,1783969888.4477,2,1,0.5000,-0.0000,1.42238,-0.01658,-2.63440,1.08013,1.57082,0.11674,-0.12761,-0.48146,0.03150,,,,,,,,,,,,,,,,,,,,,,,,,,0,0,0,0,0
36.6813,1783969888.4481,2,1,0.5000,-0.0000,1.42238,-0.01658,-2.63440,1.08013,1.57082,0.11674,-0.12761,-0.48146,0.03150,,,,,,,,,,,,,,,,,,,,,,,,,,0,0,0,0,0
36.6830,1783969888.4497,2,1,0.5000,-0.0000,1.42238,-0.01658,-2.63440,1.08013,1.57082,0.11674,-0.12761,-0.48146,0.03150,,,,,,,,,,,,,,,,,,,,,,,,,,0,0,0,0,0
36.6833,1783969888.4501,2,1,0.5000,-0.0000,1.42238,-0.01658,-2.63440,1.08013,1.57082,0.11674,-0.12761,-0.48146,0.03150,,,,,,,,,,,,,,,,,,,,,,,,,,0,0,0,0,0
36.6892,1783969888.4560,2,1,0.5000,-0.0000,1.42238,-0.01662,-2.63441,1.08017,1.57082,0.11674,-0.12761,-0.48146,0.03149,,,,,,,,,,,,,,,,,,,,,,,,,,0,0,0,0,0
36.7033,1783969888.4701,2,1,0.5000,-0.0000,1.42238,-0.01673,-2.63442,1.08030,1.57082,0.11674,-0.12761,-0.48147,0.03146,,,,,,,,,,,,,,,,,,,,,,,,,,0,0,0,0,0
36.7050,1783969888.4717,2,1,0.5000,-0.0000,1.42238,-0.01677,-2.63443,1.08035,1.57082,0.11674,-0.12761,-0.48147,0.03145,,,,,,,,,,,,,,,,,,,,,,,,,,0,0,0,0,0
36.7091,1783969888.4759,2,1,0.5000,-0.0000,1.42238,-0.01681,-2.63443,1.08040,1.57082,0.11674,-0.12761,-0.48147,0.03143,,,,,,,,,,,,,,,,,,,,,,,,,,0,0,0,0,0
36.7096,1783969888.4763,2,1,0.5000,-0.0000,1.42238,-0.01681,-2.63443,1.08040,1.57082,0.11674,-0.12761,-0.48147,0.03143,,,,,,,,,,,,,,,,,,,,,,,,,,0,0,0,0,0
36.7099,1783969888.4767,2,1,0.5000,-0.0000,1.42238,-0.01681,-2.63443,1.08040,1.57082,0.11674,-0.12761,-0.48147,0.03143,,,,,,,,,,,,,,,,,,,,,,,,,,0,0,0,0,0
36.7255,1783969888.4922,2,1,0.5000,-0.0000,1.42238,-0.01699,-2.63444,1.08062,1.57082,0.11674,-0.12760,-0.48149,0.03139,,,,,,,,,,,,,,,,,,,,,,,,,,0,0,0,0,0
36.7323,1783969888.4991,2,1,0.5000,-0.0000,1.42238,-0.01702,-2.63445,1.08066,1.57082,0.11674,-0.12760,-0.48149,0.03138,,,,,,,,,,,,,,,,,,,,,,,,,,0,0,0,0,0
36.7401,1783969888.5069,2,1,0.5000,-0.0000,1.42238,-0.01708,-2.63445,1.08073,1.57082,0.11674,-0.12760,-0.48150,0.03137,,,,,,,,,,,,,,,,,,,,,,,,,,0,0,0,0,0
36.7405,1783969888.5073,2,1,0.5000,-0.0000,1.42238,-0.01708,-2.63445,1.08073,1.57082,0.11674,-0.12760,-0.48150,0.03137,,,,,,,,,,,,,,,,,,,,,,,,,,0,0,0,0,0
36.7484,1783969888.5152,2,1,0.5000,-0.0000,1.42238,-0.01708,-2.63445,1.08073,1.57082,0.11674,-0.12760,-0.48150,0.03137,,,,,,,,,,,,,,,,,,,,,,,,,,0,0,0,0,0
36.7491,1783969888.5159,2,1,0.5000,-0.0000,1.42238,-0.01708,-2.63445,1.08073,1.57082,0.11674,-0.12760,-0.48150,0.03137,,,,,,,,,,,,,,,,,,,,,,,,,,0,0,0,0,0
36.7709,1783969888.5377,2,1,0.5000,-0.0000,1.42238,-0.01708,-2.63445,1.08073,1.57082,0.11674,-0.12760,-0.48150,0.03137,,,,,,,,,,,,,,,,,,,,,,,,,,0,0,0,0,0
36.7781,1783969888.5448,2,1,0.5000,-0.0000,1.42238,-0.01708,-2.63445,1.08073,1.57082,0.11674,-0.12760,-0.48150,0.03137,,,,,,,,,,,,,,,,,,,,,,,,,,0,0,0,0,0
36.7803,1783969888.5470,2,1,0.5000,-0.0000,1.42238,-0.01708,-2.63445,1.08073,1.57082,0.11674,-0.12760,-0.48150,0.03137,,,,,,,,,,,,,,,,,,,,,,,,,,0,0,0,0,0
36.8056,1783969888.5723,2,1,0.5000,-0.0000,1.42238,-0.01708,-2.63445,1.08073,1.57082,0.11674,-0.12760,-0.48150,0.03137,,,,,,,,,,,,,,,,,,,,,,,,,,0,0,0,0,0
36.8082,1783969888.5749,2,1,0.5000,-0.0000,1.42238,-0.01708,-2.63445,1.08073,1.57082,0.11674,-0.12760,-0.48150,0.03137,,,,,,,,,,,,,,,,,,,,,,,,,,0,0,0,0,0
36.8089,1783969888.5757,2,1,0.5000,-0.0000,1.42238,-0.01708,-2.63445,1.08073,1.57082,0.11674,-0.12760,-0.48150,0.03137,,,,,,,,,,,,,,,,,,,,,,,,,,0,0,0,0,0
36.8103,1783969888.5771,2,1,0.5000,-0.0000,1.42238,-0.01708,-2.63445,1.08073,1.57082,0.11674,-0.12760,-0.48150,0.03137,,,,,,,,,,,,,,,,,,,,,,,,,,0,0,0,0,0
36.8267,1783969888.5934,2,1,0.5000,-0.0000,1.42238,-0.01708,-2.63445,1.08073,1.57082,0.11674,-0.12760,-0.48150,0.03137,,,,,,,,,,,,,,,,,,,,,,,,,,0,0,0,0,0
36.8281,1783969888.5949,2,1,0.5000,-0.0000,1.42238,-0.01708,-2.63445,1.08073,1.57082,0.11674,-0.12760,-0.48150,0.03137,,,,,,,,,,,,,,,,,,,,,,,,,,0,0,0,0,0
36.8289,1783969888.5957,2,1,0.5000,-0.0000,1.42238,-0.01708,-2.63445,1.08073,1.57082,0.11674,-0.12760,-0.48150,0.03137,,,,,,,,,,,,,,,,,,,,,,,,,,0,0,0,0,0
36.8418,1783969888.6085,2,1,0.5000,-0.0000,1.42238,-0.01708,-2.63445,1.08073,1.57082,0.11674,-0.12760,-0.48150,0.03137,,,,,,,,,,,,,,,,,,,,,,,,,,0,0,0,0,0
36.8483,1783969888.6151,2,1,0.5000,-0.0000,1.42238,-0.01708,-2.63445,1.08073,1.57082,0.11674,-0.12760,-0.48150,0.03137,,,,,,,,,,,,,,,,,,,,,,,,,,0,0,0,0,0
36.8567,1783969888.6235,2,1,0.5000,-0.0000,1.42238,-0.01708,-2.63445,1.08073,1.57082,0.11674,-0.12760,-0.48150,0.03137,,,,,,,,,,,,,,,,,,,,,,,,,,0,0,0,0,0
36.8569,1783969888.6237,2,1,0.5000,-0.0000,1.42238,-0.01708,-2.63445,1.08073,1.57082,0.11674,-0.12760,-0.48150,0.03137,,,,,,,,,,,,,,,,,,,,,,,,,,0,0,0,0,0
36.8729,1783969888.6397,2,1,0.5000,-0.0000,1.42238,-0.01708,-2.63445,1.08073,1.57082,0.11674,-0.12760,-0.48150,0.03137,,,,,,,,,,,,,,,,,,,,,,,,,,0,0,0,0,0
36.8810,1783969888.6478,2,1,0.5000,-0.0000,1.42238,-0.01708,-2.63445,1.08073,1.57082,0.11674,-0.12760,-0.48150,0.03137,,,,,,,,,,,,,,,,,,,,,,,,,,0,0,0,0,0
36.8979,1783969888.6647,2,1,0.5000,-0.0000,1.42238,-0.01708,-2.63445,1.08073,1.57082,0.11674,-0.12760,-0.48150,0.03137,,,,,,,,,,,,,,,,,,,,,,,,,,0,0,0,0,0
36.9137,1783969888.6805,2,1,0.5000,-0.0000,1.42238,-0.01708,-2.63445,1.08073,1.57082,0.11674,-0.12760,-0.48150,0.03137,,,,,,,,,,,,,,,,,,,,,,,,,,0,0,0,0,0
36.9599,1783969888.7267,2,1,0.5000,-0.0000,1.42238,-0.01708,-2.63445,1.08073,1.57082,0.11674,-0.12760,-0.48150,0.03136,,,,,,,,,,,,,,,,,,,,,,,,,,0,0,0,0,0
36.9710,1783969888.7378,2,1,0.5000,-0.0000,1.42238,-0.01710,-2.63446,1.08076,1.57082,0.11674,-0.12760,-0.48150,0.03136,,,,,,,,,,,,,,,,,,,,,,,,,,0,0,0,0,0
36.9829,1783969888.7496,2,1,0.5000,-0.0000,1.42238,-0.01711,-2.63447,1.08078,1.57082,0.11674,-0.12760,-0.48150,0.03135,,,,,,,,,,,,,,,,,,,,,,,,,,0,0,0,0,0
36.9996,1783969888.7664,2,1,0.5000,-0.0000,1.42238,-0.01718,-2.63452,1.08086,1.57082,0.11674,-0.12761,-0.48147,0.03131,,,,,,,,,,,,,,,,,,,,,,,,,,0,0,0,0,0
37.0089,1783969888.7757,2,1,0.5000,-0.0000,1.42238,-0.01721,-2.63454,1.08090,1.57082,0.11674,-0.12761,-0.48146,0.03129,,,,,,,,,,,,,,,,,,,,,,,,,,0,0,0,0,0
37.0119,1783969888.7787,2,1,0.5000,-0.0000,1.42238,-0.01721,-2.63454,1.08090,1.57082,0.11674,-0.12761,-0.48146,0.03129,,,,,,,,,,,,,,,,,,,,,,,,,,0,0,0,0,0
37.0123,1783969888.7791,2,1,0.5000,-0.0000,1.42238,-0.01721,-2.63454,1.08090,1.57082,0.11674,-0.12761,-0.48146,0.03129,,,,,,,,,,,,,,,,,,,,,,,,,,0,0,0,0,0
37.0195,1783969888.7862,2,1,0.5000,-0.0000,1.42238,-0.01724,-2.63455,1.08093,1.57082,0.11674,-0.12761,-0.48145,0.03128,,,,,,,,,,,,,,,,,,,,,,,,,,0,0,0,0,0
37.0334,1783969888.8002,2,1,0.5000,-0.0000,1.42238,-0.01734,-2.63459,1.08106,1.57082,0.11674,-0.12761,-0.48144,0.03124,,,,,,,,,,,,,,,,,,,,,,,,,,0,0,0,0,0
37.0450,1783969888.8118,2,1,0.5000,-0.0000,1.42238,-0.01736,-2.63459,1.08108,1.57082,0.11674,-0.12761,-0.48144,0.03123,,,,,,,,,,,,,,,,,,,,,,,,,,0,0,0,0,0
37.0535,1783969888.8203,2,1,0.5000,-0.0000,1.42238,-0.01742,-2.63460,1.08115,1.57082,0.11674,-0.12761,-0.48144,0.03121,,,,,,,,,,,,,,,,,,,,,,,,,,0,0,0,0,0
37.0596,1783969888.8264,2,1,0.5000,-0.0000,1.42238,-0.01746,-2.63461,1.08119,1.57082,0.11674,-0.12761,-0.48144,0.03120,,,,,,,,,,,,,,,,,,,,,,,,,,0,0,0,0,0
37.0738,1783969888.8406,2,1,0.5000,-0.0000,1.42238,-0.01752,-2.63462,1.08126,1.57082,0.11674,-0.12761,-0.48145,0.03118,,,,,,,,,,,,,,,,,,,,,,,,,,0,0,0,0,0
37.0748,1783969888.8416,2,1,0.5000,-0.0000,1.42238,-0.01752,-2.63462,1.08126,1.57082,0.11674,-0.12761,-0.48145,0.03118,,,,,,,,,,,,,,,,,,,,,,,,,,0,0,0,0,0
37.0848,1783969888.8515,2,1,0.5000,-0.0000,1.42238,-0.01767,-2.63464,1.08144,1.57082,0.11674,-0.12761,-0.48145,0.03114,,,,,,,,,,,,,,,,,,,,,,,,,,0,0,0,0,0
37.0849,1783969888.8517,2,1,0.5000,-0.0000,1.42238,-0.01767,-2.63464,1.08144,1.57082,0.11674,-0.12761,-0.48145,0.03114,,,,,,,,,,,,,,,,,,,,,,,,,,0,0,0,0,0
37.0889,1783969888.8556,2,1,0.5000,-0.0000,1.42238,-0.01773,-2.63465,1.08151,1.57082,0.11674,-0.12761,-0.48145,0.03112,,,,,,,,,,,,,,,,,,,,,,,,,,0,0,0,0,0
37.0937,1783969888.8605,2,1,0.5000,-0.0000,1.42238,-0.01779,-2.63466,1.08159,1.57082,0.11674,-0.12761,-0.48146,0.03110,,,,,,,,,,,,,,,,,,,,,,,,,,0,0,0,0,0
37.0940,1783969888.8608,2,1,0.5000,-0.0000,1.42238,-0.01779,-2.63466,1.08159,1.57082,0.11674,-0.12761,-0.48146,0.03110,,,,,,,,,,,,,,,,,,,,,,,,,,0,0,0,0,0
37.0962,1783969888.8630,2,1,0.5000,-0.0000,1.42238,-0.01779,-2.63466,1.08159,1.57082,0.11674,-0.12761,-0.48146,0.03110,,,,,,,,,,,,,,,,,,,,,,,,,,0,0,0,0,0
37.0967,1783969888.8635,2,1,0.5000,-0.0000,1.42238,-0.01779,-2.63466,1.08159,1.57082,0.11674,-0.12761,-0.48146,0.03110,,,,,,,,,,,,,,,,,,,,,,,,,,0,0,0,0,0
37.1065,1783969888.8733,2,1,0.5000,-0.0000,1.42238,-0.01781,-2.63466,1.08161,1.57082,0.11674,-0.12761,-0.48146,0.03109,,,,,,,,,,,,,,,,,,,,,,,,,,0,0,0,0,0
37.1305,1783969888.8973,2,1,0.5000,-0.0000,1.42238,-0.01797,-2.63468,1.08180,1.57082,0.11674,-0.12761,-0.48147,0.03105,,,,,,,,,,,,,,,,,,,,,,,,,,0,0,0,0,0
37.1342,1783969888.9010,2,1,0.5000,-0.0000,1.42238,-0.01797,-2.63468,1.08181,1.57082,0.11674,-0.12760,-0.48147,0.03104,,,,,,,,,,,,,,,,,,,,,,,,,,0,0,0,0,0
37.1389,1783969888.9057,2,1,0.5000,-0.0000,1.42238,-0.01798,-2.63468,1.08182,1.57082,0.11674,-0.12760,-0.48147,0.03104,,,,,,,,,,,,,,,,,,,,,,,,,,0,0,0,0,0
37.1392,1783969888.9059,2,1,0.5000,-0.0000,1.42238,-0.01798,-2.63468,1.08182,1.57082,0.11674,-0.12760,-0.48147,0.03104,,,,,,,,,,,,,,,,,,,,,,,,,,0,0,0,0,0
37.1560,1783969888.9228,2,1,0.5000,-0.0000,1.42238,-0.01808,-2.63467,1.08194,1.57082,0.11674,-0.12760,-0.48149,0.03102,,,,,,,,,,,,,,,,,,,,,,,,,,0,0,0,0,0
37.1610,1783969888.9277,2,1,0.5000,-0.0000,1.42238,-0.01814,-2.63467,1.08202,1.57082,0.11674,-0.12760,-0.48151,0.03101,,,,,,,,,,,,,,,,,,,,,,,,,,0,0,0,0,0
37.1675,1783969888.9343,2,1,0.5000,-0.0000,1.42238,-0.01817,-2.63466,1.08206,1.57082,0.11674,-0.12760,-0.48152,0.03101,,,,,,,,,,,,,,,,,,,,,,,,,,0,0,0,0,0
37.1790,1783969888.9458,2,1,0.5000,-0.0000,1.42238,-0.01825,-2.63464,1.08216,1.57082,0.11674,-0.12759,-0.48155,0.03100,,,,,,,,,,,,,,,,,,,,,,,,,,0,0,0,0,0
37.1922,1783969888.9590,2,1,0.5000,-0.0000,1.42238,-0.01829,-2.63460,1.08221,1.57082,0.11674,-0.12759,-0.48158,0.03101,,,,,,,,,,,,,,,,,,,,,,,,,,0,0,0,0,0
37.1974,1783969888.9642,2,1,0.5000,-0.0000,1.42238,-0.01829,-2.63460,1.08221,1.57082,0.11674,-0.12759,-0.48158,0.03101,,,,,,,,,,,,,,,,,,,,,,,,,,0,0,0,0,0
37.2092,1783969888.9760,2,1,0.5000,-0.0000,1.42238,-0.01829,-2.63460,1.08221,1.57082,0.11674,-0.12759,-0.48158,0.03101,,,,,,,,,,,,,,,,,,,,,,,,,,0,0,0,0,0
37.2178,1783969888.9846,2,1,0.5000,-0.0000,1.42238,-0.01829,-2.63460,1.08221,1.57082,0.11674,-0.12759,-0.48158,0.03101,,,,,,,,,,,,,,,,,,,,,,,,,,0,0,0,0,0
37.2291,1783969888.9959,2,1,0.5000,-0.0000,1.42238,-0.01829,-2.63460,1.08221,1.57082,0.11674,-0.12759,-0.48158,0.03101,,,,,,,,,,,,,,,,,,,,,,,,,,0,0,0,0,0
37.2393,1783969889.0060,2,1,0.5000,-0.0000,1.42238,-0.01829,-2.63460,1.08221,1.57082,0.11674,-0.12759,-0.48158,0.03101,,,,,,,,,,,,,,,,,,,,,,,,,,0,0,0,0,0
37.2513,1783969889.0181,2,1,0.5000,-0.0000,1.42238,-0.01829,-2.63460,1.08221,1.57082,0.11674,-0.12759,-0.48158,0.03101,,,,,,,,,,,,,,,,,,,,,,,,,,0,0,0,0,0
37.2596,1783969889.0264,2,1,0.5000,-0.0000,1.42238,-0.01829,-2.63460,1.08221,1.57082,0.11674,-0.12759,-0.48158,0.03101,,,,,,,,,,,,,,,,,,,,,,,,,,0,0,0,0,0
37.2702,1783969889.0370,2,1,0.5000,-0.0000,1.42238,-0.01829,-2.63460,1.08221,1.57082,0.11674,-0.12759,-0.48158,0.03101,,,,,,,,,,,,,,,,,,,,,,,,,,0,0,0,0,0
37.2793,1783969889.0460,2,1,0.5000,-0.0000,1.42238,-0.01829,-2.63460,1.08221,1.57082,0.11674,-0.12759,-0.48158,0.03101,,,,,,,,,,,,,,,,,,,,,,,,,,0,0,0,0,0
37.2934,1783969889.0602,2,1,0.5000,-0.0000,1.42238,-0.01829,-2.63460,1.08221,1.57082,0.11674,-0.12759,-0.48158,0.03101,,,,,,,,,,,,,,,,,,,,,,,,,,0,0,0,0,0
37.2976,1783969889.0643,2,1,0.5000,-0.0000,1.42238,-0.01829,-2.63460,1.08221,1.57082,0.11674,-0.12759,-0.48158,0.03101,,,,,,,,,,,,,,,,,,,,,,,,,,0,0,0,0,0
37.3095,1783969889.0763,2,1,0.5000,-0.0000,1.42238,-0.01829,-2.63460,1.08221,1.57082,0.11674,-0.12759,-0.48158,0.03101,,,,,,,,,,,,,,,,,,,,,,,,,,0,0,0,0,0
37.3100,1783969889.0767,2,1,0.5000,-0.0000,1.42238,-0.01829,-2.63460,1.08221,1.57082,0.11674,-0.12759,-0.48158,0.03101,,,,,,,,,,,,,,,,,,,,,,,,,,0,0,0,0,0
37.3191,1783969889.0859,2,1,0.5000,-0.0000,1.42238,-0.01829,-2.63460,1.08221,1.57082,0.11674,-0.12759,-0.48158,0.03101,,,,,,,,,,,,,,,,,,,,,,,,,,0,0,0,0,0
37.4200,1783969889.1868,2,1,0.5000,-0.0000,1.42238,-0.01837,-2.63473,1.08232,1.57082,0.11673,-0.12760,-0.48150,0.03093,,,,,,,,,,,,,,,,,,,,,,,,,,0,0,0,0,0
37.4230,1783969889.1897,2,1,0.5000,-0.0000,1.42238,-0.01839,-2.63475,1.08234,1.57082,0.11673,-0.12760,-0.48149,0.03092,,,,,,,,,,,,,,,,,,,,,,,,,,0,0,0,0,0
37.4243,1783969889.1911,2,1,0.5000,-0.0000,1.42238,-0.01839,-2.63475,1.08234,1.57082,0.11673,-0.12760,-0.48149,0.03092,,,,,,,,,,,,,,,,,,,,,,,,,,0,0,0,0,0
37.4250,1783969889.1918,2,1,0.5000,-0.0000,1.42238,-0.01839,-2.63475,1.08234,1.57082,0.11673,-0.12760,-0.48149,0.03092,,,,,,,,,,,,,,,,,,,,,,,,,,0,0,0,0,0
37.4296,1783969889.1964,2,1,0.5000,-0.0000,1.42238,-0.01839,-2.63475,1.08234,1.57082,0.11673,-0.12760,-0.48149,0.03092,,,,,,,,,,,,,,,,,,,,,,,,,,0,0,0,0,0
37.4300,1783969889.1968,2,1,0.5000,-0.0000,1.42238,-0.01839,-2.63475,1.08234,1.57082,0.11673,-0.12760,-0.48149,0.03092,,,,,,,,,,,,,,,,,,,,,,,,,,0,0,0,0,0
37.4322,1783969889.1990,2,1,0.5000,-0.0000,1.42238,-0.01839,-2.63475,1.08234,1.57082,0.11673,-0.12760,-0.48149,0.03092,,,,,,,,,,,,,,,,,,,,,,,,,,0,0,0,0,0
37.4379,1783969889.2047,2,1,0.5000,-0.0000,1.42238,-0.01842,-2.63477,1.08237,1.57082,0.11673,-0.12760,-0.48148,0.03091,,,,,,,,,,,,,,,,,,,,,,,,,,0,0,0,0,0
37.4381,1783969889.2049,2,1,0.5000,-0.0000,1.42238,-0.01842,-2.63477,1.08237,1.57082,0.11673,-0.12760,-0.48148,0.03091,,,,,,,,,,,,,,,,,,,,,,,,,,0,0,0,0,0
37.4413,1783969889.2081,2,1,0.5000,-0.0000,1.42238,-0.01843,-2.63478,1.08239,1.57082,0.11673,-0.12760,-0.48148,0.03090,,,,,,,,,,,,,,,,,,,,,,,,,,0,0,0,0,0
37.4434,1783969889.2101,2,1,0.5000,-0.0000,1.42238,-0.01843,-2.63478,1.08239,1.57082,0.11673,-0.12760,-0.48148,0.03090,,,,,,,,,,,,,,,,,,,,,,,,,,0,0,0,0,0
37.4438,1783969889.2106,2,1,0.5000,-0.0000,1.42238,-0.01843,-2.63478,1.08239,1.57082,0.11673,-0.12760,-0.48148,0.03090,,,,,,,,,,,,,,,,,,,,,,,,,,0,0,0,0,0
37.4525,1783969889.2193,2,1,0.5000,-0.0000,1.42238,-0.01848,-2.63480,1.08244,1.57082,0.11673,-0.12760,-0.48146,0.03087,,,,,,,,,,,,,,,,,,,,,,,,,,0,0,0,0,0
37.4551,1783969889.2219,2,1,0.5000,-0.0000,1.42238,-0.01851,-2.63482,1.08247,1.57082,0.11673,-0.12761,-0.48145,0.03086,,,,,,,,,,,,,,,,,,,,,,,,,,0,0,0,0,0
37.4556,1783969889.2224,2,1,0.5000,-0.0000,1.42238,-0.01851,-2.63482,1.08247,1.57082,0.11673,-0.12761,-0.48145,0.03086,,,,,,,,,,,,,,,,,,,,,,,,,,0,0,0,0,0
37.4994,1783969889.2662,2,1,0.5000,-0.0000,1.42237,-0.01871,-2.63487,1.08272,1.57082,0.11673,-0.12761,-0.48145,0.03079,,,,,,,,,,,,,,,,,,,,,,,,,,0,0,0,0,0
37.5071,1783969889.2739,2,1,0.5000,-0.0000,1.42237,-0.01878,-2.63488,1.08280,1.57082,0.11673,-0.12761,-0.48145,0.03077,,,,,,,,,,,,,,,,,,,,,,,,,,0,0,0,0,0
37.5116,1783969889.2783,2,1,0.5000,-0.0000,1.42237,-0.01882,-2.63489,1.08285,1.57082,0.11673,-0.12761,-0.48145,0.03075,,,,,,,,,,,,,,,,,,,,,,,,,,0,0,0,0,0
37.5118,1783969889.2786,2,1,0.5000,-0.0000,1.42237,-0.01882,-2.63489,1.08285,1.57082,0.11673,-0.12761,-0.48145,0.03075,,,,,,,,,,,,,,,,,,,,,,,,,,0,0,0,0,0
37.5132,1783969889.2800,2,1,0.5000,-0.0000,1.42237,-0.01887,-2.63489,1.08291,1.57082,0.11673,-0.12761,-0.48145,0.03074,,,,,,,,,,,,,,,,,,,,,,,,,,0,0,0,0,0
37.5135,1783969889.2802,2,1,0.5000,-0.0000,1.42237,-0.01887,-2.63489,1.08291,1.57082,0.11673,-0.12761,-0.48145,0.03074,,,,,,,,,,,,,,,,,,,,,,,,,,0,0,0,0,0
37.5162,1783969889.2830,2,1,0.5000,-0.0000,1.42237,-0.01887,-2.63489,1.08291,1.57082,0.11673,-0.12761,-0.48145,0.03074,,,,,,,,,,,,,,,,,,,,,,,,,,0,0,0,0,0
37.5167,1783969889.2835,2,1,0.5000,-0.0000,1.42237,-0.01892,-2.63490,1.08297,1.57082,0.11673,-0.12761,-0.48146,0.03072,,,,,,,,,,,,,,,,,,,,,,,,,,0,0,0,0,0
37.5228,1783969889.2896,2,1,0.5000,-0.0000,1.42237,-0.01892,-2.63490,1.08297,1.57082,0.11673,-0.12761,-0.48146,0.03072,,,,,,,,,,,,,,,,,,,,,,,,,,0,0,0,0,0
37.5232,1783969889.2899,2,1,0.5000,-0.0000,1.42237,-0.01892,-2.63490,1.08297,1.57082,0.11673,-0.12761,-0.48146,0.03072,,,,,,,,,,,,,,,,,,,,,,,,,,0,0,0,0,0
37.5293,1783969889.2961,2,1,0.5000,-0.0000,1.42237,-0.01895,-2.63491,1.08300,1.57082,0.11673,-0.12760,-0.48146,0.03071,,,,,,,,,,,,,,,,,,,,,,,,,,0,0,0,0,0
37.5334,1783969889.3002,2,1,0.5000,-0.0000,1.42237,-0.01897,-2.63491,1.08303,1.57082,0.11673,-0.12760,-0.48146,0.03071,,,,,,,,,,,,,,,,,,,,,,,,,,0,0,0,0,0
37.5339,1783969889.3007,2,1,0.5000,-0.0000,1.42237,-0.01897,-2.63491,1.08303,1.57082,0.11673,-0.12760,-0.48146,0.03071,,,,,,,,,,,,,,,,,,,,,,,,,,0,0,0,0,0
37.5420,1783969889.3088,2,1,0.5000,-0.0000,1.42237,-0.01904,-2.63492,1.08311,1.57082,0.11673,-0.12760,-0.48146,0.03068,,,,,,,,,,,,,,,,,,,,,,,,,,0,0,0,0,0
37.5436,1783969889.3104,2,1,0.5000,-0.0000,1.42237,-0.01904,-2.63492,1.08311,1.57082,0.11673,-0.12760,-0.48146,0.03068,,,,,,,,,,,,,,,,,,,,,,,,,,0,0,0,0,0
37.5450,1783969889.3118,2,1,0.5000,-0.0000,1.42237,-0.01908,-2.63492,1.08317,1.57082,0.11673,-0.12760,-0.48146,0.03067,,,,,,,,,,,,,,,,,,,,,,,,,,0,0,0,0,0
37.5494,1783969889.3162,2,1,0.5000,-0.0000,1.42237,-0.01913,-2.63493,1.08322,1.57083,0.11673,-0.12760,-0.48147,0.03066,,,,,,,,,,,,,,,,,,,,,,,,,,0,0,0,0,0
37.5629,1783969889.3297,2,1,0.5000,-0.0000,1.42237,-0.01928,-2.63495,1.08341,1.57083,0.11673,-0.12760,-0.48148,0.03061,,,,,,,,,,,,,,,,,,,,,,,,,,0,0,0,0,0
37.5689,1783969889.3357,2,1,0.5000,-0.0000,1.42237,-0.01937,-2.63496,1.08352,1.57083,0.11673,-0.12760,-0.48149,0.03059,,,,,,,,,,,,,,,,,,,,,,,,,,0,0,0,0,0
37.5839,1783969889.3507,2,1,0.5000,-0.0000,1.42237,-0.01946,-2.63497,1.08364,1.57083,0.11673,-0.12760,-0.48150,0.03057,,,,,,,,,,,,,,,,,,,,,,,,,,0,0,0,0,0
37.5890,1783969889.3558,2,1,0.5000,-0.0000,1.42237,-0.01946,-2.63497,1.08364,1.57083,0.11673,-0.12760,-0.48150,0.03057,,,,,,,,,,,,,,,,,,,,,,,,,,0,0,0,0,0
37.5892,1783969889.3560,2,1,0.5000,-0.0000,1.42237,-0.01946,-2.63497,1.08364,1.57083,0.11673,-0.12760,-0.48150,0.03057,,,,,,,,,,,,,,,,,,,,,,,,,,0,0,0,0,0
37.5976,1783969889.3644,2,1,0.5000,-0.0000,1.42237,-0.01946,-2.63497,1.08364,1.57083,0.11673,-0.12760,-0.48150,0.03057,,,,,,,,,,,,,,,,,,,,,,,,,,0,0,0,0,0
37.6089,1783969889.3757,2,1,0.5000,-0.0000,1.42237,-0.01946,-2.63497,1.08364,1.57083,0.11673,-0.12760,-0.48150,0.03057,,,,,,,,,,,,,,,,,,,,,,,,,,0,0,0,0,0
37.6179,1783969889.3847,2,1,0.5000,-0.0000,1.42237,-0.01946,-2.63497,1.08364,1.57083,0.11673,-0.12760,-0.48150,0.03057,,,,,,,,,,,,,,,,,,,,,,,,,,0,0,0,0,0
37.6291,1783969889.3959,2,1,0.5000,-0.0000,1.42237,-0.01946,-2.63497,1.08364,1.57083,0.11673,-0.12760,-0.48150,0.03057,,,,,,,,,,,,,,,,,,,,,,,,,,0,0,0,0,0
37.6295,1783969889.3963,2,1,0.5000,-0.0000,1.42237,-0.01946,-2.63497,1.08364,1.57083,0.11673,-0.12760,-0.48150,0.03057,,,,,,,,,,,,,,,,,,,,,,,,,,0,0,0,0,0
37.6442,1783969889.4109,2,1,0.5000,-0.0000,1.42237,-0.01946,-2.63497,1.08364,1.57083,0.11673,-0.12760,-0.48150,0.03057,,,,,,,,,,,,,,,,,,,,,,,,,,0,0,0,0,0
37.6466,1783969889.4134,2,1,0.5000,-0.0000,1.42237,-0.01946,-2.63497,1.08364,1.57083,0.11673,-0.12760,-0.48150,0.03057,,,,,,,,,,,,,,,,,,,,,,,,,,0,0,0,0,0
37.7037,1783969889.4705,2,1,0.5000,-0.0000,1.42237,-0.01946,-2.63497,1.08364,1.57083,0.11673,-0.12760,-0.48150,0.03057,,,,,,,,,,,,,,,,,,,,,,,,,,0,0,0,0,0
37.7077,1783969889.4745,2,1,0.5000,-0.0000,1.42237,-0.01946,-2.63497,1.08364,1.57083,0.11673,-0.12760,-0.48150,0.03057,,,,,,,,,,,,,,,,,,,,,,,,,,0,0,0,0,0
37.7081,1783969889.4748,2,1,0.5000,-0.0000,1.42237,-0.01946,-2.63497,1.08364,1.57083,0.11673,-0.12760,-0.48150,0.03057,,,,,,,,,,,,,,,,,,,,,,,,,,0,0,0,0,0
37.7123,1783969889.4791,2,1,0.5000,-0.0000,1.42237,-0.01946,-2.63497,1.08364,1.57083,0.11673,-0.12760,-0.48150,0.03057,,,,,,,,,,,,,,,,,,,,,,,,,,0,0,0,0,0
37.7128,1783969889.4796,2,1,0.5000,-0.0000,1.42237,-0.01946,-2.63497,1.08364,1.57083,0.11673,-0.12760,-0.48150,0.03057,,,,,,,,,,,,,,,,,,,,,,,,,,0,0,0,0,0
37.7300,1783969889.4968,2,1,0.5000,-0.0000,1.42237,-0.01946,-2.63497,1.08364,1.57083,0.11673,-0.12760,-0.48150,0.03057,,,,,,,,,,,,,,,,,,,,,,,,,,0,0,0,0,0
37.7329,1783969889.4997,2,1,0.5000,-0.0000,1.42237,-0.01946,-2.63497,1.08364,1.57083,0.11673,-0.12760,-0.48150,0.03057,,,,,,,,,,,,,,,,,,,,,,,,,,0,0,0,0,0
37.7333,1783969889.5001,2,1,0.5000,-0.0000,1.42237,-0.01946,-2.63497,1.08364,1.57083,0.11673,-0.12760,-0.48150,0.03057,,,,,,,,,,,,,,,,,,,,,,,,,,0,0,0,0,0
37.7346,1783969889.5014,2,1,0.5000,-0.0000,1.42237,-0.01946,-2.63497,1.08364,1.57083,0.11673,-0.12760,-0.48150,0.03057,,,,,,,,,,,,,,,,,,,,,,,,,,0,0,0,0,0
37.7349,1783969889.5016,2,1,0.5000,-0.0000,1.42237,-0.01946,-2.63497,1.08364,1.57083,0.11673,-0.12760,-0.48150,0.03057,,,,,,,,,,,,,,,,,,,,,,,,,,0,0,0,0,0
37.7383,1783969889.5051,2,1,0.5000,-0.0000,1.42237,-0.01946,-2.63497,1.08364,1.57083,0.11673,-0.12760,-0.48150,0.03057,,,,,,,,,,,,,,,,,,,,,,,,,,0,0,0,0,0
37.7449,1783969889.5117,2,1,0.5000,-0.0000,1.42237,-0.01946,-2.63497,1.08364,1.57083,0.11673,-0.12760,-0.48150,0.03057,,,,,,,,,,,,,,,,,,,,,,,,,,0,0,0,0,0
37.7468,1783969889.5136,2,1,0.5000,-0.0000,1.42237,-0.01946,-2.63497,1.08364,1.57083,0.11673,-0.12760,-0.48150,0.03057,,,,,,,,,,,,,,,,,,,,,,,,,,0,0,0,0,0
37.7473,1783969889.5141,2,1,0.5000,-0.0000,1.42237,-0.01946,-2.63497,1.08364,1.57083,0.11673,-0.12760,-0.48150,0.03057,,,,,,,,,,,,,,,,,,,,,,,,,,0,0,0,0,0
37.7613,1783969889.5281,2,1,0.5000,-0.0000,1.42237,-0.01946,-2.63497,1.08364,1.57083,0.11673,-0.12760,-0.48150,0.03057,,,,,,,,,,,,,,,,,,,,,,,,,,0,0,0,0,0
37.7740,1783969889.5408,2,1,0.5000,-0.0000,1.42237,-0.01946,-2.63497,1.08364,1.57083,0.11673,-0.12760,-0.48150,0.03057,,,,,,,,,,,,,,,,,,,,,,,,,,0,0,0,0,0
37.7784,1783969889.5451,2,1,0.5000,-0.0000,1.42237,-0.01946,-2.63497,1.08364,1.57083,0.11673,-0.12760,-0.48150,0.03057,,,,,,,,,,,,,,,,,,,,,,,,,,0,0,0,0,0
37.7897,1783969889.5565,2,1,0.5000,-0.0000,1.42237,-0.01946,-2.63497,1.08364,1.57083,0.11673,-0.12760,-0.48150,0.03057,,,,,,,,,,,,,,,,,,,,,,,,,,0,0,0,0,0
37.8011,1783969889.5678,2,1,0.5000,-0.0000,1.42237,-0.01947,-2.63497,1.08366,1.57083,0.11673,-0.12760,-0.48150,0.03056,,,,,,,,,,,,,,,,,,,,,,,,,,0,0,0,0,0
37.8014,1783969889.5682,2,1,0.5000,-0.0000,1.42237,-0.01947,-2.63497,1.08366,1.57083,0.11673,-0.12760,-0.48150,0.03056,,,,,,,,,,,,,,,,,,,,,,,,,,0,0,0,0,0
37.8080,1783969889.5748,2,1,0.5000,-0.0000,1.42237,-0.01948,-2.63497,1.08367,1.57083,0.11673,-0.12760,-0.48150,0.03056,,,,,,,,,,,,,,,,,,,,,,,,,,0,0,0,0,0
37.8181,1783969889.5848,2,1,0.5000,-0.0000,1.42237,-0.01949,-2.63497,1.08369,1.57083,0.11673,-0.12760,-0.48150,0.03056,,,,,,,,,,,,,,,,,,,,,,,,,,0,0,0,0,0
37.8302,1783969889.5970,2,1,0.5000,-0.0000,1.42237,-0.01951,-2.63499,1.08371,1.57083,0.11673,-0.12760,-0.48149,0.03055,,,,,,,,,,,,,,,,,,,,,,,,,,0,0,0,0,0
37.8380,1783969889.6048,2,1,0.5000,-0.0000,1.42237,-0.01954,-2.63501,1.08374,1.57083,0.11673,-0.12760,-0.48148,0.03053,,,,,,,,,,,,,,,,,,,,,,,,,,0,0,0,0,0
37.8479,1783969889.6147,2,1,0.5000,-0.0000,1.42237,-0.01954,-2.63501,1.08374,1.57083,0.11673,-0.12760,-0.48148,0.03053,,,,,,,,,,,,,,,,,,,,,,,,,,0,0,0,0,0
37.8599,1783969889.6267,2,1,0.5000,-0.0000,1.42237,-0.01959,-2.63503,1.08380,1.57083,0.11673,-0.12760,-0.48147,0.03050,,,,,,,,,,,,,,,,,,,,,,,,,,0,0,0,0,0
37.8603,1783969889.6271,2,1,0.5000,-0.0000,1.42237,-0.01959,-2.63503,1.08380,1.57083,0.11673,-0.12760,-0.48147,0.03050,,,,,,,,,,,,,,,,,,,,,,,,,,0,0,0,0,0
37.8667,1783969889.6334,2,1,0.5000,-0.0000,1.42237,-0.01965,-2.63506,1.08386,1.57083,0.11673,-0.12760,-0.48145,0.03048,,,,,,,,,,,,,,,,,,,,,,,,,,0,0,0,0,0
37.8670,1783969889.6338,2,1,0.5000,-0.0000,1.42237,-0.01965,-2.63506,1.08386,1.57083,0.11673,-0.12760,-0.48145,0.03048,,,,,,,,,,,,,,,,,,,,,,,,,,0,0,0,0,0
37.8800,1783969889.6468,2,1,0.5000,-0.0000,1.42237,-0.01968,-2.63508,1.08390,1.57083,0.11673,-0.12760,-0.48145,0.03046,,,,,,,,,,,,,,,,,,,,,,,,,,0,0,0,0,0
37.8808,1783969889.6476,2,1,0.5000,-0.0000,1.42237,-0.01969,-2.63508,1.08391,1.57083,0.11673,-0.12760,-0.48144,0.03046,,,,,,,,,,,,,,,,,,,,,,,,,,0,0,0,0,0
37.9026,1783969889.6694,2,1,0.5000,-0.0000,1.42237,-0.01986,-2.63512,1.08410,1.57083,0.11673,-0.12761,-0.48144,0.03040,,,,,,,,,,,,,,,,,,,,,,,,,,0,0,0,0,0
37.9120,1783969889.6788,2,1,0.5000,-0.0000,1.42237,-0.01986,-2.63512,1.08411,1.57083,0.11673,-0.12761,-0.48144,0.03040,,,,,,,,,,,,,,,,,,,,,,,,,,0,0,0,0,0
37.9132,1783969889.6800,2,1,0.5000,-0.0000,1.42237,-0.01988,-2.63512,1.08413,1.57083,0.11673,-0.12760,-0.48144,0.03039,,,,,,,,,,,,,,,,,,,,,,,,,,0,0,0,0,0
37.9136,1783969889.6803,2,1,0.5000,-0.0000,1.42237,-0.01988,-2.63512,1.08413,1.57083,0.11673,-0.12760,-0.48144,0.03039,,,,,,,,,,,,,,,,,,,,,,,,,,0,0,0,0,0
37.9170,1783969889.6838,2,1,0.5000,-0.0000,1.42237,-0.01991,-2.63513,1.08416,1.57083,0.11673,-0.12760,-0.48144,0.03038,,,,,,,,,,,,,,,,,,,,,,,,,,0,0,0,0,0
37.9331,1783969889.6999,2,1,0.5000,-0.0000,1.42237,-0.02003,-2.63515,1.08431,1.57083,0.11673,-0.12760,-0.48145,0.03034,,,,,,,,,,,,,,,,,,,,,,,,,,0,0,0,0,0
37.9368,1783969889.7036,2,1,0.5000,-0.0000,1.42237,-0.02004,-2.63515,1.08432,1.57083,0.11673,-0.12760,-0.48145,0.03034,,,,,,,,,,,,,,,,,,,,,,,,,,0,0,0,0,0
37.9504,1783969889.7172,2,1,0.5000,-0.0000,1.42237,-0.02012,-2.63516,1.08442,1.57083,0.11673,-0.12760,-0.48145,0.03032,,,,,,,,,,,,,,,,,,,,,,,,,,0,0,0,0,0
37.9608,1783969889.7276,2,1,0.5000,-0.0000,1.42237,-0.02026,-2.63518,1.08458,1.57083,0.11673,-0.12760,-0.48146,0.03027,,,,,,,,,,,,,,,,,,,,,,,,,,0,0,0,0,0
37.9773,1783969889.7441,2,1,0.5000,-0.0000,1.42237,-0.02048,-2.63520,1.08484,1.57083,0.11673,-0.12760,-0.48147,0.03021,,,,,,,,,,,,,,,,,,,,,,,,,,0,0,0,0,0
37.9777,1783969889.7445,2,1,0.5000,-0.0000,1.42237,-0.02048,-2.63520,1.08484,1.57083,0.11673,-0.12760,-0.48147,0.03021,,,,,,,,,,,,,,,,,,,,,,,,,,0,0,0,0,0
37.9782,1783969889.7450,2,1,0.5000,-0.0000,1.42237,-0.02048,-2.63520,1.08484,1.57083,0.11673,-0.12760,-0.48147,0.03021,,,,,,,,,,,,,,,,,,,,,,,,,,0,0,0,0,0
37.9989,1783969889.7657,2,1,0.5000,-0.0000,1.42237,-0.02062,-2.63522,1.08502,1.57083,0.11673,-0.12760,-0.48148,0.03017,,,,,,,,,,,,,,,,,,,,,,,,,,0,0,0,0,0
38.0031,1783969889.7699,2,1,0.5000,-0.0000,1.42237,-0.02062,-2.63522,1.08502,1.57083,0.11673,-0.12760,-0.48148,0.03017,,,,,,,,,,,,,,,,,,,,,,,,,,0,0,0,0,0
38.0114,1783969889.7782,2,1,0.5000,-0.0000,1.42237,-0.02062,-2.63522,1.08502,1.57083,0.11673,-0.12760,-0.48148,0.03017,,,,,,,,,,,,,,,,,,,,,,,,,,0,0,0,0,0
38.0173,1783969889.7840,2,1,0.5000,-0.0000,1.42237,-0.02062,-2.63522,1.08502,1.57083,0.11673,-0.12760,-0.48148,0.03017,,,,,,,,,,,,,,,,,,,,,,,,,,0,0,0,0,0
38.0175,1783969889.7843,2,1,0.5000,-0.0000,1.42237,-0.02062,-2.63522,1.08502,1.57083,0.11673,-0.12760,-0.48148,0.03017,,,,,,,,,,,,,,,,,,,,,,,,,,0,0,0,0,0
38.0261,1783969889.7929,2,1,0.5000,-0.0000,1.42237,-0.02062,-2.63522,1.08502,1.57083,0.11673,-0.12760,-0.48148,0.03017,,,,,,,,,,,,,,,,,,,,,,,,,,0,0,0,0,0
38.0891,1783969889.8559,2,1,0.5000,-0.0000,1.42237,-0.02062,-2.63522,1.08502,1.57083,0.11673,-0.12760,-0.48148,0.03017,,,,,,,,,,,,,,,,,,,,,,,,,,0,0,0,0,0
38.0976,1783969889.8644,2,1,0.5000,-0.0000,1.42237,-0.02062,-2.63522,1.08502,1.57083,0.11673,-0.12760,-0.48148,0.03017,,,,,,,,,,,,,,,,,,,,,,,,,,0,0,0,0,0
38.0979,1783969889.8647,2,1,0.5000,-0.0000,1.42237,-0.02062,-2.63522,1.08502,1.57083,0.11673,-0.12760,-0.48148,0.03017,,,,,,,,,,,,,,,,,,,,,,,,,,0,0,0,0,0
38.1146,1783969889.8814,2,1,0.5000,-0.0000,1.42237,-0.02062,-2.63522,1.08502,1.57083,0.11673,-0.12760,-0.48148,0.03017,,,,,,,,,,,,,,,,,,,,,,,,,,0,0,0,0,0
38.1149,1783969889.8817,2,1,0.5000,-0.0000,1.42237,-0.02062,-2.63522,1.08502,1.57083,0.11673,-0.12760,-0.48148,0.03017,,,,,,,,,,,,,,,,,,,,,,,,,,0,0,0,0,0
38.1213,1783969889.8881,2,1,0.5000,-0.0000,1.42237,-0.02062,-2.63522,1.08502,1.57083,0.11673,-0.12760,-0.48148,0.03017,,,,,,,,,,,,,,,,,,,,,,,,,,0,0,0,0,0
38.1218,1783969889.8886,2,1,0.5000,-0.0000,1.42237,-0.02062,-2.63522,1.08502,1.57083,0.11673,-0.12760,-0.48148,0.03017,,,,,,,,,,,,,,,,,,,,,,,,,,0,0,0,0,0
38.1224,1783969889.8892,2,1,0.5000,-0.0000,1.42237,-0.02062,-2.63522,1.08502,1.57083,0.11673,-0.12760,-0.48148,0.03017,,,,,,,,,,,,,,,,,,,,,,,,,,0,0,0,0,0
38.1228,1783969889.8896,2,1,0.5000,-0.0000,1.42237,-0.02062,-2.63522,1.08502,1.57083,0.11673,-0.12760,-0.48148,0.03017,,,,,,,,,,,,,,,,,,,,,,,,,,0,0,0,0,0
38.1288,1783969889.8956,2,1,0.5000,-0.0000,1.42237,-0.02062,-2.63522,1.08502,1.57083,0.11673,-0.12760,-0.48148,0.03017,,,,,,,,,,,,,,,,,,,,,,,,,,0,0,0,0,0
38.1292,1783969889.8959,2,1,0.5000,-0.0000,1.42237,-0.02062,-2.63522,1.08502,1.57083,0.11673,-0.12760,-0.48148,0.03017,,,,,,,,,,,,,,,,,,,,,,,,,,0,0,0,0,0
38.1410,1783969889.9077,2,1,0.5000,-0.0000,1.42237,-0.02062,-2.63522,1.08502,1.57083,0.11673,-0.12760,-0.48148,0.03017,,,,,,,,,,,,,,,,,,,,,,,,,,0,0,0,0,0
38.1414,1783969889.9081,2,1,0.5000,-0.0000,1.42237,-0.02062,-2.63522,1.08502,1.57083,0.11673,-0.12760,-0.48148,0.03017,,,,,,,,,,,,,,,,,,,,,,,,,,0,0,0,0,0
38.1435,1783969889.9103,2,1,0.5000,-0.0000,1.42237,-0.02062,-2.63522,1.08502,1.57083,0.11673,-0.12760,-0.48148,0.03017,,,,,,,,,,,,,,,,,,,,,,,,,,0,0,0,0,0
38.1439,1783969889.9106,2,1,0.5000,-0.0000,1.42237,-0.02062,-2.63522,1.08502,1.57083,0.11673,-0.12760,-0.48148,0.03017,,,,,,,,,,,,,,,,,,,,,,,,,,0,0,0,0,0
38.1483,1783969889.9151,2,1,0.5000,-0.0000,1.42237,-0.02062,-2.63522,1.08502,1.57083,0.11673,-0.12760,-0.48148,0.03017,,,,,,,,,,,,,,,,,,,,,,,,,,0,0,0,0,0
38.1489,1783969889.9157,2,1,0.5000,-0.0000,1.42237,-0.02062,-2.63522,1.08502,1.57083,0.11673,-0.12760,-0.48148,0.03017,,,,,,,,,,,,,,,,,,,,,,,,,,0,0,0,0,0
38.1614,1783969889.9281,2,1,0.5000,-0.0000,1.42237,-0.02062,-2.63522,1.08502,1.57083,0.11673,-0.12760,-0.48148,0.03017,,,,,,,,,,,,,,,,,,,,,,,,,,0,0,0,0,0
38.1697,1783969889.9364,2,1,0.5000,-0.0000,1.42237,-0.02062,-2.63522,1.08502,1.57083,0.11673,-0.12760,-0.48148,0.03017,,,,,,,,,,,,,,,,,,,,,,,,,,0,0,0,0,0
38.1701,1783969889.9368,2,1,0.5000,-0.0000,1.42237,-0.02062,-2.63522,1.08502,1.57083,0.11673,-0.12760,-0.48148,0.03017,,,,,,,,,,,,,,,,,,,,,,,,,,0,0,0,0,0
38.1799,1783969889.9466,2,1,0.5000,-0.0000,1.42237,-0.02062,-2.63522,1.08502,1.57083,0.11673,-0.12760,-0.48148,0.03017,,,,,,,,,,,,,,,,,,,,,,,,,,0,0,0,0,0
38.1888,1783969889.9556,2,1,0.5000,-0.0000,1.42237,-0.02062,-2.63522,1.08502,1.57083,0.11673,-0.12760,-0.48148,0.03017,,,,,,,,,,,,,,,,,,,,,,,,,,0,0,0,0,0
38.2019,1783969889.9687,2,1,0.5000,-0.0000,1.42237,-0.02062,-2.63522,1.08502,1.57083,0.11673,-0.12760,-0.48148,0.03017,,,,,,,,,,,,,,,,,,,,,,,,,,0,0,0,0,0
38.2087,1783969889.9755,2,1,0.5000,-0.0000,1.42237,-0.02062,-2.63522,1.08503,1.57083,0.11673,-0.12760,-0.48148,0.03017,,,,,,,,,,,,,,,,,,,,,,,,,,0,0,0,0,0
38.2194,1783969889.9861,2,1,0.5000,-0.0000,1.42237,-0.02063,-2.63522,1.08504,1.57083,0.11673,-0.12760,-0.48149,0.03017,,,,,,,,,,,,,,,,,,,,,,,,,,0,0,0,0,0
38.2304,1783969889.9972,2,1,0.5000,-0.0000,1.42237,-0.02066,-2.63521,1.08508,1.57083,0.11673,-0.12759,-0.48150,0.03017,,,,,,,,,,,,,,,,,,,,,,,,,,0,0,0,0,0
38.2376,1783969890.0044,2,1,0.5000,-0.0000,1.42237,-0.02066,-2.63521,1.08509,1.57083,0.11673,-0.12759,-0.48150,0.03017,,,,,,,,,,,,,,,,,,,,,,,,,,0,0,0,0,0
38.2379,1783969890.0046,2,1,0.5000,-0.0000,1.42237,-0.02066,-2.63521,1.08509,1.57083,0.11673,-0.12759,-0.48150,0.03017,,,,,,,,,,,,,,,,,,,,,,,,,,0,0,0,0,0
38.2512,1783969890.0180,2,1,0.5000,-0.0000,1.42237,-0.02069,-2.63523,1.08512,1.57083,0.11673,-0.12760,-0.48149,0.03015,,,,,,,,,,,,,,,,,,,,,,,,,,0,0,0,0,0
38.2515,1783969890.0183,2,1,0.5000,-0.0000,1.42237,-0.02069,-2.63523,1.08512,1.57083,0.11673,-0.12760,-0.48149,0.03015,,,,,,,,,,,,,,,,,,,,,,,,,,0,0,0,0,0
38.2574,1783969890.0242,2,1,0.5000,-0.0000,1.42237,-0.02072,-2.63525,1.08516,1.57083,0.11673,-0.12760,-0.48148,0.03013,,,,,,,,,,,,,,,,,,,,,,,,,,0,0,0,0,0
38.2578,1783969890.0246,2,1,0.5000,-0.0000,1.42237,-0.02072,-2.63525,1.08516,1.57083,0.11673,-0.12760,-0.48148,0.03013,,,,,,,,,,,,,,,,,,,,,,,,,,0,0,0,0,0
38.2664,1783969890.0332,2,1,0.5000,-0.0000,1.42237,-0.02077,-2.63528,1.08521,1.57083,0.11673,-0.12760,-0.48146,0.03011,,,,,,,,,,,,,,,,,,,,,,,,,,0,0,0,0,0
38.2788,1783969890.0456,2,1,0.5000,-0.0000,1.42237,-0.02078,-2.63529,1.08523,1.57083,0.11673,-0.12760,-0.48146,0.03010,,,,,,,,,,,,,,,,,,,,,,,,,,0,0,0,0,0
38.2864,1783969890.0532,2,1,0.5000,-0.0000,1.42237,-0.02082,-2.63530,1.08527,1.57083,0.11673,-0.12760,-0.48145,0.03009,,,,,,,,,,,,,,,,,,,,,,,,,,0,0,0,0,0
38.3019,1783969890.0686,2,1,0.5000,-0.0000,1.42237,-0.02086,-2.63532,1.08532,1.57083,0.11673,-0.12760,-0.48145,0.03007,,,,,,,,,,,,,,,,,,,,,,,,,,0,0,0,0,0
38.3115,1783969890.0783,2,1,0.5000,-0.0000,1.42237,-0.02091,-2.63533,1.08538,1.57083,0.11673,-0.12760,-0.48145,0.03005,,,,,,,,,,,,,,,,,,,,,,,,,,0,0,0,0,0
38.3170,1783969890.0838,2,1,0.5000,-0.0000,1.42237,-0.02099,-2.63535,1.08547,1.57083,0.11673,-0.12760,-0.48145,0.03003,,,,,,,,,,,,,,,,,,,,,,,,,,0,0,0,0,0
38.3303,1783969890.0971,2,1,0.5000,-0.0000,1.42237,-0.02104,-2.63536,1.08553,1.57083,0.11673,-0.12760,-0.48145,0.03001,,,,,,,,,,,,,,,,,,,,,,,,,,0,0,0,0,0
38.3423,1783969890.1091,2,1,0.5000,-0.0000,1.42237,-0.02112,-2.63537,1.08562,1.57083,0.11673,-0.12760,-0.48145,0.02998,,,,,,,,,,,,,,,,,,,,,,,,,,0,0,0,0,0
38.3483,1783969890.1151,2,1,0.5000,-0.0000,1.42237,-0.02116,-2.63538,1.08567,1.57083,0.11673,-0.12760,-0.48145,0.02997,,,,,,,,,,,,,,,,,,,,,,,,,,0,0,0,0,0
38.3489,1783969890.1157,2,1,0.5000,-0.0000,1.42237,-0.02121,-2.63539,1.08573,1.57083,0.11673,-0.12760,-0.48145,0.02996,,,,,,,,,,,,,,,,,,,,,,,,,,0,0,0,0,0
38.3597,1783969890.1264,2,1,0.5000,-0.0000,1.42237,-0.02126,-2.63540,1.08579,1.57083,0.11673,-0.12760,-0.48145,0.02994,,,,,,,,,,,,,,,,,,,,,,,,,,0,0,0,0,0
38.3675,1783969890.1343,2,1,0.5000,-0.0000,1.42237,-0.02128,-2.63540,1.08582,1.57083,0.11673,-0.12760,-0.48145,0.02993,,,,,,,,,,,,,,,,,,,,,,,,,,0,0,0,0,0
38.3815,1783969890.1483,2,1,0.5000,-0.0000,1.42237,-0.02143,-2.63542,1.08599,1.57083,0.11673,-0.12760,-0.48146,0.02989,,,,,,,,,,,,,,,,,,,,,,,,,,0,0,0,0,0
38.3918,1783969890.1586,2,1,0.5000,-0.0000,1.42237,-0.02153,-2.63543,1.08611,1.57083,0.11673,-0.12760,-0.48146,0.02986,,,,,,,,,,,,,,,,,,,,,,,,,,0,0,0,0,0
38.3967,1783969890.1635,2,1,0.5000,-0.0000,1.42236,-0.02163,-2.63545,1.08623,1.57083,0.11673,-0.12760,-0.48147,0.02983,,,,,,,,,,,,,,,,,,,,,,,,,,0,0,0,0,0
38.4138,1783969890.1805,2,1,0.5000,-0.0000,1.42236,-0.02180,-2.63547,1.08644,1.57083,0.11673,-0.12759,-0.48148,0.02978,,,,,,,,,,,,,,,,,,,,,,,,,,0,0,0,0,0
38.4212,1783969890.1880,2,1,0.5000,-0.0000,1.42236,-0.02182,-2.63547,1.08647,1.57083,0.11673,-0.12759,-0.48148,0.02977,,,,,,,,,,,,,,,,,,,,,,,,,,0,0,0,0,0
38.4215,1783969890.1883,2,1,0.5000,-0.0000,1.42236,-0.02182,-2.63547,1.08647,1.57083,0.11673,-0.12759,-0.48148,0.02977,,,,,,,,,,,,,,,,,,,,,,,,,,0,0,0,0,0
38.4261,1783969890.1929,2,1,0.5000,-0.0000,1.42236,-0.02182,-2.63547,1.08647,1.57083,0.11673,-0.12759,-0.48148,0.02977,,,,,,,,,,,,,,,,,,,,,,,,,,0,0,0,0,0
38.4264,1783969890.1932,2,1,0.5000,-0.0000,1.42236,-0.02182,-2.63547,1.08647,1.57083,0.11673,-0.12759,-0.48148,0.02977,,,,,,,,,,,,,,,,,,,,,,,,,,0,0,0,0,0
38.4376,1783969890.2044,2,1,0.5000,-0.0000,1.42236,-0.02182,-2.63547,1.08647,1.57083,0.11673,-0.12759,-0.48148,0.02977,,,,,,,,,,,,,,,,,,,,,,,,,,0,0,0,0,0
38.4480,1783969890.2148,2,1,0.5000,-0.0000,1.42236,-0.02182,-2.63547,1.08647,1.57083,0.11673,-0.12759,-0.48148,0.02977,,,,,,,,,,,,,,,,,,,,,,,,,,0,0,0,0,0
38.4673,1783969890.2341,2,1,0.5000,-0.0000,1.42236,-0.02182,-2.63547,1.08647,1.57083,0.11673,-0.12759,-0.48148,0.02977,,,,,,,,,,,,,,,,,,,,,,,,,,0,0,0,0,0
38.4742,1783969890.2410,2,1,0.5000,-0.0000,1.42236,-0.02182,-2.63547,1.08647,1.57083,0.11673,-0.12759,-0.48148,0.02977,,,,,,,,,,,,,,,,,,,,,,,,,,0,0,0,0,0
38.4749,1783969890.2417,2,1,0.5000,-0.0000,1.42236,-0.02182,-2.63547,1.08647,1.57083,0.11673,-0.12759,-0.48148,0.02977,,,,,,,,,,,,,,,,,,,,,,,,,,0,0,0,0,0
38.4783,1783969890.2451,2,1,0.5000,-0.0000,1.42236,-0.02182,-2.63547,1.08647,1.57083,0.11673,-0.12759,-0.48148,0.02977,,,,,,,,,,,,,,,,,,,,,,,,,,0,0,0,0,0
38.4936,1783969890.2604,2,1,0.5000,-0.0000,1.42236,-0.02182,-2.63547,1.08647,1.57083,0.11673,-0.12759,-0.48148,0.02977,,,,,,,,,,,,,,,,,,,,,,,,,,0,0,0,0,0
38.5106,1783969890.2773,2,1,0.5000,-0.0000,1.42236,-0.02182,-2.63547,1.08647,1.57083,0.11673,-0.12759,-0.48148,0.02977,,,,,,,,,,,,,,,,,,,,,,,,,,0,0,0,0,0
38.5195,1783969890.2863,2,1,0.5000,-0.0000,1.42236,-0.02182,-2.63547,1.08647,1.57083,0.11673,-0.12759,-0.48148,0.02977,,,,,,,,,,,,,,,,,,,,,,,,,,0,0,0,0,0
38.5279,1783969890.2947,2,1,0.5000,-0.0000,1.42236,-0.02182,-2.63547,1.08647,1.57083,0.11673,-0.12759,-0.48148,0.02977,,,,,,,,,,,,,,,,,,,,,,,,,,0,0,0,0,0
38.5383,1783969890.3051,2,1,0.5000,-0.0000,1.42236,-0.02182,-2.63547,1.08647,1.57083,0.11673,-0.12759,-0.48148,0.02977,,,,,,,,,,,,,,,,,,,,,,,,,,0,0,0,0,0
38.5395,1783969890.3063,2,1,0.5000,-0.0000,1.42236,-0.02182,-2.63547,1.08647,1.57083,0.11673,-0.12759,-0.48148,0.02977,,,,,,,,,,,,,,,,,,,,,,,,,,0,0,0,0,0
38.5484,1783969890.3152,2,1,0.5000,-0.0000,1.42236,-0.02182,-2.63547,1.08647,1.57083,0.11673,-0.12759,-0.48148,0.02977,,,,,,,,,,,,,,,,,,,,,,,,,,0,0,0,0,0
38.5486,1783969890.3154,2,1,0.5000,-0.0000,1.42236,-0.02182,-2.63547,1.08647,1.57083,0.11673,-0.12759,-0.48148,0.02977,,,,,,,,,,,,,,,,,,,,,,,,,,0,0,0,0,0
38.5597,1783969890.3265,2,1,0.5000,-0.0000,1.42236,-0.02182,-2.63547,1.08647,1.57083,0.11673,-0.12759,-0.48148,0.02977,,,,,,,,,,,,,,,,,,,,,,,,,,0,0,0,0,0
38.5602,1783969890.3270,2,1,0.5000,-0.0000,1.42236,-0.02182,-2.63547,1.08647,1.57083,0.11673,-0.12759,-0.48148,0.02977,,,,,,,,,,,,,,,,,,,,,,,,,,0,0,0,0,0
38.5680,1783969890.3347,2,1,0.5000,-0.0000,1.42236,-0.02182,-2.63547,1.08647,1.57083,0.11673,-0.12759,-0.48148,0.02977,,,,,,,,,,,,,,,,,,,,,,,,,,0,0,0,0,0
38.5894,1783969890.3562,2,1,0.5000,-0.0000,1.42236,-0.02182,-2.63547,1.08647,1.57083,0.11673,-0.12759,-0.48148,0.02977,,,,,,,,,,,,,,,,,,,,,,,,,,0,0,0,0,0
38.5935,1783969890.3603,2,1,0.5000,-0.0000,1.42236,-0.02182,-2.63547,1.08647,1.57083,0.11673,-0.12759,-0.48148,0.02977,,,,,,,,,,,,,,,,,,,,,,,,,,0,0,0,0,0
38.6304,1783969890.3972,2,1,0.5000,-0.0000,1.42236,-0.02182,-2.63547,1.08647,1.57083,0.11673,-0.12759,-0.48148,0.02977,,,,,,,,,,,,,,,,,,,,,,,,,,0,0,0,0,0
38.6307,1783969890.3975,2,1,0.5000,-0.0000,1.42236,-0.02182,-2.63547,1.08647,1.57083,0.11673,-0.12759,-0.48148,0.02977,,,,,,,,,,,,,,,,,,,,,,,,,,0,0,0,0,0
38.6328,1783969890.3996,2,1,0.5000,-0.0000,1.42236,-0.02182,-2.63547,1.08647,1.57083,0.11673,-0.12759,-0.48148,0.02977,,,,,,,,,,,,,,,,,,,,,,,,,,0,0,0,0,0
38.6332,1783969890.4000,2,1,0.5000,-0.0000,1.42236,-0.02182,-2.63547,1.08647,1.57083,0.11673,-0.12759,-0.48148,0.02977,,,,,,,,,,,,,,,,,,,,,,,,,,0,0,0,0,0
38.6405,1783969890.4072,2,1,0.5000,-0.0000,1.42236,-0.02183,-2.63547,1.08649,1.57083,0.11673,-0.12759,-0.48149,0.02977,,,,,,,,,,,,,,,,,,,,,,,,,,0,0,0,0,0
38.6409,1783969890.4077,2,1,0.5000,-0.0000,1.42236,-0.02183,-2.63547,1.08649,1.57083,0.11673,-0.12759,-0.48149,0.02977,,,,,,,,,,,,,,,,,,,,,,,,,,0,0,0,0,0
38.6478,1783969890.4146,2,1,0.5000,-0.0000,1.42236,-0.02185,-2.63547,1.08651,1.57083,0.11673,-0.12759,-0.48149,0.02977,,,,,,,,,,,,,,,,,,,,,,,,,,0,0,0,0,0
38.6511,1783969890.4178,2,1,0.5000,-0.0000,1.42236,-0.02186,-2.63547,1.08652,1.57083,0.11673,-0.12759,-0.48150,0.02977,,,,,,,,,,,,,,,,,,,,,,,,,,0,0,0,0,0
38.6537,1783969890.4204,2,1,0.5000,-0.0000,1.42236,-0.02186,-2.63547,1.08652,1.57083,0.11673,-0.12759,-0.48150,0.02977,,,,,,,,,,,,,,,,,,,,,,,,,,0,0,0,0,0
38.6585,1783969890.4252,2,1,0.5000,-0.0000,1.42236,-0.02186,-2.63547,1.08653,1.57083,0.11673,-0.12759,-0.48149,0.02977,,,,,,,,,,,,,,,,,,,,,,,,,,0,0,0,0,0
38.6664,1783969890.4332,2,1,0.5000,-0.0000,1.42236,-0.02187,-2.63548,1.08655,1.57083,0.11673,-0.12759,-0.48149,0.02976,,,,,,,,,,,,,,,,,,,,,,,,,,0,0,0,0,0
38.6788,1783969890.4456,2,1,0.5000,-0.0000,1.42236,-0.02192,-2.63551,1.08660,1.57083,0.11673,-0.12760,-0.48147,0.02973,,,,,,,,,,,,,,,,,,,,,,,,,,0,0,0,0,0
38.6791,1783969890.4458,2,1,0.5000,-0.0000,1.42236,-0.02192,-2.63551,1.08660,1.57083,0.11673,-0.12760,-0.48147,0.02973,,,,,,,,,,,,,,,,,,,,,,,,,,0,0,0,0,0
38.6934,1783969890.4602,2,1,0.5000,-0.0000,1.42236,-0.02195,-2.63553,1.08664,1.57083,0.11673,-0.12760,-0.48146,0.02972,,,,,,,,,,,,,,,,,,,,,,,,,,0,0,0,0,0
38.6979,1783969890.4647,2,1,0.5000,-0.0000,1.42236,-0.02196,-2.63554,1.08666,1.57083,0.11673,-0.12760,-0.48146,0.02971,,,,,,,,,,,,,,,,,,,,,,,,,,0,0,0,0,0
38.6983,1783969890.4650,2,1,0.5000,-0.0000,1.42236,-0.02196,-2.63554,1.08666,1.57083,0.11673,-0.12760,-0.48146,0.02971,,,,,,,,,,,,,,,,,,,,,,,,,,0,0,0,0,0
38.7094,1783969890.4762,2,1,0.5000,-0.0000,1.42236,-0.02203,-2.63556,1.08673,1.57083,0.11673,-0.12760,-0.48145,0.02968,,,,,,,,,,,,,,,,,,,,,,,,,,0,0,0,0,0
38.7099,1783969890.4766,2,1,0.5000,-0.0000,1.42236,-0.02203,-2.63556,1.08673,1.57083,0.11673,-0.12760,-0.48145,0.02968,,,,,,,,,,,,,,,,,,,,,,,,,,0,0,0,0,0
38.7199,1783969890.4867,2,1,0.5000,-0.0000,1.42236,-0.02206,-2.63558,1.08676,1.57083,0.11673,-0.12760,-0.48144,0.02967,,,,,,,,,,,,,,,,,,,,,,,,,,0,0,0,0,0
38.7202,1783969890.4869,2,1,0.5000,-0.0000,1.42236,-0.02206,-2.63558,1.08676,1.57083,0.11673,-0.12760,-0.48144,0.02967,,,,,,,,,,,,,,,,,,,,,,,,,,0,0,0,0,0
38.7289,1783969890.4957,2,1,0.5000,-0.0000,1.42236,-0.02209,-2.63558,1.08681,1.57083,0.11673,-0.12760,-0.48144,0.02966,,,,,,,,,,,,,,,,,,,,,,,,,,0,0,0,0,0
38.7396,1783969890.5064,2,1,0.5000,-0.0000,1.42236,-0.02215,-2.63559,1.08687,1.57083,0.11673,-0.12760,-0.48144,0.02964,,,,,,,,,,,,,,,,,,,,,,,,,,0,0,0,0,0
38.7521,1783969890.5189,2,1,0.5000,-0.0000,1.42236,-0.02218,-2.63560,1.08691,1.57083,0.11673,-0.12760,-0.48144,0.02963,,,,,,,,,,,,,,,,,,,,,,,,,,0,0,0,0,0
38.7585,1783969890.5253,2,1,0.5000,-0.0000,1.42236,-0.02225,-2.63561,1.08699,1.57083,0.11673,-0.12760,-0.48145,0.02961,,,,,,,,,,,,,,,,,,,,,,,,,,0,0,0,0,0
38.7702,1783969890.5370,2,1,0.5000,-0.0000,1.42236,-0.02241,-2.63564,1.08718,1.57083,0.11673,-0.12760,-0.48145,0.02955,,,,,,,,,,,,,,,,,,,,,,,,,,0,0,0,0,0
38.7705,1783969890.5373,2,1,0.5000,-0.0000,1.42236,-0.02241,-2.63564,1.08718,1.57083,0.11673,-0.12760,-0.48145,0.02955,,,,,,,,,,,,,,,,,,,,,,,,,,0,0,0,0,0
38.7971,1783969890.5639,2,1,0.5000,-0.0000,1.42236,-0.02258,-2.63566,1.08738,1.57083,0.11673,-0.12760,-0.48145,0.02950,,,,,,,,,,,,,,,,,,,,,,,,,,0,0,0,0,0
38.8020,1783969890.5688,2,1,0.5000,-0.0000,1.42236,-0.02262,-2.63567,1.08743,1.57083,0.11673,-0.12760,-0.48146,0.02949,,,,,,,,,,,,,,,,,,,,,,,,,,0,0,0,0,0
38.8024,1783969890.5692,2,1,0.5000,-0.0000,1.42236,-0.02262,-2.63567,1.08743,1.57083,0.11673,-0.12760,-0.48146,0.02949,,,,,,,,,,,,,,,,,,,,,,,,,,0,0,0,0,0
38.8175,1783969890.5843,2,1,0.5000,-0.0000,1.42236,-0.02268,-2.63568,1.08750,1.57083,0.11673,-0.12760,-0.48146,0.02947,,,,,,,,,,,,,,,,,,,,,,,,,,0,0,0,0,0
38.8182,1783969890.5850,2,1,0.5000,-0.0000,1.42236,-0.02268,-2.63568,1.08750,1.57083,0.11673,-0.12760,-0.48146,0.02947,,,,,,,,,,,,,,,,,,,,,,,,,,0,0,0,0,0
38.8264,1783969890.5932,2,1,0.5000,-0.0000,1.42236,-0.02273,-2.63568,1.08756,1.57083,0.11673,-0.12759,-0.48147,0.02946,,,,,,,,,,,,,,,,,,,,,,,,,,0,0,0,0,0
38.8383,1783969890.6051,2,1,0.5000,-0.0000,1.42236,-0.02283,-2.63568,1.08768,1.57083,0.11673,-0.12759,-0.48148,0.02943,,,,,,,,,,,,,,,,,,,,,,,,,,0,0,0,0,0
38.8525,1783969890.6193,2,1,0.5000,-0.0000,1.42236,-0.02299,-2.63568,1.08787,1.57083,0.11673,-0.12759,-0.48150,0.02940,,,,,,,,,,,,,,,,,,,,,,,,,,0,0,0,0,0
38.8584,1783969890.6252,2,1,0.5000,-0.0000,1.42236,-0.02302,-2.63568,1.08791,1.57083,0.11673,-0.12759,-0.48151,0.02939,,,,,,,,,,,,,,,,,,,,,,,,,,0,0,0,0,0
38.8808,1783969890.6476,2,1,0.5000,-0.0000,1.42236,-0.02309,-2.63567,1.08801,1.57083,0.11673,-0.12758,-0.48153,0.02938,,,,,,,,,,,,,,,,,,,,,,,,,,0,0,0,0,0
38.8812,1783969890.6480,2,1,0.5000,-0.0000,1.42236,-0.02309,-2.63567,1.08801,1.57083,0.11673,-0.12758,-0.48153,0.02938,,,,,,,,,,,,,,,,,,,,,,,,,,0,0,0,0,0
38.8815,1783969890.6483,2,1,0.5000,-0.0000,1.42236,-0.02309,-2.63567,1.08801,1.57083,0.11673,-0.12758,-0.48153,0.02938,,,,,,,,,,,,,,,,,,,,,,,,,,0,0,0,0,0
38.8896,1783969890.6564,2,1,0.5000,-0.0000,1.42236,-0.02309,-2.63567,1.08801,1.57083,0.11673,-0.12758,-0.48153,0.02938,,,,,,,,,,,,,,,,,,,,,,,,,,0,0,0,0,0
38.9026,1783969890.6694,2,1,0.5000,-0.0000,1.42236,-0.02309,-2.63567,1.08801,1.57083,0.11673,-0.12758,-0.48153,0.02938,,,,,,,,,,,,,,,,,,,,,,,,,,0,0,0,0,0
38.9099,1783969890.6767,2,1,0.5000,-0.0000,1.42236,-0.02309,-2.63567,1.08801,1.57083,0.11673,-0.12758,-0.48153,0.02938,,,,,,,,,,,,,,,,,,,,,,,,,,0,0,0,0,0
38.9176,1783969890.6844,2,1,0.5000,-0.0000,1.42236,-0.02309,-2.63567,1.08801,1.57083,0.11673,-0.12758,-0.48153,0.02938,,,,,,,,,,,,,,,,,,,,,,,,,,0,0,0,0,0
38.9310,1783969890.6978,2,1,0.5000,-0.0000,1.42236,-0.02309,-2.63567,1.08801,1.57083,0.11673,-0.12758,-0.48153,0.02938,,,,,,,,,,,,,,,,,,,,,,,,,,0,0,0,0,0
38.9376,1783969890.7043,2,1,0.5000,-0.0000,1.42236,-0.02309,-2.63567,1.08801,1.57083,0.11673,-0.12758,-0.48153,0.02938,,,,,,,,,,,,,,,,,,,,,,,,,,0,0,0,0,0
38.9379,1783969890.7047,2,1,0.5000,-0.0000,1.42236,-0.02309,-2.63567,1.08801,1.57083,0.11673,-0.12758,-0.48153,0.02938,,,,,,,,,,,,,,,,,,,,,,,,,,0,0,0,0,0
38.9585,1783969890.7253,2,1,0.5000,-0.0000,1.42236,-0.02309,-2.63567,1.08801,1.57083,0.11673,-0.12758,-0.48153,0.02938,,,,,,,,,,,,,,,,,,,,,,,,,,0,0,0,0,0
38.9588,1783969890.7256,2,1,0.5000,-0.0000,1.42236,-0.02309,-2.63567,1.08801,1.57083,0.11673,-0.12758,-0.48153,0.02938,,,,,,,,,,,,,,,,,,,,,,,,,,0,0,0,0,0
38.9600,1783969890.7268,2,1,0.5000,-0.0000,1.42236,-0.02309,-2.63567,1.08801,1.57083,0.11673,-0.12758,-0.48153,0.02938,,,,,,,,,,,,,,,,,,,,,,,,,,0,0,0,0,0
38.9603,1783969890.7270,2,1,0.5000,-0.0000,1.42236,-0.02309,-2.63567,1.08801,1.57083,0.11673,-0.12758,-0.48153,0.02938,,,,,,,,,,,,,,,,,,,,,,,,,,0,0,0,0,0
38.9701,1783969890.7369,2,1,0.5000,-0.0000,1.42236,-0.02309,-2.63567,1.08801,1.57083,0.11673,-0.12758,-0.48153,0.02938,,,,,,,,,,,,,,,,,,,,,,,,,,0,0,0,0,0
38.9706,1783969890.7373,2,1,0.5000,-0.0000,1.42236,-0.02309,-2.63567,1.08801,1.57083,0.11673,-0.12758,-0.48153,0.02938,,,,,,,,,,,,,,,,,,,,,,,,,,0,0,0,0,0
38.9785,1783969890.7453,2,1,0.5000,-0.0000,1.42236,-0.02309,-2.63567,1.08801,1.57083,0.11673,-0.12758,-0.48153,0.02938,,,,,,,,,,,,,,,,,,,,,,,,,,0,0,0,0,0
38.9864,1783969890.7532,2,1,0.5000,-0.0000,1.42236,-0.02309,-2.63567,1.08801,1.57083,0.11673,-0.12758,-0.48153,0.02938,,,,,,,,,,,,,,,,,,,,,,,,,,0,0,0,0,0
38.9868,1783969890.7536,2,1,0.5000,-0.0000,1.42236,-0.02309,-2.63567,1.08801,1.57083,0.11673,-0.12758,-0.48153,0.02938,,,,,,,,,,,,,,,,,,,,,,,,,,0,0,0,0,0
39.0075,1783969890.7743,2,1,0.5000,-0.0000,1.42236,-0.02309,-2.63567,1.08801,1.57083,0.11673,-0.12758,-0.48153,0.02938,,,,,,,,,,,,,,,,,,,,,,,,,,0,0,0,0,0
39.0196,1783969890.7863,2,1,0.5000,-0.0000,1.42236,-0.02309,-2.63567,1.08801,1.57083,0.11673,-0.12758,-0.48153,0.02938,,,,,,,,,,,,,,,,,,,,,,,,,,0,0,0,0,0
39.0199,1783969890.7867,2,1,0.5000,-0.0000,1.42236,-0.02309,-2.63567,1.08801,1.57083,0.11673,-0.12758,-0.48153,0.02938,,,,,,,,,,,,,,,,,,,,,,,,,,0,0,0,0,0
39.0223,1783969890.7891,2,1,0.5000,-0.0000,1.42236,-0.02309,-2.63567,1.08801,1.57083,0.11673,-0.12758,-0.48153,0.02938,,,,,,,,,,,,,,,,,,,,,,,,,,0,0,0,0,0
39.0231,1783969890.7898,2,1,0.5000,-0.0000,1.42236,-0.02309,-2.63567,1.08801,1.57083,0.11673,-0.12758,-0.48153,0.02938,,,,,,,,,,,,,,,,,,,,,,,,,,0,0,0,0,0
39.0304,1783969890.7972,2,1,0.5000,-0.0000,1.42236,-0.02309,-2.63567,1.08801,1.57083,0.11673,-0.12758,-0.48153,0.02938,,,,,,,,,,,,,,,,,,,,,,,,,,0,0,0,0,0
39.0363,1783969890.8031,2,1,0.5000,-0.0000,1.42236,-0.02309,-2.63567,1.08801,1.57083,0.11673,-0.12758,-0.48153,0.02938,,,,,,,,,,,,,,,,,,,,,,,,,,0,0,0,0,0
39.0483,1783969890.8151,2,1,0.5000,-0.0000,1.42236,-0.02309,-2.63567,1.08801,1.57083,0.11673,-0.12758,-0.48153,0.02938,,,,,,,,,,,,,,,,,,,,,,,,,,0,0,0,0,0
39.0590,1783969890.8257,2,1,0.5000,-0.0000,1.42236,-0.02309,-2.63567,1.08801,1.57083,0.11673,-0.12758,-0.48153,0.02938,,,,,,,,,,,,,,,,,,,,,,,,,,0,0,0,0,0
39.0672,1783969890.8340,2,1,0.5000,-0.0000,1.42236,-0.02309,-2.63567,1.08801,1.57083,0.11673,-0.12758,-0.48153,0.02938,,,,,,,,,,,,,,,,,,,,,,,,,,0,0,0,0,0
39.0783,1783969890.8451,2,1,0.5000,-0.0000,1.42236,-0.02309,-2.63567,1.08801,1.57083,0.11673,-0.12758,-0.48153,0.02938,,,,,,,,,,,,,,,,,,,,,,,,,,0,0,0,0,0
39.0883,1783969890.8551,2,1,0.5000,-0.0000,1.42236,-0.02310,-2.63567,1.08801,1.57083,0.11673,-0.12758,-0.48153,0.02937,,,,,,,,,,,,,,,,,,,,,,,,,,0,0,0,0,0
39.0981,1783969890.8648,2,1,0.5000,-0.0000,1.42236,-0.02311,-2.63569,1.08803,1.57083,0.11673,-0.12759,-0.48152,0.02937,,,,,,,,,,,,,,,,,,,,,,,,,,0,0,0,0,0
39.1252,1783969890.8920,2,1,0.5000,-0.0000,1.42236,-0.02319,-2.63575,1.08812,1.57083,0.11673,-0.12759,-0.48149,0.02932,,,,,,,,,,,,,,,,,,,,,,,,,,0,0,0,0,0
39.1637,1783969890.9305,2,1,0.5000,-0.0000,1.42236,-0.02339,-2.63584,1.08837,1.57083,0.11672,-0.12760,-0.48145,0.02923,,,,,,,,,,,,,,,,,,,,,,,,,,0,0,0,0,0
39.1651,1783969890.9318,2,1,0.5000,-0.0000,1.42236,-0.02339,-2.63584,1.08837,1.57083,0.11672,-0.12760,-0.48145,0.02923,,,,,,,,,,,,,,,,,,,,,,,,,,0,0,0,0,0
39.1671,1783969890.9338,2,1,0.5000,-0.0000,1.42236,-0.02339,-2.63584,1.08837,1.57083,0.11672,-0.12760,-0.48145,0.02923,,,,,,,,,,,,,,,,,,,,,,,,,,0,0,0,0,0
39.1674,1783969890.9342,2,1,0.5000,-0.0000,1.42236,-0.02339,-2.63584,1.08837,1.57083,0.11672,-0.12760,-0.48145,0.02923,,,,,,,,,,,,,,,,,,,,,,,,,,0,0,0,0,0
39.1684,1783969890.9352,2,1,0.5000,-0.0000,1.42236,-0.02339,-2.63584,1.08837,1.57083,0.11672,-0.12760,-0.48145,0.02923,,,,,,,,,,,,,,,,,,,,,,,,,,0,0,0,0,0
39.1735,1783969890.9403,2,1,0.5000,-0.0000,1.42236,-0.02340,-2.63584,1.08837,1.57083,0.11672,-0.12760,-0.48145,0.02923,,,,,,,,,,,,,,,,,,,,,,,,,,0,0,0,0,0
39.1746,1783969890.9414,2,1,0.5000,-0.0000,1.42236,-0.02342,-2.63584,1.08839,1.57083,0.11672,-0.12760,-0.48145,0.02922,,,,,,,,,,,,,,,,,,,,,,,,,,0,0,0,0,0
39.1797,1783969890.9465,2,1,0.5000,-0.0000,1.42236,-0.02344,-2.63585,1.08842,1.57083,0.11672,-0.12760,-0.48145,0.02921,,,,,,,,,,,,,,,,,,,,,,,,,,0,0,0,0,0
39.1876,1783969890.9544,2,1,0.5000,-0.0000,1.42236,-0.02351,-2.63586,1.08851,1.57083,0.11672,-0.12760,-0.48145,0.02919,,,,,,,,,,,,,,,,,,,,,,,,,,0,0,0,0,0
39.2040,1783969890.9707,2,1,0.5000,-0.0000,1.42236,-0.02357,-2.63587,1.08858,1.57083,0.11672,-0.12759,-0.48145,0.02917,,,,,,,,,,,,,,,,,,,,,,,,,,0,0,0,0,0
39.2281,1783969890.9949,2,1,0.5000,-0.0000,1.42236,-0.02378,-2.63591,1.08883,1.57083,0.11672,-0.12759,-0.48146,0.02910,,,,,,,,,,,,,,,,,,,,,,,,,,0,0,0,0,0
39.2386,1783969891.0054,2,1,0.5000,-0.0000,1.42236,-0.02386,-2.63592,1.08892,1.57083,0.11672,-0.12759,-0.48146,0.02908,,,,,,,,,,,,,,,,,,,,,,,,,,0,0,0,0,0
39.2406,1783969891.0073,2,1,0.5000,-0.0000,1.42236,-0.02386,-2.63592,1.08892,1.57083,0.11672,-0.12759,-0.48146,0.02908,,,,,,,,,,,,,,,,,,,,,,,,,,0,0,0,0,0
39.2438,1783969891.0106,2,1,0.5000,-0.0000,1.42236,-0.02389,-2.63592,1.08897,1.57083,0.11672,-0.12759,-0.48147,0.02907,,,,,,,,,,,,,,,,,,,,,,,,,,0,0,0,0,0
39.2442,1783969891.0110,2,1,0.5000,-0.0000,1.42236,-0.02389,-2.63592,1.08897,1.57083,0.11672,-0.12759,-0.48147,0.02907,,,,,,,,,,,,,,,,,,,,,,,,,,0,0,0,0,0
39.2633,1783969891.0301,2,1,0.5000,-0.0000,1.42236,-0.02412,-2.63594,1.08925,1.57084,0.11672,-0.12759,-0.48149,0.02901,,,,,,,,,,,,,,,,,,,,,,,,,,0,0,0,0,0
39.2641,1783969891.0309,2,1,0.5000,-0.0000,1.42236,-0.02412,-2.63594,1.08925,1.57084,0.11672,-0.12759,-0.48149,0.02901,,,,,,,,,,,,,,,,,,,,,,,,,,0,0,0,0,0
39.3073,1783969891.0741,2,1,0.5000,-0.0000,1.42236,-0.02429,-2.63594,1.08946,1.57084,0.11672,-0.12758,-0.48152,0.02897,,,,,,,,,,,,,,,,,,,,,,,,,,0,0,0,0,0
39.3108,1783969891.0776,2,1,0.5000,-0.0000,1.42236,-0.02429,-2.63594,1.08946,1.57084,0.11672,-0.12758,-0.48152,0.02897,,,,,,,,,,,,,,,,,,,,,,,,,,0,0,0,0,0
39.3112,1783969891.0780,2,1,0.5000,-0.0000,1.42236,-0.02429,-2.63594,1.08946,1.57084,0.11672,-0.12758,-0.48152,0.02897,,,,,,,,,,,,,,,,,,,,,,,,,,0,0,0,0,0
39.3126,1783969891.0793,2,1,0.5000,-0.0000,1.42236,-0.02429,-2.63594,1.08946,1.57084,0.11672,-0.12758,-0.48152,0.02897,,,,,,,,,,,,,,,,,,,,,,,,,,0,0,0,0,0
39.3129,1783969891.0797,2,1,0.5000,-0.0000,1.42236,-0.02429,-2.63594,1.08946,1.57084,0.11672,-0.12758,-0.48152,0.02897,,,,,,,,,,,,,,,,,,,,,,,,,,0,0,0,0,0
39.3136,1783969891.0804,2,1,0.5000,-0.0000,1.42236,-0.02429,-2.63594,1.08946,1.57084,0.11672,-0.12758,-0.48152,0.02897,,,,,,,,,,,,,,,,,,,,,,,,,,0,0,0,0,0
39.3189,1783969891.0857,2,1,0.5000,-0.0000,1.42236,-0.02429,-2.63594,1.08946,1.57084,0.11672,-0.12758,-0.48152,0.02897,,,,,,,,,,,,,,,,,,,,,,,,,,0,0,0,0,0
39.3274,1783969891.0942,2,1,0.5000,-0.0000,1.42236,-0.02429,-2.63594,1.08946,1.57084,0.11672,-0.12758,-0.48152,0.02897,,,,,,,,,,,,,,,,,,,,,,,,,,0,0,0,0,0
39.3395,1783969891.1063,2,1,0.5000,-0.0000,1.42236,-0.02429,-2.63594,1.08946,1.57084,0.11672,-0.12758,-0.48152,0.02897,,,,,,,,,,,,,,,,,,,,,,,,,,0,0,0,0,0
39.3487,1783969891.1155,2,1,0.5000,-0.0000,1.42236,-0.02429,-2.63594,1.08946,1.57084,0.11672,-0.12758,-0.48152,0.02897,,,,,,,,,,,,,,,,,,,,,,,,,,0,0,0,0,0
39.3587,1783969891.1255,2,1,0.5000,-0.0000,1.42236,-0.02429,-2.63594,1.08946,1.57084,0.11672,-0.12758,-0.48152,0.02897,,,,,,,,,,,,,,,,,,,,,,,,,,0,0,0,0,0
39.3691,1783969891.1358,2,1,0.5000,-0.0000,1.42236,-0.02429,-2.63594,1.08946,1.57084,0.11672,-0.12758,-0.48152,0.02897,,,,,,,,,,,,,,,,,,,,,,,,,,0,0,0,0,0
39.3694,1783969891.1362,2,1,0.5000,-0.0000,1.42236,-0.02429,-2.63594,1.08946,1.57084,0.11672,-0.12758,-0.48152,0.02897,,,,,,,,,,,,,,,,,,,,,,,,,,0,0,0,0,0
39.4216,1783969891.1883,2,1,0.5000,-0.0000,1.42236,-0.02429,-2.63594,1.08946,1.57084,0.11672,-0.12758,-0.48152,0.02897,,,,,,,,,,,,,,,,,,,,,,,,,,0,0,0,0,0
39.4224,1783969891.1892,2,1,0.5000,-0.0000,1.42236,-0.02429,-2.63594,1.08946,1.57084,0.11672,-0.12758,-0.48152,0.02897,,,,,,,,,,,,,,,,,,,,,,,,,,0,0,0,0,0
39.4880,1783969891.2548,2,1,0.5000,-0.0000,1.42236,-0.02429,-2.63594,1.08946,1.57084,0.11672,-0.12758,-0.48152,0.02897,,,,,,,,,,,,,,,,,,,,,,,,,,0,0,0,0,0
39.4886,1783969891.2554,2,1,0.5000,-0.0000,1.42236,-0.02429,-2.63594,1.08946,1.57084,0.11672,-0.12758,-0.48152,0.02897,,,,,,,,,,,,,,,,,,,,,,,,,,0,0,0,0,0
39.4889,1783969891.2557,2,1,0.5000,-0.0000,1.42236,-0.02429,-2.63594,1.08946,1.57084,0.11672,-0.12758,-0.48152,0.02897,,,,,,,,,,,,,,,,,,,,,,,,,,0,0,0,0,0
39.4937,1783969891.2605,2,1,0.5000,-0.0000,1.42236,-0.02429,-2.63594,1.08946,1.57084,0.11672,-0.12758,-0.48152,0.02897,,,,,,,,,,,,,,,,,,,,,,,,,,0,0,0,0,0
39.4941,1783969891.2609,2,1,0.5000,-0.0000,1.42236,-0.02429,-2.63594,1.08946,1.57084,0.11672,-0.12758,-0.48152,0.02897,,,,,,,,,,,,,,,,,,,,,,,,,,0,0,0,0,0
39.4947,1783969891.2614,2,1,0.5000,-0.0000,1.42236,-0.02429,-2.63594,1.08946,1.57084,0.11672,-0.12758,-0.48152,0.02897,,,,,,,,,,,,,,,,,,,,,,,,,,0,0,0,0,0
39.4948,1783969891.2616,2,1,0.5000,-0.0000,1.42236,-0.02429,-2.63594,1.08946,1.57084,0.11672,-0.12758,-0.48152,0.02897,,,,,,,,,,,,,,,,,,,,,,,,,,0,0,0,0,0
39.4950,1783969891.2618,2,1,0.5000,-0.0000,1.42236,-0.02429,-2.63594,1.08946,1.57084,0.11672,-0.12758,-0.48152,0.02897,,,,,,,,,,,,,,,,,,,,,,,,,,0,0,0,0,0
39.4954,1783969891.2621,2,1,0.5000,-0.0000,1.42236,-0.02429,-2.63594,1.08946,1.57084,0.11672,-0.12758,-0.48152,0.02897,,,,,,,,,,,,,,,,,,,,,,,,,,0,0,0,0,0
39.5015,1783969891.2683,2,1,0.5000,-0.0000,1.42236,-0.02429,-2.63594,1.08947,1.57084,0.11672,-0.12758,-0.48152,0.02897,,,,,,,,,,,,,,,,,,,,,,,,,,0,0,0,0,0
39.5021,1783969891.2689,2,1,0.5000,-0.0000,1.42236,-0.02430,-2.63594,1.08947,1.57084,0.11672,-0.12758,-0.48152,0.02897,,,,,,,,,,,,,,,,,,,,,,,,,,0,0,0,0,0
39.5086,1783969891.2753,2,1,0.5000,-0.0000,1.42236,-0.02430,-2.63595,1.08948,1.57084,0.11672,-0.12758,-0.48151,0.02897,,,,,,,,,,,,,,,,,,,,,,,,,,0,0,0,0,0
39.5206,1783969891.2874,2,1,0.5000,-0.0000,1.42236,-0.02433,-2.63597,1.08951,1.57084,0.11672,-0.12759,-0.48150,0.02895,,,,,,,,,,,,,,,,,,,,,,,,,,0,0,0,0,0
39.5308,1783969891.2975,2,1,0.5000,-0.0000,1.42236,-0.02434,-2.63599,1.08953,1.57084,0.11672,-0.12759,-0.48149,0.02894,,,,,,,,,,,,,,,,,,,,,,,,,,0,0,0,0,0
39.5438,1783969891.3106,2,1,0.5000,-0.0000,1.42236,-0.02438,-2.63601,1.08957,1.57084,0.11672,-0.12759,-0.48148,0.02892,,,,,,,,,,,,,,,,,,,,,,,,,,0,0,0,0,0
39.5468,1783969891.3136,2,1,0.5000,-0.0000,1.42236,-0.02440,-2.63602,1.08960,1.57084,0.11672,-0.12759,-0.48147,0.02891,,,,,,,,,,,,,,,,,,,,,,,,,,0,0,0,0,0
39.5473,1783969891.3141,2,1,0.5000,-0.0000,1.42236,-0.02440,-2.63602,1.08960,1.57084,0.11672,-0.12759,-0.48147,0.02891,,,,,,,,,,,,,,,,,,,,,,,,,,0,0,0,0,0
39.5581,1783969891.3249,2,1,0.5000,-0.0000,1.42235,-0.02444,-2.63605,1.08965,1.57084,0.11672,-0.12759,-0.48146,0.02888,,,,,,,,,,,,,,,,,,,,,,,,,,0,0,0,0,0
39.5727,1783969891.3394,2,1,0.5000,-0.0000,1.42235,-0.02448,-2.63606,1.08969,1.57084,0.11672,-0.12759,-0.48145,0.02887,,,,,,,,,,,,,,,,,,,,,,,,,,0,0,0,0,0
39.5789,1783969891.3456,2,1,0.5000,-0.0000,1.42235,-0.02454,-2.63608,1.08976,1.57084,0.11672,-0.12759,-0.48145,0.02885,,,,,,,,,,,,,,,,,,,,,,,,,,0,0,0,0,0
39.5878,1783969891.3546,2,1,0.5000,-0.0000,1.42235,-0.02454,-2.63608,1.08977,1.57084,0.11672,-0.12759,-0.48145,0.02885,,,,,,,,,,,,,,,,,,,,,,,,,,0,0,0,0,0
39.5882,1783969891.3550,2,1,0.5000,-0.0000,1.42235,-0.02454,-2.63608,1.08977,1.57084,0.11672,-0.12759,-0.48145,0.02885,,,,,,,,,,,,,,,,,,,,,,,,,,0,0,0,0,0
39.5999,1783969891.3666,2,1,0.5000,-0.0000,1.42235,-0.02463,-2.63610,1.08987,1.57084,0.11672,-0.12759,-0.48145,0.02882,,,,,,,,,,,,,,,,,,,,,,,,,,0,0,0,0,0
39.6111,1783969891.3779,2,1,0.5000,-0.0000,1.42235,-0.02479,-2.63613,1.09006,1.57084,0.11672,-0.12759,-0.48145,0.02876,,,,,,,,,,,,,,,,,,,,,,,,,,0,0,0,0,0
39.6183,1783969891.3851,2,1,0.5000,-0.0000,1.42235,-0.02485,-2.63614,1.09013,1.57084,0.11672,-0.12759,-0.48145,0.02874,,,,,,,,,,,,,,,,,,,,,,,,,,0,0,0,0,0
39.6190,1783969891.3858,2,1,0.5000,-0.0000,1.42235,-0.02485,-2.63614,1.09013,1.57084,0.11672,-0.12759,-0.48145,0.02874,,,,,,,,,,,,,,,,,,,,,,,,,,0,0,0,0,0
39.6358,1783969891.4025,2,1,0.5000,-0.0000,1.42235,-0.02493,-2.63615,1.09022,1.57084,0.11672,-0.12759,-0.48145,0.02872,,,,,,,,,,,,,,,,,,,,,,,,,,0,0,0,0,0
39.6383,1783969891.4051,2,1,0.5000,-0.0000,1.42235,-0.02493,-2.63615,1.09022,1.57084,0.11672,-0.12759,-0.48145,0.02872,,,,,,,,,,,,,,,,,,,,,,,,,,0,0,0,0,0
39.6479,1783969891.4147,2,1,0.5000,-0.0000,1.42235,-0.02497,-2.63616,1.09027,1.57084,0.11672,-0.12759,-0.48145,0.02871,,,,,,,,,,,,,,,,,,,,,,,,,,0,0,0,0,0
39.6581,1783969891.4249,2,1,0.5000,-0.0000,1.42235,-0.02501,-2.63617,1.09032,1.57084,0.11672,-0.12759,-0.48146,0.02869,,,,,,,,,,,,,,,,,,,,,,,,,,0,0,0,0,0
39.6746,1783969891.4414,2,1,0.5000,-0.0000,1.42235,-0.02517,-2.63619,1.09052,1.57084,0.11672,-0.12759,-0.48147,0.02865,,,,,,,,,,,,,,,,,,,,,,,,,,0,0,0,0,0
39.6763,1783969891.4430,2,1,0.5000,-0.0000,1.42235,-0.02517,-2.63619,1.09052,1.57084,0.11672,-0.12759,-0.48147,0.02865,,,,,,,,,,,,,,,,,,,,,,,,,,0,0,0,0,0
39.6766,1783969891.4434,2,1,0.5000,-0.0000,1.42235,-0.02517,-2.63619,1.09052,1.57084,0.11672,-0.12759,-0.48147,0.02865,,,,,,,,,,,,,,,,,,,,,,,,,,0,0,0,0,0
39.7800,1783969891.5468,2,1,0.5000,-0.0000,1.42235,-0.02551,-2.63610,1.09093,1.57084,0.11672,-0.12757,-0.48159,0.02861,,,,,,,,,,,,,,,,,,,,,,,,,,0,0,0,0,0
39.7807,1783969891.5475,2,1,0.5000,-0.0000,1.42235,-0.02551,-2.63610,1.09093,1.57084,0.11672,-0.12757,-0.48159,0.02861,,,,,,,,,,,,,,,,,,,,,,,,,,0,0,0,0,0
39.7811,1783969891.5479,2,1,0.5000,-0.0000,1.42235,-0.02551,-2.63610,1.09093,1.57084,0.11672,-0.12757,-0.48159,0.02861,,,,,,,,,,,,,,,,,,,,,,,,,,0,0,0,0,0
39.7820,1783969891.5488,2,1,0.5000,-0.0000,1.42235,-0.02551,-2.63610,1.09093,1.57084,0.11672,-0.12757,-0.48159,0.02861,,,,,,,,,,,,,,,,,,,,,,,,,,0,0,0,0,0
39.7825,1783969891.5493,2,1,0.5000,-0.0000,1.42235,-0.02551,-2.63610,1.09093,1.57084,0.11672,-0.12757,-0.48159,0.02861,,,,,,,,,,,,,,,,,,,,,,,,,,0,0,0,0,0
39.7829,1783969891.5497,2,1,0.5000,-0.0000,1.42235,-0.02551,-2.63610,1.09093,1.57084,0.11672,-0.12757,-0.48159,0.02861,,,,,,,,,,,,,,,,,,,,,,,,,,0,0,0,0,0
39.7837,1783969891.5505,2,1,0.5000,-0.0000,1.42235,-0.02551,-2.63610,1.09093,1.57084,0.11672,-0.12757,-0.48159,0.02861,,,,,,,,,,,,,,,,,,,,,,,,,,0,0,0,0,0
39.7841,1783969891.5509,2,1,0.5000,-0.0000,1.42235,-0.02551,-2.63610,1.09093,1.57084,0.11672,-0.12757,-0.48159,0.02861,,,,,,,,,,,,,,,,,,,,,,,,,,0,0,0,0,0
39.7939,1783969891.5607,2,1,0.5000,-0.0000,1.42235,-0.02551,-2.63610,1.09093,1.57084,0.11672,-0.12757,-0.48159,0.02861,,,,,,,,,,,,,,,,,,,,,,,,,,0,0,0,0,0
39.7996,1783969891.5664,2,1,0.5000,-0.0000,1.42235,-0.02551,-2.63610,1.09093,1.57084,0.11672,-0.12757,-0.48159,0.02861,,,,,,,,,,,,,,,,,,,,,,,,,,0,0,0,0,0
39.8093,1783969891.5760,2,1,0.5000,-0.0000,1.42235,-0.02551,-2.63610,1.09093,1.57084,0.11672,-0.12757,-0.48159,0.02861,,,,,,,,,,,,,,,,,,,,,,,,,,0,0,0,0,0
39.8175,1783969891.5842,2,1,0.5000,-0.0000,1.42235,-0.02551,-2.63610,1.09093,1.57084,0.11672,-0.12757,-0.48159,0.02861,,,,,,,,,,,,,,,,,,,,,,,,,,0,0,0,0,0
39.8280,1783969891.5948,2,1,0.5000,-0.0000,1.42235,-0.02551,-2.63610,1.09093,1.57084,0.11672,-0.12757,-0.48159,0.02861,,,,,,,,,,,,,,,,,,,,,,,,,,0,0,0,0,0
39.8397,1783969891.6065,2,1,0.5000,-0.0000,1.42235,-0.02551,-2.63610,1.09093,1.57084,0.11672,-0.12757,-0.48159,0.02861,,,,,,,,,,,,,,,,,,,,,,,,,,0,0,0,0,0
39.8485,1783969891.6152,2,1,0.5000,-0.0000,1.42235,-0.02551,-2.63610,1.09093,1.57084,0.11672,-0.12757,-0.48159,0.02861,,,,,,,,,,,,,,,,,,,,,,,,,,0,0,0,0,0
39.8563,1783969891.6231,2,1,0.5000,-0.0000,1.42235,-0.02551,-2.63610,1.09093,1.57084,0.11672,-0.12757,-0.48159,0.02861,,,,,,,,,,,,,,,,,,,,,,,,,,0,0,0,0,0
39.8667,1783969891.6334,2,1,0.5000,-0.0000,1.42235,-0.02551,-2.63610,1.09093,1.57084,0.11672,-0.12757,-0.48159,0.02861,,,,,,,,,,,,,,,,,,,,,,,,,,0,0,0,0,0
39.8816,1783969891.6484,2,1,0.5000,-0.0000,1.42235,-0.02551,-2.63610,1.09093,1.57084,0.11672,-0.12757,-0.48159,0.02861,,,,,,,,,,,,,,,,,,,,,,,,,,0,0,0,0,0
39.8967,1783969891.6635,2,1,0.5000,-0.0000,1.42235,-0.02551,-2.63610,1.09093,1.57084,0.11672,-0.12757,-0.48159,0.02861,,,,,,,,,,,,,,,,,,,,,,,,,,0,0,0,0,0
39.8972,1783969891.6640,2,1,0.5000,-0.0000,1.42235,-0.02551,-2.63610,1.09093,1.57084,0.11672,-0.12757,-0.48159,0.02861,,,,,,,,,,,,,,,,,,,,,,,,,,0,0,0,0,0
39.8975,1783969891.6642,2,1,0.5000,-0.0000,1.42235,-0.02551,-2.63610,1.09093,1.57084,0.11672,-0.12757,-0.48159,0.02861,,,,,,,,,,,,,,,,,,,,,,,,,,0,0,0,0,0
39.9139,1783969891.6807,2,1,0.5000,-0.0000,1.42235,-0.02551,-2.63610,1.09093,1.57084,0.11672,-0.12757,-0.48159,0.02861,,,,,,,,,,,,,,,,,,,,,,,,,,0,0,0,0,0
39.9185,1783969891.6853,2,1,0.5000,-0.0000,1.42235,-0.02551,-2.63610,1.09094,1.57084,0.11672,-0.12757,-0.48159,0.02861,,,,,,,,,,,,,,,,,,,,,,,,,,0,0,0,0,0
39.9189,1783969891.6857,2,1,0.5000,-0.0000,1.42235,-0.02551,-2.63610,1.09094,1.57084,0.11672,-0.12757,-0.48159,0.02861,,,,,,,,,,,,,,,,,,,,,,,,,,0,0,0,0,0
39.9271,1783969891.6939,2,1,0.5000,-0.0000,1.42235,-0.02551,-2.63611,1.09094,1.57084,0.11672,-0.12757,-0.48158,0.02860,,,,,,,,,,,,,,,,,,,,,,,,,,0,0,0,0,0
39.9393,1783969891.7060,2,1,0.5000,-0.0000,1.42235,-0.02553,-2.63615,1.09096,1.57084,0.11672,-0.12758,-0.48155,0.02858,,,,,,,,,,,,,,,,,,,,,,,,,,0,0,0,0,0
39.9397,1783969891.7065,2,1,0.5000,-0.0000,1.42235,-0.02553,-2.63615,1.09096,1.57084,0.11672,-0.12758,-0.48155,0.02858,,,,,,,,,,,,,,,,,,,,,,,,,,0,0,0,0,0
39.9531,1783969891.7198,2,1,0.5000,-0.0000,1.42235,-0.02554,-2.63617,1.09098,1.57084,0.11672,-0.12758,-0.48154,0.02857,,,,,,,,,,,,,,,,,,,,,,,,,,0,0,0,0,0
39.9597,1783969891.7265,2,1,0.5000,-0.0000,1.42235,-0.02555,-2.63619,1.09100,1.57084,0.11672,-0.12758,-0.48153,0.02856,,,,,,,,,,,,,,,,,,,,,,,,,,0,0,0,0,0
39.9724,1783969891.7392,2,1,0.5000,-0.0000,1.42235,-0.02560,-2.63624,1.09105,1.57084,0.11672,-0.12758,-0.48150,0.02852,,,,,,,,,,,,,,,,,,,,,,,,,,0,0,0,0,0
39.9727,1783969891.7395,2,1,0.5000,-0.0000,1.42235,-0.02560,-2.63624,1.09105,1.57084,0.11672,-0.12758,-0.48150,0.02852,,,,,,,,,,,,,,,,,,,,,,,,,,0,0,0,0,0
39.9841,1783969891.7509,2,1,0.5000,-0.0000,1.42235,-0.02563,-2.63626,1.09108,1.57084,0.11672,-0.12759,-0.48149,0.02851,,,,,,,,,,,,,,,,,,,,,,,,,,0,0,0,0,0
39.9927,1783969891.7595,2,1,0.5000,-0.0000,1.42235,-0.02566,-2.63627,1.09111,1.57084,0.11672,-0.12759,-0.48148,0.02849,,,,,,,,,,,,,,,,,,,,,,,,,,0,0,0,0,0
39.9931,1783969891.7599,2,1,0.5000,-0.0000,1.42235,-0.02566,-2.63627,1.09111,1.57084,0.11672,-0.12759,-0.48148,0.02849,,,,,,,,,,,,,,,,,,,,,,,,,,0,0,0,0,0
40.0056,1783969891.7724,2,1,0.5000,-0.0000,1.42235,-0.02571,-2.63629,1.09117,1.57084,0.11672,-0.12759,-0.48147,0.02847,,,,,,,,,,,,,,,,,,,,,,,,,,0,0,0,0,0
40.0163,1783969891.7831,2,1,0.5000,-0.0000,1.42235,-0.02576,-2.63631,1.09123,1.57084,0.11672,-0.12759,-0.48147,0.02845,,,,,,,,,,,,,,,,,,,,,,,,,,0,0,0,0,0
40.0235,1783969891.7903,2,1,0.5000,-0.0000,1.42235,-0.02584,-2.63633,1.09133,1.57084,0.11672,-0.12759,-0.48146,0.02843,,,,,,,,,,,,,,,,,,,,,,,,,,0,0,0,0,0
40.0327,1783969891.7995,2,1,0.5000,-0.0000,1.42235,-0.02594,-2.63635,1.09145,1.57084,0.11672,-0.12759,-0.48146,0.02839,,,,,,,,,,,,,,,,,,,,,,,,,,0,0,0,0,0
40.0439,1783969891.8107,2,1,0.5000,-0.0000,1.42235,-0.02597,-2.63636,1.09148,1.57084,0.11672,-0.12759,-0.48146,0.02838,,,,,,,,,,,,,,,,,,,,,,,,,,0,0,0,0,0
40.0563,1783969891.8231,2,1,0.5000,-0.0000,1.42235,-0.02607,-2.63638,1.09160,1.57084,0.11672,-0.12759,-0.48146,0.02835,,,,,,,,,,,,,,,,,,,,,,,,,,0,0,0,0,0
40.0566,1783969891.8233,2,1,0.5000,-0.0000,1.42235,-0.02607,-2.63638,1.09160,1.57084,0.11672,-0.12759,-0.48146,0.02835,,,,,,,,,,,,,,,,,,,,,,,,,,0,0,0,0,0
40.0662,1783969891.8329,2,1,0.5000,-0.0000,1.42235,-0.02617,-2.63640,1.09172,1.57084,0.11672,-0.12759,-0.48146,0.02831,,,,,,,,,,,,,,,,,,,,,,,,,,0,0,0,0,0
40.0739,1783969891.8407,2,1,0.5000,-0.0000,1.42235,-0.02618,-2.63640,1.09173,1.57084,0.11672,-0.12759,-0.48146,0.02831,,,,,,,,,,,,,,,,,,,,,,,,,,0,0,0,0,0
40.0852,1783969891.8519,2,1,0.5000,-0.0000,1.42235,-0.02625,-2.63641,1.09181,1.57084,0.11672,-0.12759,-0.48146,0.02829,,,,,,,,,,,,,,,,,,,,,,,,,,0,0,0,0,0
40.0949,1783969891.8617,2,1,0.5000,-0.0000,1.42235,-0.02633,-2.63642,1.09191,1.57084,0.11672,-0.12759,-0.48147,0.02827,,,,,,,,,,,,,,,,,,,,,,,,,,0,0,0,0,0
40.1088,1783969891.8756,2,1,0.5000,-0.0000,1.42235,-0.02637,-2.63642,1.09196,1.57084,0.11672,-0.12759,-0.48147,0.02826,,,,,,,,,,,,,,,,,,,,,,,,,,0,0,0,0,0
40.1160,1783969891.8828,2,1,0.5000,-0.0000,1.42235,-0.02642,-2.63642,1.09203,1.57084,0.11672,-0.12758,-0.48149,0.02824,,,,,,,,,,,,,,,,,,,,,,,,,,0,0,0,0,0
40.1237,1783969891.8904,2,1,0.5000,-0.0000,1.42235,-0.02650,-2.63642,1.09212,1.57084,0.11672,-0.12758,-0.48150,0.02823,,,,,,,,,,,,,,,,,,,,,,,,,,0,0,0,0,0
40.1386,1783969891.9054,2,1,0.5000,-0.0000,1.42235,-0.02661,-2.63640,1.09226,1.57084,0.11672,-0.12758,-0.48153,0.02821,,,,,,,,,,,,,,,,,,,,,,,,,,0,0,0,0,0
40.1455,1783969891.9123,2,1,0.5000,-0.0000,1.42235,-0.02667,-2.63639,1.09234,1.57084,0.11672,-0.12757,-0.48155,0.02820,,,,,,,,,,,,,,,,,,,,,,,,,,0,0,0,0,0
40.1461,1783969891.9129,2,1,0.5000,-0.0000,1.42235,-0.02667,-2.63639,1.09234,1.57084,0.11672,-0.12757,-0.48155,0.02820,,,,,,,,,,,,,,,,,,,,,,,,,,0,0,0,0,0
40.1552,1783969891.9220,2,1,0.5000,-0.0000,1.42235,-0.02672,-2.63636,1.09240,1.57084,0.11672,-0.12757,-0.48158,0.02820,,,,,,,,,,,,,,,,,,,,,,,,,,0,0,0,0,0
40.1634,1783969891.9302,2,1,0.5000,-0.0000,1.42235,-0.02672,-2.63636,1.09240,1.57084,0.11672,-0.12757,-0.48158,0.02820,,,,,,,,,,,,,,,,,,,,,,,,,,0,0,0,0,0
40.1735,1783969891.9403,2,1,0.5000,-0.0000,1.42235,-0.02672,-2.63636,1.09240,1.57084,0.11672,-0.12757,-0.48158,0.02820,,,,,,,,,,,,,,,,,,,,,,,,,,0,0,0,0,0
40.1740,1783969891.9408,2,1,0.5000,-0.0000,1.42235,-0.02672,-2.63636,1.09240,1.57084,0.11672,-0.12757,-0.48158,0.02820,,,,,,,,,,,,,,,,,,,,,,,,,,0,0,0,0,0
40.1872,1783969891.9540,2,1,0.5000,-0.0000,1.42235,-0.02672,-2.63636,1.09240,1.57084,0.11672,-0.12757,-0.48158,0.02820,,,,,,,,,,,,,,,,,,,,,,,,,,0,0,0,0,0
40.1954,1783969891.9621,2,1,0.5000,-0.0000,1.42235,-0.02672,-2.63636,1.09240,1.57084,0.11672,-0.12757,-0.48158,0.02820,,,,,,,,,,,,,,,,,,,,,,,,,,0,0,0,0,0
40.2056,1783969891.9724,2,1,0.5000,-0.0000,1.42235,-0.02672,-2.63636,1.09240,1.57084,0.11672,-0.12757,-0.48158,0.02820,,,,,,,,,,,,,,,,,,,,,,,,,,0,0,0,0,0
40.2155,1783969891.9823,2,1,0.5000,-0.0000,1.42235,-0.02672,-2.63636,1.09240,1.57084,0.11672,-0.12757,-0.48158,0.02820,,,,,,,,,,,,,,,,,,,,,,,,,,0,0,0,0,0
40.2245,1783969891.9913,2,1,0.5000,-0.0000,1.42235,-0.02672,-2.63636,1.09240,1.57084,0.11672,-0.12757,-0.48158,0.02820,,,,,,,,,,,,,,,,,,,,,,,,,,0,0,0,0,0
40.2249,1783969891.9917,2,1,0.5000,-0.0000,1.42235,-0.02672,-2.63636,1.09240,1.57084,0.11672,-0.12757,-0.48158,0.02820,,,,,,,,,,,,,,,,,,,,,,,,,,0,0,0,0,0
40.2764,1783969892.0431,2,1,0.5000,-0.0000,1.42235,-0.02672,-2.63636,1.09240,1.57084,0.11672,-0.12757,-0.48158,0.02820,,,,,,,,,,,,,,,,,,,,,,,,,,0,0,0,0,0
40.2888,1783969892.0555,2,1,0.5000,-0.0000,1.42235,-0.02672,-2.63636,1.09240,1.57084,0.11672,-0.12757,-0.48158,0.02820,,,,,,,,,,,,,,,,,,,,,,,,,,0,0,0,0,0
40.2963,1783969892.0630,2,1,0.5000,-0.0000,1.42235,-0.02672,-2.63636,1.09240,1.57084,0.11672,-0.12757,-0.48158,0.02820,,,,,,,,,,,,,,,,,,,,,,,,,,0,0,0,0,0
40.2973,1783969892.0641,2,1,0.5000,-0.0000,1.42235,-0.02672,-2.63636,1.09240,1.57084,0.11672,-0.12757,-0.48158,0.02820,,,,,,,,,,,,,,,,,,,,,,,,,,0,0,0,0,0
40.3053,1783969892.0721,2,1,0.5000,-0.0000,1.42235,-0.02672,-2.63636,1.09240,1.57084,0.11672,-0.12757,-0.48158,0.02820,,,,,,,,,,,,,,,,,,,,,,,,,,0,0,0,0,0
40.3075,1783969892.0743,2,1,0.5000,-0.0000,1.42235,-0.02672,-2.63636,1.09240,1.57084,0.11672,-0.12757,-0.48158,0.02820,,,,,,,,,,,,,,,,,,,,,,,,,,0,0,0,0,0
40.3088,1783969892.0756,2,1,0.5000,-0.0000,1.42235,-0.02672,-2.63636,1.09240,1.57084,0.11672,-0.12757,-0.48158,0.02820,,,,,,,,,,,,,,,,,,,,,,,,,,0,0,0,0,0
40.3102,1783969892.0770,2,1,0.5000,-0.0000,1.42235,-0.02672,-2.63636,1.09240,1.57084,0.11672,-0.12757,-0.48158,0.02820,,,,,,,,,,,,,,,,,,,,,,,,,,0,0,0,0,0
40.3163,1783969892.0831,2,1,0.5000,-0.0000,1.42235,-0.02672,-2.63636,1.09240,1.57084,0.11672,-0.12757,-0.48158,0.02820,,,,,,,,,,,,,,,,,,,,,,,,,,0,0,0,0,0
40.3170,1783969892.0838,2,1,0.5000,-0.0000,1.42235,-0.02672,-2.63636,1.09240,1.57084,0.11672,-0.12757,-0.48158,0.02820,,,,,,,,,,,,,,,,,,,,,,,,,,0,0,0,0,0
40.3281,1783969892.0949,2,1,0.5000,-0.0000,1.42235,-0.02672,-2.63636,1.09240,1.57084,0.11672,-0.12757,-0.48158,0.02820,,,,,,,,,,,,,,,,,,,,,,,,,,0,0,0,0,0
40.3375,1783969892.1043,2,1,0.5000,-0.0000,1.42235,-0.02672,-2.63636,1.09240,1.57084,0.11672,-0.12757,-0.48158,0.02820,,,,,,,,,,,,,,,,,,,,,,,,,,0,0,0,0,0
40.3551,1783969892.1219,2,1,0.5000,-0.0000,1.42235,-0.02673,-2.63638,1.09241,1.57084,0.11672,-0.12757,-0.48156,0.02819,,,,,,,,,,,,,,,,,,,,,,,,,,0,0,0,0,0
40.3557,1783969892.1225,2,1,0.5000,-0.0000,1.42235,-0.02673,-2.63638,1.09241,1.57084,0.11672,-0.12757,-0.48156,0.02819,,,,,,,,,,,,,,,,,,,,,,,,,,0,0,0,0,0
40.3660,1783969892.1328,2,1,0.5000,-0.0000,1.42235,-0.02673,-2.63639,1.09242,1.57084,0.11672,-0.12757,-0.48156,0.02818,,,,,,,,,,,,,,,,,,,,,,,,,,0,0,0,0,0
40.3669,1783969892.1337,2,1,0.5000,-0.0000,1.42235,-0.02674,-2.63640,1.09242,1.57084,0.11672,-0.12757,-0.48155,0.02818,,,,,,,,,,,,,,,,,,,,,,,,,,0,0,0,0,0
40.3799,1783969892.1467,2,1,0.5000,-0.0000,1.42235,-0.02677,-2.63643,1.09246,1.57084,0.11672,-0.12758,-0.48153,0.02816,,,,,,,,,,,,,,,,,,,,,,,,,,0,0,0,0,0
40.3902,1783969892.1570,2,1,0.5000,-0.0000,1.42235,-0.02681,-2.63648,1.09250,1.57084,0.11672,-0.12758,-0.48150,0.02813,,,,,,,,,,,,,,,,,,,,,,,,,,0,0,0,0,0
40.3931,1783969892.1599,2,1,0.5000,-0.0000,1.42235,-0.02683,-2.63650,1.09253,1.57084,0.11672,-0.12758,-0.48149,0.02811,,,,,,,,,,,,,,,,,,,,,,,,,,0,0,0,0,0
40.3934,1783969892.1602,2,1,0.5000,-0.0000,1.42235,-0.02683,-2.63650,1.09253,1.57084,0.11672,-0.12758,-0.48149,0.02811,,,,,,,,,,,,,,,,,,,,,,,,,,0,0,0,0,0
40.4078,1783969892.1746,2,1,0.5000,-0.0000,1.42235,-0.02686,-2.63652,1.09256,1.57084,0.11672,-0.12758,-0.48148,0.02810,,,,,,,,,,,,,,,,,,,,,,,,,,0,0,0,0,0
40.4081,1783969892.1749,2,1,0.5000,-0.0000,1.42235,-0.02686,-2.63652,1.09256,1.57084,0.11672,-0.12758,-0.48148,0.02810,,,,,,,,,,,,,,,,,,,,,,,,,,0,0,0,0,0
40.4167,1783969892.1835,2,1,0.5000,-0.0000,1.42235,-0.02690,-2.63654,1.09261,1.57084,0.11672,-0.12759,-0.48147,0.02808,,,,,,,,,,,,,,,,,,,,,,,,,,0,0,0,0,0
40.4170,1783969892.1838,2,1,0.5000,-0.0000,1.42235,-0.02690,-2.63654,1.09261,1.57084,0.11672,-0.12759,-0.48147,0.02808,,,,,,,,,,,,,,,,,,,,,,,,,,0,0,0,0,0
40.4377,1783969892.2045,2,1,0.5000,-0.0000,1.42235,-0.02697,-2.63657,1.09270,1.57084,0.11672,-0.12759,-0.48146,0.02804,,,,,,,,,,,,,,,,,,,,,,,,,,0,0,0,0,0
40.4393,1783969892.2061,2,1,0.5000,-0.0000,1.42235,-0.02700,-2.63658,1.09272,1.57084,0.11672,-0.12759,-0.48145,0.02804,,,,,,,,,,,,,,,,,,,,,,,,,,0,0,0,0,0
40.4395,1783969892.2063,2,1,0.5000,-0.0000,1.42235,-0.02700,-2.63658,1.09272,1.57084,0.11672,-0.12759,-0.48145,0.02804,,,,,,,,,,,,,,,,,,,,,,,,,,0,0,0,0,0
40.4650,1783969892.2318,2,1,0.5000,-0.0000,1.42235,-0.02713,-2.63660,1.09287,1.57084,0.11672,-0.12759,-0.48145,0.02799,,,,,,,,,,,,,,,,,,,,,,,,,,0,0,0,0,0
40.4678,1783969892.2345,2,1,0.5000,-0.0000,1.42235,-0.02717,-2.63661,1.09292,1.57084,0.11672,-0.12759,-0.48146,0.02798,,,,,,,,,,,,,,,,,,,,,,,,,,0,0,0,0,0
40.4683,1783969892.2351,2,1,0.5000,-0.0000,1.42235,-0.02717,-2.63661,1.09292,1.57084,0.11672,-0.12759,-0.48146,0.02798,,,,,,,,,,,,,,,,,,,,,,,,,,0,0,0,0,0
40.4686,1783969892.2354,2,1,0.5000,-0.0000,1.42235,-0.02717,-2.63661,1.09292,1.57084,0.11672,-0.12759,-0.48146,0.02798,,,,,,,,,,,,,,,,,,,,,,,,,,0,0,0,0,0
40.4730,1783969892.2397,2,1,0.5000,-0.0000,1.42235,-0.02722,-2.63662,1.09298,1.57084,0.11672,-0.12759,-0.48146,0.02796,,,,,,,,,,,,,,,,,,,,,,,,,,0,0,0,0,0
40.4850,1783969892.2518,2,1,0.5000,-0.0000,1.42235,-0.02734,-2.63664,1.09312,1.57084,0.11672,-0.12759,-0.48146,0.02793,,,,,,,,,,,,,,,,,,,,,,,,,,0,0,0,0,0
40.4954,1783969892.2622,2,1,0.5000,-0.0000,1.42234,-0.02739,-2.63664,1.09318,1.57084,0.11672,-0.12759,-0.48146,0.02791,,,,,,,,,,,,,,,,,,,,,,,,,,0,0,0,0,0
40.4957,1783969892.2624,2,1,0.5000,-0.0000,1.42234,-0.02739,-2.63664,1.09318,1.57084,0.11672,-0.12759,-0.48146,0.02791,,,,,,,,,,,,,,,,,,,,,,,,,,0,0,0,0,0
40.5102,1783969892.2770,2,1,0.5000,-0.0000,1.42234,-0.02750,-2.63666,1.09332,1.57084,0.11672,-0.12758,-0.48147,0.02788,,,,,,,,,,,,,,,,,,,,,,,,,,0,0,0,0,0
40.5186,1783969892.2853,2,1,0.5000,-0.0000,1.42234,-0.02760,-2.63667,1.09343,1.57084,0.11672,-0.12758,-0.48147,0.02785,,,,,,,,,,,,,,,,,,,,,,,,,,0,0,0,0,0
40.5348,1783969892.3016,2,1,0.5000,-0.0000,1.42234,-0.02765,-2.63667,1.09350,1.57084,0.11672,-0.12758,-0.48148,0.02783,,,,,,,,,,,,,,,,,,,,,,,,,,0,0,0,0,0
40.5405,1783969892.3073,2,1,0.5000,-0.0000,1.42234,-0.02768,-2.63667,1.09353,1.57084,0.11672,-0.12758,-0.48149,0.02783,,,,,,,,,,,,,,,,,,,,,,,,,,0,0,0,0,0
40.5409,1783969892.3077,2,1,0.5000,-0.0000,1.42234,-0.02768,-2.63667,1.09353,1.57084,0.11672,-0.12758,-0.48149,0.02783,,,,,,,,,,,,,,,,,,,,,,,,,,0,0,0,0,0
40.5415,1783969892.3083,2,1,0.5000,-0.0000,1.42234,-0.02768,-2.63667,1.09353,1.57084,0.11672,-0.12758,-0.48149,0.02783,,,,,,,,,,,,,,,,,,,,,,,,,,0,0,0,0,0
40.5476,1783969892.3143,2,1,0.5000,-0.0000,1.42234,-0.02774,-2.63666,1.09361,1.57084,0.11672,-0.12758,-0.48150,0.02782,,,,,,,,,,,,,,,,,,,,,,,,,,0,0,0,0,0
40.5596,1783969892.3263,2,1,0.5000,-0.0000,1.42234,-0.02783,-2.63665,1.09372,1.57084,0.11672,-0.12757,-0.48153,0.02780,,,,,,,,,,,,,,,,,,,,,,,,,,0,0,0,0,0
40.5713,1783969892.3381,2,1,0.5000,-0.0000,1.42234,-0.02790,-2.63662,1.09382,1.57084,0.11672,-0.12757,-0.48156,0.02780,,,,,,,,,,,,,,,,,,,,,,,,,,0,0,0,0,0
40.5794,1783969892.3462,2,1,0.5000,-0.0000,1.42234,-0.02793,-2.63660,1.09385,1.57084,0.11672,-0.12757,-0.48158,0.02780,,,,,,,,,,,,,,,,,,,,,,,,,,0,0,0,0,0
40.5798,1783969892.3466,2,1,0.5000,-0.0000,1.42234,-0.02793,-2.63660,1.09385,1.57084,0.11672,-0.12757,-0.48158,0.02780,,,,,,,,,,,,,,,,,,,,,,,,,,0,0,0,0,0
40.5838,1783969892.3506,2,1,0.5000,-0.0000,1.42234,-0.02793,-2.63660,1.09385,1.57084,0.11672,-0.12757,-0.48158,0.02780,,,,,,,,,,,,,,,,,,,,,,,,,,0,0,0,0,0
40.5843,1783969892.3510,2,1,0.5000,-0.0000,1.42234,-0.02793,-2.63660,1.09385,1.57084,0.11672,-0.12757,-0.48158,0.02780,,,,,,,,,,,,,,,,,,,,,,,,,,0,0,0,0,0
40.5935,1783969892.3603,2,1,0.5000,-0.0000,1.42234,-0.02793,-2.63660,1.09385,1.57084,0.11672,-0.12757,-0.48158,0.02780,,,,,,,,,,,,,,,,,,,,,,,,,,0,0,0,0,0
40.5940,1783969892.3608,2,1,0.5000,-0.0000,1.42234,-0.02793,-2.63660,1.09385,1.57084,0.11672,-0.12757,-0.48158,0.02780,,,,,,,,,,,,,,,,,,,,,,,,,,0,0,0,0,0
40.6129,1783969892.3797,2,1,0.5000,-0.0000,1.42234,-0.02793,-2.63660,1.09385,1.57084,0.11672,-0.12757,-0.48158,0.02780,,,,,,,,,,,,,,,,,,,,,,,,,,0,0,0,0,0
40.6133,1783969892.3801,2,1,0.5000,-0.0000,1.42234,-0.02793,-2.63660,1.09385,1.57084,0.11672,-0.12757,-0.48158,0.02780,,,,,,,,,,,,,,,,,,,,,,,,,,0,0,0,0,0
40.6184,1783969892.3852,2,1,0.5000,-0.0000,1.42234,-0.02793,-2.63660,1.09385,1.57084,0.11672,-0.12757,-0.48158,0.02780,,,,,,,,,,,,,,,,,,,,,,,,,,0,0,0,0,0
40.6235,1783969892.3902,2,1,0.5000,-0.0000,1.42234,-0.02793,-2.63660,1.09385,1.57084,0.11672,-0.12757,-0.48158,0.02780,,,,,,,,,,,,,,,,,,,,,,,,,,0,0,0,0,0
40.6356,1783969892.4023,2,1,0.5000,-0.0000,1.42234,-0.02793,-2.63660,1.09385,1.57084,0.11672,-0.12757,-0.48158,0.02780,,,,,,,,,,,,,,,,,,,,,,,,,,0,0,0,0,0
40.6756,1783969892.4424,2,1,0.5000,-0.0000,1.42234,-0.02793,-2.63660,1.09385,1.57084,0.11672,-0.12757,-0.48158,0.02780,,,,,,,,,,,,,,,,,,,,,,,,,,0,0,0,0,0
40.6761,1783969892.4428,2,1,0.5000,-0.0000,1.42234,-0.02793,-2.63660,1.09385,1.57084,0.11672,-0.12757,-0.48158,0.02780,,,,,,,,,,,,,,,,,,,,,,,,,,0,0,0,0,0
40.7285,1783969892.4953,2,1,0.5000,-0.0000,1.42234,-0.02793,-2.63660,1.09385,1.57084,0.11672,-0.12757,-0.48158,0.02780,,,,,,,,,,,,,,,,,,,,,,,,,,0,0,0,0,0
40.7371,1783969892.5039,2,1,0.5000,-0.0000,1.42234,-0.02793,-2.63660,1.09385,1.57084,0.11672,-0.12757,-0.48158,0.02780,,,,,,,,,,,,,,,,,,,,,,,,,,0,0,0,0,0
40.7409,1783969892.5076,2,1,0.5000,-0.0000,1.42234,-0.02793,-2.63660,1.09385,1.57084,0.11672,-0.12757,-0.48158,0.02780,,,,,,,,,,,,,,,,,,,,,,,,,,0,0,0,0,0
40.7438,1783969892.5106,2,1,0.5000,-0.0000,1.42234,-0.02793,-2.63660,1.09385,1.57084,0.11672,-0.12757,-0.48158,0.02780,,,,,,,,,,,,,,,,,,,,,,,,,,0,0,0,0,0
40.7440,1783969892.5108,2,1,0.5000,-0.0000,1.42234,-0.02793,-2.63660,1.09385,1.57084,0.11672,-0.12757,-0.48158,0.02780,,,,,,,,,,,,,,,,,,,,,,,,,,0,0,0,0,0
40.7456,1783969892.5124,2,1,0.5000,-0.0000,1.42234,-0.02793,-2.63660,1.09385,1.57084,0.11672,-0.12757,-0.48158,0.02780,,,,,,,,,,,,,,,,,,,,,,,,,,0,0,0,0,0
40.7459,1783969892.5127,2,1,0.5000,-0.0000,1.42234,-0.02793,-2.63660,1.09385,1.57084,0.11672,-0.12757,-0.48158,0.02780,,,,,,,,,,,,,,,,,,,,,,,,,,0,0,0,0,0
40.7480,1783969892.5147,2,1,0.5000,-0.0000,1.42234,-0.02793,-2.63660,1.09385,1.57084,0.11672,-0.12757,-0.48158,0.02780,,,,,,,,,,,,,,,,,,,,,,,,,,0,0,0,0,0
40.7487,1783969892.5155,2,1,0.5000,-0.0000,1.42234,-0.02793,-2.63660,1.09385,1.57084,0.11672,-0.12757,-0.48158,0.02780,,,,,,,,,,,,,,,,,,,,,,,,,,0,0,0,0,0
40.7792,1783969892.5460,2,1,0.5000,-0.0000,1.42234,-0.02794,-2.63664,1.09387,1.57084,0.11672,-0.12757,-0.48156,0.02778,,,,,,,,,,,,,,,,,,,,,,,,,,0,0,0,0,0
40.7796,1783969892.5464,2,1,0.5000,-0.0000,1.42234,-0.02794,-2.63664,1.09387,1.57084,0.11672,-0.12757,-0.48156,0.02778,,,,,,,,,,,,,,,,,,,,,,,,,,0,0,0,0,0
40.7901,1783969892.5568,2,1,0.5000,-0.0000,1.42234,-0.02795,-2.63665,1.09388,1.57084,0.11672,-0.12757,-0.48155,0.02778,,,,,,,,,,,,,,,,,,,,,,,,,,0,0,0,0,0
40.7904,1783969892.5572,2,1,0.5000,-0.0000,1.42234,-0.02795,-2.63665,1.09388,1.57084,0.11672,-0.12757,-0.48155,0.02778,,,,,,,,,,,,,,,,,,,,,,,,,,0,0,0,0,0
40.7926,1783969892.5593,2,1,0.5000,-0.0000,1.42234,-0.02795,-2.63665,1.09388,1.57084,0.11672,-0.12757,-0.48155,0.02778,,,,,,,,,,,,,,,,,,,,,,,,,,0,0,0,0,0
40.7983,1783969892.5651,2,1,0.5000,-0.0000,1.42234,-0.02795,-2.63666,1.09389,1.57084,0.11672,-0.12757,-0.48154,0.02777,,,,,,,,,,,,,,,,,,,,,,,,,,0,0,0,0,0
40.7990,1783969892.5658,2,1,0.5000,-0.0000,1.42234,-0.02796,-2.63667,1.09390,1.57084,0.11672,-0.12757,-0.48153,0.02776,,,,,,,,,,,,,,,,,,,,,,,,,,0,0,0,0,0
40.8076,1783969892.5744,2,1,0.5000,-0.0000,1.42234,-0.02799,-2.63670,1.09393,1.57084,0.11672,-0.12758,-0.48152,0.02774,,,,,,,,,,,,,,,,,,,,,,,,,,0,0,0,0,0
40.8178,1783969892.5846,2,1,0.5000,-0.0000,1.42234,-0.02799,-2.63670,1.09393,1.57084,0.11672,-0.12758,-0.48151,0.02774,,,,,,,,,,,,,,,,,,,,,,,,,,0,0,0,0,0
40.8254,1783969892.5922,2,1,0.5000,-0.0000,1.42234,-0.02802,-2.63672,1.09396,1.57084,0.11672,-0.12758,-0.48150,0.02773,,,,,,,,,,,,,,,,,,,,,,,,,,0,0,0,0,0
40.8257,1783969892.5925,2,1,0.5000,-0.0000,1.42234,-0.02802,-2.63672,1.09396,1.57084,0.11672,-0.12758,-0.48150,0.02773,,,,,,,,,,,,,,,,,,,,,,,,,,0,0,0,0,0
40.8463,1783969892.6130,2,1,0.5000,-0.0000,1.42234,-0.02815,-2.63681,1.09411,1.57084,0.11672,-0.12758,-0.48146,0.02766,,,,,,,,,,,,,,,,,,,,,,,,,,0,0,0,0,0
40.8497,1783969892.6165,2,1,0.5000,-0.0000,1.42234,-0.02815,-2.63681,1.09411,1.57084,0.11672,-0.12758,-0.48146,0.02766,,,,,,,,,,,,,,,,,,,,,,,,,,0,0,0,0,0
40.8501,1783969892.6169,2,1,0.5000,-0.0000,1.42234,-0.02815,-2.63681,1.09411,1.57084,0.11672,-0.12758,-0.48146,0.02766,,,,,,,,,,,,,,,,,,,,,,,,,,0,0,0,0,0
40.8560,1783969892.6228,2,1,0.5000,-0.0000,1.42234,-0.02817,-2.63681,1.09413,1.57084,0.11672,-0.12758,-0.48146,0.02765,,,,,,,,,,,,,,,,,,,,,,,,,,0,0,0,0,0
40.8937,1783969892.6605,2,1,0.5000,-0.0000,1.42234,-0.02838,-2.63686,1.09438,1.57084,0.11672,-0.12758,-0.48145,0.02758,,,,,,,,,,,,,,,,,,,,,,,,,,0,0,0,0,0
40.8942,1783969892.6609,2,1,0.5000,-0.0000,1.42234,-0.02838,-2.63686,1.09438,1.57084,0.11672,-0.12758,-0.48145,0.02758,,,,,,,,,,,,,,,,,,,,,,,,,,0,0,0,0,0
40.9014,1783969892.6682,2,1,0.5000,-0.0000,1.42234,-0.02846,-2.63687,1.09447,1.57084,0.11672,-0.12758,-0.48145,0.02755,,,,,,,,,,,,,,,,,,,,,,,,,,0,0,0,0,0
40.9018,1783969892.6686,2,1,0.5000,-0.0000,1.42234,-0.02846,-2.63687,1.09447,1.57084,0.11672,-0.12758,-0.48145,0.02755,,,,,,,,,,,,,,,,,,,,,,,,,,0,0,0,0,0
40.9061,1783969892.6729,2,1,0.5000,-0.0000,1.42234,-0.02846,-2.63687,1.09447,1.57084,0.11672,-0.12758,-0.48145,0.02755,,,,,,,,,,,,,,,,,,,,,,,,,,0,0,0,0,0
40.9079,1783969892.6747,2,1,0.5000,-0.0000,1.42234,-0.02847,-2.63687,1.09448,1.57084,0.11672,-0.12758,-0.48145,0.02755,,,,,,,,,,,,,,,,,,,,,,,,,,0,0,0,0,0
40.9086,1783969892.6754,2,1,0.5000,-0.0000,1.42234,-0.02847,-2.63687,1.09448,1.57084,0.11672,-0.12758,-0.48145,0.02755,,,,,,,,,,,,,,,,,,,,,,,,,,0,0,0,0,0
40.9093,1783969892.6760,2,1,0.5000,-0.0000,1.42234,-0.02847,-2.63687,1.09448,1.57084,0.11672,-0.12758,-0.48145,0.02755,,,,,,,,,,,,,,,,,,,,,,,,,,0,0,0,0,0
40.9097,1783969892.6765,2,1,0.5000,-0.0000,1.42234,-0.02847,-2.63687,1.09448,1.57084,0.11672,-0.12758,-0.48145,0.02755,,,,,,,,,,,,,,,,,,,,,,,,,,0,0,0,0,0
40.9285,1783969892.6953,2,1,0.5000,-0.0000,1.42234,-0.02865,-2.63690,1.09470,1.57084,0.11672,-0.12758,-0.48146,0.02749,,,,,,,,,,,,,,,,,,,,,,,,,,0,0,0,0,0
40.9297,1783969892.6964,2,1,0.5000,-0.0000,1.42234,-0.02865,-2.63690,1.09470,1.57084,0.11672,-0.12758,-0.48146,0.02749,,,,,,,,,,,,,,,,,,,,,,,,,,0,0,0,0,0
40.9363,1783969892.7031,2,1,0.5000,-0.0000,1.42234,-0.02876,-2.63692,1.09483,1.57084,0.11672,-0.12758,-0.48147,0.02746,,,,,,,,,,,,,,,,,,,,,,,,,,0,0,0,0,0
40.9527,1783969892.7195,2,1,0.5000,-0.0000,1.42234,-0.02897,-2.63695,1.09509,1.57084,0.11672,-0.12758,-0.48148,0.02740,,,,,,,,,,,,,,,,,,,,,,,,,,0,0,0,0,0
40.9559,1783969892.7227,2,1,0.5000,-0.0000,1.42234,-0.02897,-2.63695,1.09509,1.57084,0.11672,-0.12758,-0.48148,0.02740,,,,,,,,,,,,,,,,,,,,,,,,,,0,0,0,0,0
40.9568,1783969892.7236,2,1,0.5000,-0.0000,1.42234,-0.02901,-2.63695,1.09514,1.57084,0.11672,-0.12758,-0.48148,0.02738,,,,,,,,,,,,,,,,,,,,,,,,,,0,0,0,0,0
40.9685,1783969892.7353,2,1,0.5000,-0.0000,1.42234,-0.02907,-2.63696,1.09521,1.57084,0.11671,-0.12758,-0.48148,0.02737,,,,,,,,,,,,,,,,,,,,,,,,,,0,0,0,0,0
40.9689,1783969892.7357,2,1,0.5000,-0.0000,1.42234,-0.02907,-2.63696,1.09521,1.57084,0.11671,-0.12758,-0.48148,0.02737,,,,,,,,,,,,,,,,,,,,,,,,,,0,0,0,0,0
40.9693,1783969892.7361,2,1,0.5000,-0.0000,1.42234,-0.02907,-2.63696,1.09521,1.57084,0.11671,-0.12758,-0.48148,0.02737,,,,,,,,,,,,,,,,,,,,,,,,,,0,0,0,0,0
40.9698,1783969892.7365,2,1,0.5000,-0.0000,1.42234,-0.02907,-2.63696,1.09521,1.57084,0.11671,-0.12758,-0.48148,0.02737,,,,,,,,,,,,,,,,,,,,,,,,,,0,0,0,0,0
40.9772,1783969892.7440,2,1,0.5000,-0.0000,1.42234,-0.02907,-2.63696,1.09521,1.57084,0.11671,-0.12758,-0.48148,0.02737,,,,,,,,,,,,,,,,,,,,,,,,,,0,0,0,0,0
40.9883,1783969892.7550,2,1,0.5000,-0.0000,1.42234,-0.02907,-2.63696,1.09521,1.57084,0.11671,-0.12758,-0.48148,0.02737,,,,,,,,,,,,,,,,,,,,,,,,,,0,0,0,0,0
40.9965,1783969892.7633,2,1,0.5000,-0.0000,1.42234,-0.02907,-2.63696,1.09521,1.57084,0.11671,-0.12758,-0.48148,0.02737,,,,,,,,,,,,,,,,,,,,,,,,,,0,0,0,0,0
41.0082,1783969892.7750,2,1,0.5000,-0.0000,1.42234,-0.02907,-2.63696,1.09521,1.57084,0.11671,-0.12758,-0.48148,0.02737,,,,,,,,,,,,,,,,,,,,,,,,,,0,0,0,0,0
41.0086,1783969892.7754,2,1,0.5000,-0.0000,1.42234,-0.02907,-2.63696,1.09521,1.57084,0.11671,-0.12758,-0.48148,0.02737,,,,,,,,,,,,,,,,,,,,,,,,,,0,0,0,0,0
41.0185,1783969892.7853,2,1,0.5000,-0.0000,1.42234,-0.02907,-2.63696,1.09521,1.57084,0.11671,-0.12758,-0.48148,0.02737,,,,,,,,,,,,,,,,,,,,,,,,,,0,0,0,0,0
41.0286,1783969892.7953,2,1,0.5000,-0.0000,1.42234,-0.02907,-2.63696,1.09521,1.57084,0.11671,-0.12758,-0.48148,0.02737,,,,,,,,,,,,,,,,,,,,,,,,,,0,0,0,0,0
41.0400,1783969892.8068,2,1,0.5000,-0.0000,1.42234,-0.02907,-2.63696,1.09521,1.57084,0.11671,-0.12758,-0.48148,0.02737,,,,,,,,,,,,,,,,,,,,,,,,,,0,0,0,0,0
41.0451,1783969892.8119,2,1,0.5000,-0.0000,1.42234,-0.02907,-2.63696,1.09521,1.57084,0.11671,-0.12758,-0.48148,0.02737,,,,,,,,,,,,,,,,,,,,,,,,,,0,0,0,0,0
41.0597,1783969892.8265,2,1,0.5000,-0.0000,1.42234,-0.02907,-2.63696,1.09521,1.57084,0.11671,-0.12758,-0.48148,0.02737,,,,,,,,,,,,,,,,,,,,,,,,,,0,0,0,0,0
41.0600,1783969892.8268,2,1,0.5000,-0.0000,1.42234,-0.02907,-2.63696,1.09521,1.57084,0.11671,-0.12758,-0.48148,0.02737,,,,,,,,,,,,,,,,,,,,,,,,,,0,0,0,0,0
41.0667,1783969892.8335,2,1,0.5000,-0.0000,1.42234,-0.02907,-2.63696,1.09521,1.57084,0.11671,-0.12758,-0.48148,0.02737,,,,,,,,,,,,,,,,,,,,,,,,,,0,0,0,0,0
41.0788,1783969892.8456,2,1,0.5000,-0.0000,1.42234,-0.02907,-2.63696,1.09521,1.57084,0.11671,-0.12758,-0.48148,0.02737,,,,,,,,,,,,,,,,,,,,,,,,,,0,0,0,0,0
41.0852,1783969892.8520,2,1,0.5000,-0.0000,1.42234,-0.02907,-2.63696,1.09521,1.57084,0.11671,-0.12758,-0.48148,0.02737,,,,,,,,,,,,,,,,,,,,,,,,,,0,0,0,0,0
41.0856,1783969892.8523,2,1,0.5000,-0.0000,1.42234,-0.02907,-2.63696,1.09521,1.57084,0.11671,-0.12758,-0.48148,0.02737,,,,,,,,,,,,,,,,,,,,,,,,,,0,0,0,0,0
41.0955,1783969892.8623,2,1,0.5000,-0.0000,1.42234,-0.02907,-2.63696,1.09521,1.57084,0.11671,-0.12758,-0.48148,0.02737,,,,,,,,,,,,,,,,,,,,,,,,,,0,0,0,0,0
41.1055,1783969892.8723,2,1,0.5000,-0.0000,1.42234,-0.02907,-2.63696,1.09521,1.57084,0.11671,-0.12758,-0.48148,0.02737,,,,,,,,,,,,,,,,,,,,,,,,,,0,0,0,0,0
41.1161,1783969892.8829,2,1,0.5000,-0.0000,1.42234,-0.02907,-2.63696,1.09521,1.57084,0.11671,-0.12758,-0.48148,0.02737,,,,,,,,,,,,,,,,,,,,,,,,,,0,0,0,0,0
41.1164,1783969892.8832,2,1,0.5000,-0.0000,1.42234,-0.02907,-2.63696,1.09521,1.57084,0.11671,-0.12758,-0.48148,0.02737,,,,,,,,,,,,,,,,,,,,,,,,,,0,0,0,0,0
41.1280,1783969892.8948,2,1,0.5000,-0.0000,1.42234,-0.02907,-2.63696,1.09521,1.57084,0.11671,-0.12758,-0.48148,0.02737,,,,,,,,,,,,,,,,,,,,,,,,,,0,0,0,0,0
41.1404,1783969892.9071,2,1,0.5000,-0.0000,1.42234,-0.02907,-2.63696,1.09521,1.57084,0.11671,-0.12758,-0.48148,0.02737,,,,,,,,,,,,,,,,,,,,,,,,,,0,0,0,0,0
41.1461,1783969892.9129,2,1,0.5000,-0.0000,1.42234,-0.02907,-2.63696,1.09521,1.57084,0.11671,-0.12758,-0.48148,0.02737,,,,,,,,,,,,,,,,,,,,,,,,,,0,0,0,0,0
41.1467,1783969892.9134,2,1,0.5000,-0.0000,1.42234,-0.02907,-2.63696,1.09521,1.57084,0.11671,-0.12758,-0.48148,0.02737,,,,,,,,,,,,,,,,,,,,,,,,,,0,0,0,0,0
41.1544,1783969892.9212,2,1,0.5000,-0.0000,1.42234,-0.02907,-2.63696,1.09521,1.57084,0.11671,-0.12758,-0.48148,0.02737,,,,,,,,,,,,,,,,,,,,,,,,,,0,0,0,0,0
41.1549,1783969892.9216,2,1,0.5000,-0.0000,1.42234,-0.02907,-2.63696,1.09521,1.57084,0.11671,-0.12758,-0.48148,0.02737,,,,,,,,,,,,,,,,,,,,,,,,,,0,0,0,0,0
41.1677,1783969892.9345,2,1,0.5000,-0.0000,1.42234,-0.02907,-2.63696,1.09521,1.57084,0.11671,-0.12758,-0.48148,0.02737,,,,,,,,,,,,,,,,,,,,,,,,,,0,0,0,0,0
41.1679,1783969892.9347,2,1,0.5000,-0.0000,1.42234,-0.02907,-2.63696,1.09521,1.57084,0.11671,-0.12758,-0.48148,0.02737,,,,,,,,,,,,,,,,,,,,,,,,,,0,0,0,0,0
41.1865,1783969892.9533,2,1,0.5000,-0.0000,1.42234,-0.02908,-2.63696,1.09523,1.57084,0.11671,-0.12758,-0.48149,0.02737,,,,,,,,,,,,,,,,,,,,,,,,,,0,0,0,0,0
41.1869,1783969892.9537,2,1,0.5000,-0.0000,1.42234,-0.02908,-2.63696,1.09523,1.57084,0.11671,-0.12758,-0.48149,0.02737,,,,,,,,,,,,,,,,,,,,,,,,,,0,0,0,0,0
41.1878,1783969892.9546,2,1,0.5000,-0.0000,1.42234,-0.02908,-2.63696,1.09524,1.57084,0.11671,-0.12758,-0.48149,0.02737,,,,,,,,,,,,,,,,,,,,,,,,,,0,0,0,0,0
41.1881,1783969892.9549,2,1,0.5000,-0.0000,1.42234,-0.02908,-2.63696,1.09524,1.57084,0.11671,-0.12758,-0.48149,0.02737,,,,,,,,,,,,,,,,,,,,,,,,,,0,0,0,0,0
41.1995,1783969892.9663,2,1,0.5000,-0.0000,1.42234,-0.02911,-2.63695,1.09528,1.57084,0.11671,-0.12758,-0.48150,0.02736,,,,,,,,,,,,,,,,,,,,,,,,,,0,0,0,0,0
41.1998,1783969892.9666,2,1,0.5000,-0.0000,1.42234,-0.02911,-2.63695,1.09528,1.57084,0.11671,-0.12758,-0.48150,0.02736,,,,,,,,,,,,,,,,,,,,,,,,,,0,0,0,0,0
41.2103,1783969892.9771,2,1,0.5000,-0.0000,1.42234,-0.02911,-2.63696,1.09528,1.57084,0.11671,-0.12758,-0.48150,0.02736,,,,,,,,,,,,,,,,,,,,,,,,,,0,0,0,0,0
41.2177,1783969892.9845,2,1,0.5000,-0.0000,1.42234,-0.02913,-2.63697,1.09530,1.57084,0.11671,-0.12758,-0.48149,0.02735,,,,,,,,,,,,,,,,,,,,,,,,,,0,0,0,0,0
41.2359,1783969893.0027,2,1,0.5000,-0.0000,1.42234,-0.02923,-2.63703,1.09541,1.57085,0.11671,-0.12758,-0.48145,0.02730,,,,,,,,,,,,,,,,,,,,,,,,,,0,0,0,0,0
41.2362,1783969893.0030,2,1,0.5000,-0.0000,1.42234,-0.02923,-2.63703,1.09541,1.57085,0.11671,-0.12758,-0.48145,0.02730,,,,,,,,,,,,,,,,,,,,,,,,,,0,0,0,0,0
41.2368,1783969893.0036,2,1,0.5000,-0.0000,1.42234,-0.02923,-2.63703,1.09541,1.57085,0.11671,-0.12758,-0.48145,0.02730,,,,,,,,,,,,,,,,,,,,,,,,,,0,0,0,0,0
41.2373,1783969893.0040,2,1,0.5000,-0.0000,1.42234,-0.02923,-2.63703,1.09541,1.57085,0.11671,-0.12758,-0.48145,0.02730,,,,,,,,,,,,,,,,,,,,,,,,,,0,0,0,0,0
41.2492,1783969893.0159,2,1,0.5000,-0.0000,1.42234,-0.02924,-2.63704,1.09543,1.57085,0.11671,-0.12758,-0.48145,0.02729,,,,,,,,,,,,,,,,,,,,,,,,,,0,0,0,0,0
41.2755,1783969893.0422,2,1,0.5000,-0.0000,1.42234,-0.02934,-2.63707,1.09554,1.57085,0.11671,-0.12758,-0.48144,0.02725,,,,,,,,,,,,,,,,,,,,,,,,,,0,0,0,0,0
41.3195,1783969893.0862,2,1,0.5000,-0.0000,1.42234,-0.02968,-2.63713,1.09594,1.57085,0.11671,-0.12758,-0.48144,0.02714,,,,,,,,,,,,,,,,,,,,,,,,,,0,0,0,0,0
41.3198,1783969893.0866,2,1,0.5000,-0.0000,1.42234,-0.02968,-2.63713,1.09594,1.57085,0.11671,-0.12758,-0.48144,0.02714,,,,,,,,,,,,,,,,,,,,,,,,,,0,0,0,0,0
41.3466,1783969893.1134,2,1,0.5000,-0.0000,1.42234,-0.02982,-2.63715,1.09610,1.57085,0.11671,-0.12758,-0.48145,0.02710,,,,,,,,,,,,,,,,,,,,,,,,,,0,0,0,0,0
41.3575,1783969893.1243,2,1,0.5000,-0.0000,1.42234,-0.02995,-2.63717,1.09626,1.57085,0.11671,-0.12758,-0.48146,0.02706,,,,,,,,,,,,,,,,,,,,,,,,,,0,0,0,0,0
41.4557,1783969893.2224,2,1,0.5000,-0.0000,1.42233,-0.03030,-2.63721,1.09668,1.57085,0.11671,-0.12758,-0.48148,0.02696,,,,,,,,,,,,,,,,,,,,,,,,,,0,0,0,0,0
41.4941,1783969893.2609,2,1,0.5000,-0.0000,1.42233,-0.03030,-2.63721,1.09668,1.57085,0.11671,-0.12758,-0.48148,0.02696,,,,,,,,,,,,,,,,,,,,,,,,,,0,0,0,0,0
41.5680,1783969893.3348,2,1,0.5000,-0.0000,1.42233,-0.03030,-2.63721,1.09668,1.57085,0.11671,-0.12758,-0.48148,0.02696,,,,,,,,,,,,,,,,,,,,,,,,,,0,0,0,0,0
41.5682,1783969893.3349,2,1,0.5000,-0.0000,1.42233,-0.03030,-2.63721,1.09668,1.57085,0.11671,-0.12758,-0.48148,0.02696,,,,,,,,,,,,,,,,,,,,,,,,,,0,0,0,0,0
41.6076,1783969893.3744,2,1,0.5000,-0.0000,1.42233,-0.03030,-2.63721,1.09669,1.57085,0.11671,-0.12758,-0.48148,0.02696,,,,,,,,,,,,,,,,,,,,,,,,,,0,0,0,0,0
41.6080,1783969893.3748,2,1,0.5000,-0.0000,1.42233,-0.03030,-2.63721,1.09669,1.57085,0.11671,-0.12758,-0.48148,0.02696,,,,,,,,,,,,,,,,,,,,,,,,,,0,0,0,0,0
41.6277,1783969893.3945,2,1,0.5000,-0.0000,1.42233,-0.03032,-2.63720,1.09672,1.57085,0.11671,-0.12757,-0.48149,0.02696,,,,,,,,,,,,,,,,,,,,,,,,,,0,0,0,0,0
41.6398,1783969893.4066,2,1,0.5000,-0.0000,1.42233,-0.03035,-2.63722,1.09675,1.57085,0.11671,-0.12758,-0.48148,0.02694,,,,,,,,,,,,,,,,,,,,,,,,,,0,0,0,0,0
41.6492,1783969893.4160,2,1,0.5000,-0.0000,1.42233,-0.03038,-2.63725,1.09680,1.57085,0.11671,-0.12758,-0.48147,0.02693,,,,,,,,,,,,,,,,,,,,,,,,,,0,0,0,0,0
41.6597,1783969893.4265,2,1,0.5000,-0.0000,1.42233,-0.03040,-2.63726,1.09682,1.57085,0.11671,-0.12758,-0.48146,0.02691,,,,,,,,,,,,,,,,,,,,,,,,,,0,0,0,0,0
41.6602,1783969893.4269,2,1,0.5000,-0.0000,1.42233,-0.03040,-2.63726,1.09682,1.57085,0.11671,-0.12758,-0.48146,0.02691,,,,,,,,,,,,,,,,,,,,,,,,,,0,0,0,0,0
41.6610,1783969893.4278,2,1,0.5000,-0.0000,1.42233,-0.03040,-2.63726,1.09682,1.57085,0.11671,-0.12758,-0.48146,0.02691,,,,,,,,,,,,,,,,,,,,,,,,,,0,0,0,0,0
41.6658,1783969893.4326,2,1,0.5000,-0.0000,1.42233,-0.03041,-2.63727,1.09683,1.57085,0.11671,-0.12758,-0.48146,0.02691,,,,,,,,,,,,,,,,,,,,,,,,,,0,0,0,0,0
41.6677,1783969893.4344,2,1,0.5000,-0.0000,1.42233,-0.03043,-2.63727,1.09685,1.57085,0.11671,-0.12758,-0.48145,0.02690,,,,,,,,,,,,,,,,,,,,,,,,,,0,0,0,0,0
41.6693,1783969893.4361,2,1,0.5000,-0.0000,1.42233,-0.03043,-2.63727,1.09685,1.57085,0.11671,-0.12758,-0.48145,0.02690,,,,,,,,,,,,,,,,,,,,,,,,,,0,0,0,0,0
41.6696,1783969893.4364,2,1,0.5000,-0.0000,1.42233,-0.03043,-2.63727,1.09685,1.57085,0.11671,-0.12758,-0.48145,0.02690,,,,,,,,,,,,,,,,,,,,,,,,,,0,0,0,0,0
41.6807,1783969893.4475,2,1,0.5000,-0.0000,1.42233,-0.03049,-2.63730,1.09692,1.57085,0.11671,-0.12758,-0.48144,0.02687,,,,,,,,,,,,,,,,,,,,,,,,,,0,0,0,0,0
41.6936,1783969893.4604,2,1,0.5000,-0.0000,1.42233,-0.03052,-2.63731,1.09696,1.57085,0.11671,-0.12758,-0.48144,0.02686,,,,,,,,,,,,,,,,,,,,,,,,,,0,0,0,0,0
41.6959,1783969893.4627,2,1,0.5000,-0.0000,1.42233,-0.03053,-2.63732,1.09697,1.57085,0.11671,-0.12758,-0.48144,0.02686,,,,,,,,,,,,,,,,,,,,,,,,,,0,0,0,0,0
41.6972,1783969893.4639,2,1,0.5000,-0.0000,1.42233,-0.03053,-2.63732,1.09697,1.57085,0.11671,-0.12758,-0.48144,0.02686,,,,,,,,,,,,,,,,,,,,,,,,,,0,0,0,0,0
41.6975,1783969893.4642,2,1,0.5000,-0.0000,1.42233,-0.03053,-2.63732,1.09697,1.57085,0.11671,-0.12758,-0.48144,0.02686,,,,,,,,,,,,,,,,,,,,,,,,,,0,0,0,0,0
41.6989,1783969893.4657,2,1,0.5000,-0.0000,1.42233,-0.03053,-2.63732,1.09697,1.57085,0.11671,-0.12758,-0.48144,0.02686,,,,,,,,,,,,,,,,,,,,,,,,,,0,0,0,0,0
41.6998,1783969893.4666,2,1,0.5000,-0.0000,1.42233,-0.03055,-2.63732,1.09700,1.57085,0.11671,-0.12758,-0.48144,0.02685,,,,,,,,,,,,,,,,,,,,,,,,,,0,0,0,0,0
41.7000,1783969893.4668,2,1,0.5000,-0.0000,1.42233,-0.03055,-2.63732,1.09700,1.57085,0.11671,-0.12758,-0.48144,0.02685,,,,,,,,,,,,,,,,,,,,,,,,,,0,0,0,0,0
41.7059,1783969893.4727,2,1,0.5000,-0.0000,1.42233,-0.03058,-2.63733,1.09703,1.57085,0.11671,-0.12758,-0.48144,0.02684,,,,,,,,,,,,,,,,,,,,,,,,,,0,0,0,0,0
41.7095,1783969893.4762,2,1,0.5000,-0.0000,1.42233,-0.03061,-2.63733,1.09707,1.57085,0.11671,-0.12758,-0.48144,0.02683,,,,,,,,,,,,,,,,,,,,,,,,,,0,0,0,0,0
41.7106,1783969893.4774,2,1,0.5000,-0.0000,1.42233,-0.03061,-2.63733,1.09707,1.57085,0.11671,-0.12758,-0.48144,0.02683,,,,,,,,,,,,,,,,,,,,,,,,,,0,0,0,0,0
41.7109,1783969893.4777,2,1,0.5000,-0.0000,1.42233,-0.03061,-2.63733,1.09707,1.57085,0.11671,-0.12758,-0.48144,0.02683,,,,,,,,,,,,,,,,,,,,,,,,,,0,0,0,0,0
41.7242,1783969893.4910,2,1,0.5000,-0.0000,1.42233,-0.03067,-2.63734,1.09714,1.57085,0.11671,-0.12758,-0.48144,0.02681,,,,,,,,,,,,,,,,,,,,,,,,,,0,0,0,0,0
41.7322,1783969893.4990,2,1,0.5000,-0.0000,1.42233,-0.03076,-2.63735,1.09725,1.57085,0.11671,-0.12758,-0.48144,0.02679,,,,,,,,,,,,,,,,,,,,,,,,,,0,0,0,0,0
41.7386,1783969893.5054,2,1,0.5000,-0.0000,1.42233,-0.03082,-2.63736,1.09731,1.57085,0.11671,-0.12758,-0.48144,0.02677,,,,,,,,,,,,,,,,,,,,,,,,,,0,0,0,0,0
41.7393,1783969893.5061,2,1,0.5000,-0.0000,1.42233,-0.03088,-2.63737,1.09738,1.57085,0.11671,-0.12758,-0.48145,0.02675,,,,,,,,,,,,,,,,,,,,,,,,,,0,0,0,0,0
41.7454,1783969893.5122,2,1,0.5000,-0.0000,1.42233,-0.03094,-2.63738,1.09746,1.57085,0.11671,-0.12758,-0.48145,0.02673,,,,,,,,,,,,,,,,,,,,,,,,,,0,0,0,0,0
41.7458,1783969893.5126,2,1,0.5000,-0.0000,1.42233,-0.03094,-2.63738,1.09746,1.57085,0.11671,-0.12758,-0.48145,0.02673,,,,,,,,,,,,,,,,,,,,,,,,,,0,0,0,0,0
41.7493,1783969893.5160,2,1,0.5000,-0.0000,1.42233,-0.03094,-2.63738,1.09746,1.57085,0.11671,-0.12758,-0.48145,0.02673,,,,,,,,,,,,,,,,,,,,,,,,,,0,0,0,0,0
41.7564,1783969893.5232,2,1,0.5000,-0.0000,1.42233,-0.03096,-2.63738,1.09749,1.57085,0.11671,-0.12758,-0.48145,0.02673,,,,,,,,,,,,,,,,,,,,,,,,,,0,0,0,0,0
41.7648,1783969893.5316,2,1,0.5000,-0.0000,1.42233,-0.03102,-2.63739,1.09755,1.57085,0.11671,-0.12758,-0.48146,0.02671,,,,,,,,,,,,,,,,,,,,,,,,,,0,0,0,0,0
41.7652,1783969893.5320,2,1,0.5000,-0.0000,1.42233,-0.03102,-2.63739,1.09755,1.57085,0.11671,-0.12758,-0.48146,0.02671,,,,,,,,,,,,,,,,,,,,,,,,,,0,0,0,0,0
41.7673,1783969893.5341,2,1,0.5000,-0.0000,1.42233,-0.03105,-2.63739,1.09760,1.57085,0.11671,-0.12758,-0.48146,0.02670,,,,,,,,,,,,,,,,,,,,,,,,,,0,0,0,0,0
41.7685,1783969893.5353,2,1,0.5000,-0.0000,1.42233,-0.03105,-2.63739,1.09760,1.57085,0.11671,-0.12758,-0.48146,0.02670,,,,,,,,,,,,,,,,,,,,,,,,,,0,0,0,0,0
41.7689,1783969893.5357,2,1,0.5000,-0.0000,1.42233,-0.03105,-2.63739,1.09760,1.57085,0.11671,-0.12758,-0.48146,0.02670,,,,,,,,,,,,,,,,,,,,,,,,,,0,0,0,0,0
41.7699,1783969893.5367,2,1,0.5000,-0.0000,1.42233,-0.03105,-2.63739,1.09760,1.57085,0.11671,-0.12758,-0.48146,0.02670,,,,,,,,,,,,,,,,,,,,,,,,,,0,0,0,0,0
41.7849,1783969893.5517,2,1,0.5000,-0.0000,1.42233,-0.03115,-2.63740,1.09771,1.57085,0.11671,-0.12758,-0.48147,0.02667,,,,,,,,,,,,,,,,,,,,,,,,,,0,0,0,0,0
41.7970,1783969893.5637,2,1,0.5000,-0.0000,1.42233,-0.03121,-2.63740,1.09779,1.57085,0.11671,-0.12757,-0.48147,0.02666,,,,,,,,,,,,,,,,,,,,,,,,,,0,0,0,0,0
41.7972,1783969893.5640,2,1,0.5000,-0.0000,1.42233,-0.03121,-2.63740,1.09779,1.57085,0.11671,-0.12757,-0.48147,0.02666,,,,,,,,,,,,,,,,,,,,,,,,,,0,0,0,0,0
41.7996,1783969893.5664,2,1,0.5000,-0.0000,1.42233,-0.03124,-2.63740,1.09783,1.57085,0.11671,-0.12757,-0.48148,0.02665,,,,,,,,,,,,,,,,,,,,,,,,,,0,0,0,0,0
41.8001,1783969893.5669,2,1,0.5000,-0.0000,1.42233,-0.03124,-2.63740,1.09783,1.57085,0.11671,-0.12757,-0.48148,0.02665,,,,,,,,,,,,,,,,,,,,,,,,,,0,0,0,0,0
41.8006,1783969893.5673,2,1,0.5000,-0.0000,1.42233,-0.03124,-2.63740,1.09783,1.57085,0.11671,-0.12757,-0.48148,0.02665,,,,,,,,,,,,,,,,,,,,,,,,,,0,0,0,0,0
41.8010,1783969893.5678,2,1,0.5000,-0.0000,1.42233,-0.03124,-2.63740,1.09783,1.57085,0.11671,-0.12757,-0.48148,0.02665,,,,,,,,,,,,,,,,,,,,,,,,,,0,0,0,0,0
41.8015,1783969893.5683,2,1,0.5000,-0.0000,1.42233,-0.03124,-2.63740,1.09783,1.57085,0.11671,-0.12757,-0.48148,0.02665,,,,,,,,,,,,,,,,,,,,,,,,,,0,0,0,0,0
41.8054,1783969893.5721,2,1,0.5000,-0.0000,1.42233,-0.03127,-2.63740,1.09787,1.57085,0.11671,-0.12757,-0.48148,0.02664,,,,,,,,,,,,,,,,,,,,,,,,,,0,0,0,0,0
41.8075,1783969893.5743,2,1,0.5000,-0.0000,1.42233,-0.03131,-2.63740,1.09792,1.57085,0.11671,-0.12757,-0.48149,0.02663,,,,,,,,,,,,,,,,,,,,,,,,,,0,0,0,0,0
41.8078,1783969893.5745,2,1,0.5000,-0.0000,1.42233,-0.03131,-2.63740,1.09792,1.57085,0.11671,-0.12757,-0.48149,0.02663,,,,,,,,,,,,,,,,,,,,,,,,,,0,0,0,0,0
41.8087,1783969893.5755,2,1,0.5000,0.0584,1.42233,-0.03131,-2.63740,1.09792,1.57085,0.11671,-0.12757,-0.48149,0.02663,,,,,,,,,,,,,,,,,,,,,,,,,,0,0,0,0,0
41.8090,1783969893.5758,2,1,0.5000,0.1519,1.42233,-0.03131,-2.63740,1.09792,1.57085,0.11671,-0.12757,-0.48149,0.02663,,,,,,,,,,,,,,,,,,,,,,,,,,0,0,0,0,0
41.8284,1783969893.5952,2,1,0.5000,0.0069,1.42233,-0.03150,-2.63739,1.09815,1.57085,0.11671,-0.12757,-0.48153,0.02660,,,,,,,,,,,,,,,,,,,,,,,,,,0,0,0,0,0
41.8289,1783969893.5957,2,1,0.5000,0.0020,1.42233,-0.03150,-2.63739,1.09815,1.57085,0.11671,-0.12757,-0.48153,0.02660,,,,,,,,,,,,,,,,,,,,,,,,,,0,0,0,0,0
41.8302,1783969893.5970,2,1,0.5000,0.3945,1.42233,-0.03150,-2.63739,1.09815,1.57085,0.11671,-0.12757,-0.48153,0.02660,,,,,,,,,,,,,,,,,,,,,,,,,,0,0,0,0,0
41.8344,1783969893.6012,2,1,0.5000,0.8451,1.42233,-0.03152,-2.63739,1.09818,1.57085,0.11671,-0.12756,-0.48154,0.02659,,,,,,,,,,,,,,,,,,,,,,,,,,0,0,0,0,0
41.8373,1783969893.6041,2,1,0.5000,0.4155,1.42233,-0.03155,-2.63738,1.09821,1.57085,0.11671,-0.12756,-0.48155,0.02659,,,,,,,,,,,,,,,,,,,,,,,,,,0,0,0,0,0
41.8476,1783969893.6144,2,1,0.5000,0.0450,1.42233,-0.03156,-2.63737,1.09823,1.57085,0.11671,-0.12756,-0.48156,0.02659,,,,,,,,,,,,,,,,,,,,,,,,,,0,0,0,0,0
41.8479,1783969893.6147,2,1,0.5000,0.0073,1.42233,-0.03156,-2.63737,1.09823,1.57085,0.11671,-0.12756,-0.48156,0.02659,,,,,,,,,,,,,,,,,,,,,,,,,,0,0,0,0,0
41.8484,1783969893.6152,2,1,0.5000,0.0002,1.42233,-0.03156,-2.63737,1.09823,1.57085,0.11671,-0.12756,-0.48156,0.02659,,,,,,,,,,,,,,,,,,,,,,,,,,0,0,0,0,0
41.8499,1783969893.6167,2,1,0.5000,0.0058,1.42233,-0.03156,-2.63737,1.09823,1.57085,0.11671,-0.12756,-0.48156,0.02659,,,,,,,,,,,,,,,,,,,,,,,,,,0,0,0,0,0
41.8524,1783969893.6192,2,1,0.5000,0.0413,1.42233,-0.03156,-2.63737,1.09823,1.57085,0.11671,-0.12756,-0.48156,0.02659,,,,,,,,,,,,,,,,,,,,,,,,,,0,0,0,0,0
41.8527,1783969893.6195,2,1,0.5000,0.1567,1.42233,-0.03156,-2.63737,1.09823,1.57085,0.11671,-0.12756,-0.48156,0.02659,,,,,,,,,,,,,,,,,,,,,,,,,,0,0,0,0,0
41.8566,1783969893.6234,2,1,0.5000,0.1398,1.42233,-0.03156,-2.63737,1.09823,1.57085,0.11671,-0.12756,-0.48156,0.02659,,,,,,,,,,,,,,,,,,,,,,,,,,0,0,0,0,0
41.8656,1783969893.6324,2,1,0.5000,0.0806,1.42233,-0.03156,-2.63737,1.09823,1.57085,0.11671,-0.12756,-0.48156,0.02659,,,,,,,,,,,,,,,,,,,,,,,,,,0,0,0,0,0
41.8756,1783969893.6424,2,1,0.5000,0.0285,1.42233,-0.03156,-2.63737,1.09823,1.57085,0.11671,-0.12756,-0.48156,0.02659,,,,,,,,,,,,,,,,,,,,,,,,,,0,0,0,0,0
41.8891,1783969893.6559,2,1,0.5000,0.0097,1.42233,-0.03156,-2.63737,1.09823,1.57085,0.11671,-0.12756,-0.48156,0.02659,,,,,,,,,,,,,,,,,,,,,,,,,,0,0,0,0,0
41.9039,1783969893.6706,2,1,0.5000,0.0037,1.42233,-0.03156,-2.63737,1.09823,1.57085,0.11671,-0.12756,-0.48156,0.02659,,,,,,,,,,,,,,,,,,,,,,,,,,0,0,0,0,0
41.9070,1783969893.6737,2,1,0.5000,0.0017,1.42233,-0.03156,-2.63737,1.09823,1.57085,0.11671,-0.12756,-0.48156,0.02659,,,,,,,,,,,,,,,,,,,,,,,,,,0,0,0,0,0
41.9167,1783969893.6835,2,1,0.5000,0.0163,1.42233,-0.03156,-2.63737,1.09823,1.57085,0.11671,-0.12756,-0.48156,0.02659,,,,,,,,,,,,,,,,,,,,,,,,,,0,0,0,0,0
41.9299,1783969893.6967,2,1,0.5000,0.0160,1.42233,-0.03156,-2.63737,1.09823,1.57085,0.11671,-0.12756,-0.48156,0.02659,,,,,,,,,,,,,,,,,,,,,,,,,,0,0,0,0,0
41.9483,1783969893.7151,2,1,0.5000,0.0124,1.42233,-0.03156,-2.63737,1.09823,1.57085,0.11671,-0.12756,-0.48156,0.02659,,,,,,,,,,,,,,,,,,,,,,,,,,0,0,0,0,0
41.9486,1783969893.7154,2,1,0.5000,0.0110,1.42233,-0.03156,-2.63737,1.09823,1.57085,0.11671,-0.12756,-0.48156,0.02659,,,,,,,,,,,,,,,,,,,,,,,,,,0,0,0,0,0
41.9604,1783969893.7272,2,1,0.5000,0.0071,1.42233,-0.03156,-2.63737,1.09823,1.57085,0.11671,-0.12756,-0.48156,0.02659,,,,,,,,,,,,,,,,,,,,,,,,,,0,0,0,0,0
41.9678,1783969893.7346,2,1,0.5000,0.0045,1.42233,-0.03156,-2.63737,1.09823,1.57085,0.11671,-0.12756,-0.48156,0.02659,,,,,,,,,,,,,,,,,,,,,,,,,,0,0,0,0,0
41.9734,1783969893.7401,2,1,0.5000,0.0075,1.42233,-0.03156,-2.63737,1.09823,1.57085,0.11671,-0.12756,-0.48156,0.02659,,,,,,,,,,,,,,,,,,,,,,,,,,0,0,0,0,0
41.9815,1783969893.7483,2,1,0.5000,0.5476,1.42233,-0.03156,-2.63737,1.09823,1.57085,0.11671,-0.12756,-0.48156,0.02659,,,,,,,,,,,,,,,,,,,,,,,,,,0,0,0,0,0
41.9891,1783969893.7559,2,1,0.5000,0.8026,1.42233,-0.03156,-2.63737,1.09823,1.57085,0.11671,-0.12756,-0.48156,0.02659,,,,,,,,,,,,,,,,,,,,,,,,,,0,0,0,0,0
42.0011,1783969893.7679,2,1,0.5000,0.4227,1.42233,-0.03156,-2.63737,1.09823,1.57085,0.11671,-0.12756,-0.48156,0.02659,,,,,,,,,,,,,,,,,,,,,,,,,,0,0,0,0,0
42.0091,1783969893.7759,2,1,0.5000,0.0493,1.42233,-0.03156,-2.63737,1.09823,1.57085,0.11671,-0.12756,-0.48156,0.02659,,,,,,,,,,,,,,,,,,,,,,,,,,0,0,0,0,0
42.0207,1783969893.7875,2,1,0.5000,0.0054,1.42233,-0.03156,-2.63737,1.09823,1.57085,0.11671,-0.12756,-0.48156,0.02659,,,,,,,,,,,,,,,,,,,,,,,,,,0,0,0,0,0
42.0298,1783969893.7966,2,1,0.5000,0.0021,1.42233,-0.03156,-2.63737,1.09823,1.57085,0.11671,-0.12756,-0.48156,0.02659,,,,,,,,,,,,,,,,,,,,,,,,,,0,0,0,0,0
42.0302,1783969893.7969,2,1,0.5000,0.0009,1.42233,-0.03156,-2.63737,1.09823,1.57085,0.11671,-0.12756,-0.48156,0.02659,,,,,,,,,,,,,,,,,,,,,,,,,,0,0,0,0,0
42.0381,1783969893.8048,2,1,0.5000,0.0002,1.42233,-0.03156,-2.63737,1.09823,1.57085,0.11671,-0.12756,-0.48156,0.02659,,,,,,,,,,,,,,,,,,,,,,,,,,0,0,0,0,0
42.0513,1783969893.8181,2,1,0.5000,0.0006,1.42233,-0.03156,-2.63737,1.09823,1.57085,0.11671,-0.12756,-0.48156,0.02659,,,,,,,,,,,,,,,,,,,,,,,,,,0,0,0,0,0
42.0520,1783969893.8188,2,1,0.5000,0.0187,1.42233,-0.03156,-2.63737,1.09823,1.57085,0.11671,-0.12756,-0.48156,0.02659,,,,,,,,,,,,,,,,,,,,,,,,,,0,0,0,0,0
42.0647,1783969893.8314,2,1,0.5000,0.0438,1.42233,-0.03156,-2.63737,1.09823,1.57085,0.11671,-0.12756,-0.48156,0.02659,,,,,,,,,,,,,,,,,,,,,,,,,,0,0,0,0,0
42.0698,1783969893.8366,2,1,0.5000,0.0298,1.42233,-0.03156,-2.63737,1.09823,1.57085,0.11671,-0.12756,-0.48156,0.02659,,,,,,,,,,,,,,,,,,,,,,,,,,0,0,0,0,0
42.0801,1783969893.8468,2,1,0.5000,0.0267,1.42233,-0.03156,-2.63737,1.09823,1.57085,0.11671,-0.12756,-0.48156,0.02659,,,,,,,,,,,,,,,,,,,,,,,,,,0,0,0,0,0
42.0803,1783969893.8471,2,1,0.5000,0.0162,1.42233,-0.03156,-2.63737,1.09823,1.57085,0.11671,-0.12756,-0.48156,0.02659,,,,,,,,,,,,,,,,,,,,,,,,,,0,0,0,0,0
42.0943,1783969893.8610,2,1,0.5000,0.0090,1.42233,-0.03156,-2.63737,1.09823,1.57085,0.11671,-0.12756,-0.48156,0.02659,,,,,,,,,,,,,,,,,,,,,,,,,,0,0,0,0,0
42.0947,1783969893.8615,2,1,0.5000,0.0084,1.42233,-0.03156,-2.63737,1.09823,1.57085,0.11671,-0.12756,-0.48156,0.02659,,,,,,,,,,,,,,,,,,,,,,,,,,0,0,0,0,0
42.1021,1783969893.8689,2,1,0.5000,0.0061,1.42233,-0.03156,-2.63737,1.09823,1.57085,0.11671,-0.12756,-0.48156,0.02659,,,,,,,,,,,,,,,,,,,,,,,,,,0,0,0,0,0
42.1026,1783969893.8694,2,1,0.5000,0.0065,1.42233,-0.03156,-2.63737,1.09823,1.57085,0.11671,-0.12756,-0.48156,0.02659,,,,,,,,,,,,,,,,,,,,,,,,,,0,0,0,0,0
42.1083,1783969893.8751,2,1,0.5000,0.0145,1.42233,-0.03156,-2.63737,1.09823,1.57085,0.11671,-0.12756,-0.48156,0.02659,,,,,,,,,,,,,,,,,,,,,,,,,,0,0,0,0,0
42.1092,1783969893.8760,2,1,0.5000,0.4837,1.42233,-0.03156,-2.63737,1.09823,1.57085,0.11671,-0.12756,-0.48156,0.02659,,,,,,,,,,,,,,,,,,,,,,,,,,0,0,0,0,0
42.1380,1783969893.9047,2,1,0.5000,0.7462,1.42233,-0.03156,-2.63737,1.09823,1.57085,0.11671,-0.12756,-0.48156,0.02659,,,,,,,,,,,,,,,,,,,,,,,,,,0,0,0,0,0
42.1384,1783969893.9052,2,1,0.5000,0.7521,1.42233,-0.03156,-2.63737,1.09823,1.57085,0.11671,-0.12756,-0.48156,0.02659,,,,,,,,,,,,,,,,,,,,,,,,,,0,0,0,0,0
42.1389,1783969893.9057,2,1,0.5000,0.6962,1.42233,-0.03156,-2.63737,1.09823,1.57085,0.11671,-0.12756,-0.48156,0.02659,,,,,,,,,,,,,,,,,,,,,,,,,,0,0,0,0,0
42.1396,1783969893.9064,2,1,0.5000,0.5186,1.42233,-0.03156,-2.63737,1.09823,1.57085,0.11671,-0.12756,-0.48156,0.02659,,,,,,,,,,,,,,,,,,,,,,,,,,0,0,0,0,0
42.1528,1783969893.9196,2,1,0.5000,0.1203,1.42233,-0.03156,-2.63737,1.09823,1.57085,0.11671,-0.12756,-0.48156,0.02659,,,,,,,,,,,,,,,,,,,,,,,,,,0,0,0,0,0
42.1535,1783969893.9203,2,1,0.5000,0.0118,1.42233,-0.03156,-2.63737,1.09823,1.57085,0.11671,-0.12756,-0.48156,0.02659,,,,,,,,,,,,,,,,,,,,,,,,,,0,0,0,0,0
42.1591,1783969893.9259,2,1,0.5000,0.0017,1.42233,-0.03156,-2.63737,1.09823,1.57085,0.11671,-0.12756,-0.48156,0.02659,,,,,,,,,,,,,,,,,,,,,,,,,,0,0,0,0,0
42.1954,1783969893.9621,2,1,0.5000,0.0004,1.42233,-0.03156,-2.63737,1.09823,1.57085,0.11671,-0.12756,-0.48156,0.02659,,,,,,,,,,,,,,,,,,,,,,,,,,0,0,0,0,0
42.2052,1783969893.9720,2,1,0.5000,0.0034,1.42233,-0.03156,-2.63737,1.09823,1.57085,0.11671,-0.12756,-0.48156,0.02659,,,,,,,,,,,,,,,,,,,,,,,,,,0,0,0,0,0
42.2319,1783969893.9987,2,1,0.5000,0.0415,1.42233,-0.03156,-2.63737,1.09823,1.57085,0.11671,-0.12756,-0.48156,0.02659,,,,,,,,,,,,,,,,,,,,,,,,,,0,0,0,0,0
42.2603,1783969894.0270,2,1,0.5000,0.0490,1.42233,-0.03156,-2.63737,1.09823,1.57085,0.11671,-0.12756,-0.48155,0.02659,,,,,,,,,,,,,,,,,,,,,,,,,,0,0,0,0,0
42.2607,1783969894.0275,2,1,0.5000,0.0445,1.42233,-0.03156,-2.63737,1.09823,1.57085,0.11671,-0.12756,-0.48155,0.02659,,,,,,,,,,,,,,,,,,,,,,,,,,0,0,0,0,0
42.3091,1783969894.0758,2,1,0.5000,0.0289,1.42233,-0.03156,-2.63740,1.09824,1.57085,0.11671,-0.12756,-0.48153,0.02658,,,,,,,,,,,,,,,,,,,,,,,,,,0,0,0,0,0
42.3280,1783969894.0948,2,1,0.5000,0.0154,1.42233,-0.03156,-2.63741,1.09824,1.57085,0.11671,-0.12756,-0.48153,0.02658,,,,,,,,,,,,,,,,,,,,,,,,,,0,0,0,0,0
42.3292,1783969894.0960,2,1,0.5000,0.0080,1.42233,-0.03156,-2.63741,1.09824,1.57085,0.11671,-0.12756,-0.48153,0.02658,,,,,,,,,,,,,,,,,,,,,,,,,,0,0,0,0,0
42.3350,1783969894.1018,2,1,0.5000,0.2267,1.42233,-0.03156,-2.63741,1.09824,1.57085,0.11671,-0.12756,-0.48153,0.02658,,,,,,,,,,,,,,,,,,,,,,,,,,0,0,0,0,0
42.3537,1783969894.1205,2,1,0.5000,0.7156,1.42233,-0.03156,-2.63741,1.09824,1.57085,0.11671,-0.12756,-0.48153,0.02658,,,,,,,,,,,,,,,,,,,,,,,,,,0,0,0,0,0
42.3703,1783969894.1370,2,1,0.5000,0.6333,1.42233,-0.03156,-2.63741,1.09824,1.57085,0.11671,-0.12756,-0.48153,0.02658,,,,,,,,,,,,,,,,,,,,,,,,,,0,0,0,0,0
42.3786,1783969894.1454,2,1,0.5000,0.2380,1.42233,-0.03156,-2.63741,1.09824,1.57085,0.11671,-0.12756,-0.48153,0.02658,,,,,,,,,,,,,,,,,,,,,,,,,,0,0,0,0,0
42.3907,1783969894.1575,2,1,0.5000,0.0231,1.42233,-0.03156,-2.63741,1.09824,1.57085,0.11671,-0.12756,-0.48153,0.02658,,,,,,,,,,,,,,,,,,,,,,,,,,0,0,0,0,0
42.4075,1783969894.1743,2,1,0.5000,0.0029,1.42233,-0.03156,-2.63741,1.09824,1.57085,0.11671,-0.12756,-0.48153,0.02658,,,,,,,,,,,,,,,,,,,,,,,,,,0,0,0,0,0
42.4130,1783969894.1797,2,1,0.5000,0.0006,1.42233,-0.03156,-2.63741,1.09824,1.57085,0.11671,-0.12756,-0.48153,0.02658,,,,,,,,,,,,,,,,,,,,,,,,,,0,0,0,0,0
42.4184,1783969894.1851,2,1,0.5000,0.0015,1.42233,-0.03156,-2.63741,1.09824,1.57085,0.11671,-0.12756,-0.48153,0.02658,,,,,,,,,,,,,,,,,,,,,,,,,,0,0,0,0,0
42.4211,1783969894.1879,2,1,0.5000,0.0434,1.42233,-0.03156,-2.63741,1.09824,1.57085,0.11671,-0.12756,-0.48153,0.02658,,,,,,,,,,,,,,,,,,,,,,,,,,0,0,0,0,0
42.4227,1783969894.1895,2,1,0.5000,0.1296,1.42233,-0.03156,-2.63741,1.09824,1.57085,0.11671,-0.12756,-0.48153,0.02658,,,,,,,,,,,,,,,,,,,,,,,,,,0,0,0,0,0
42.4264,1783969894.1932,2,1,0.5000,0.1140,1.42233,-0.03156,-2.63741,1.09824,1.57085,0.11671,-0.12756,-0.48153,0.02658,,,,,,,,,,,,,,,,,,,,,,,,,,0,0,0,0,0
42.4268,1783969894.1935,2,1,0.5000,0.0894,1.42233,-0.03156,-2.63741,1.09824,1.57085,0.11671,-0.12756,-0.48153,0.02658,,,,,,,,,,,,,,,,,,,,,,,,,,0,0,0,0,0
42.4311,1783969894.1979,2,1,0.5000,0.0495,1.42233,-0.03156,-2.63741,1.09824,1.57085,0.11671,-0.12756,-0.48153,0.02658,,,,,,,,,,,,,,,,,,,,,,,,,,0,0,0,0,0
42.4389,1783969894.2057,2,1,0.5000,0.0363,1.42233,-0.03156,-2.63741,1.09824,1.57085,0.11671,-0.12756,-0.48153,0.02658,,,,,,,,,,,,,,,,,,,,,,,,,,0,0,0,0,0
42.4392,1783969894.2060,2,1,0.5000,0.0685,1.42233,-0.03156,-2.63741,1.09824,1.57085,0.11671,-0.12756,-0.48153,0.02658,,,,,,,,,,,,,,,,,,,,,,,,,,0,0,0,0,0
42.4401,1783969894.2069,2,1,0.5000,0.2049,1.42233,-0.03156,-2.63741,1.09824,1.57085,0.11671,-0.12756,-0.48153,0.02658,,,,,,,,,,,,,,,,,,,,,,,,,,0,0,0,0,0
42.4405,1783969894.2073,2,1,0.5000,0.4566,1.42233,-0.03156,-2.63741,1.09824,1.57085,0.11671,-0.12756,-0.48153,0.02658,,,,,,,,,,,,,,,,,,,,,,,,,,0,0,0,0,0
42.4409,1783969894.2077,2,1,0.5000,0.6621,1.42233,-0.03156,-2.63741,1.09824,1.57085,0.11671,-0.12756,-0.48153,0.02658,,,,,,,,,,,,,,,,,,,,,,,,,,0,0,0,0,0
42.4414,1783969894.2082,2,1,0.5000,0.5568,1.42233,-0.03156,-2.63741,1.09824,1.57085,0.11671,-0.12756,-0.48153,0.02658,,,,,,,,,,,,,,,,,,,,,,,,,,0,0,0,0,0
42.4440,1783969894.2108,2,1,0.5000,0.0054,1.42233,-0.03156,-2.63741,1.09824,1.57085,0.11671,-0.12756,-0.48153,0.02658,,,,,,,,,,,,,,,,,,,,,,,,,,0,0,0,0,0
42.4444,1783969894.2112,2,1,0.5000,0.0098,1.42233,-0.03156,-2.63741,1.09824,1.57085,0.11671,-0.12756,-0.48153,0.02658,,,,,,,,,,,,,,,,,,,,,,,,,,0,0,0,0,0
42.4566,1783969894.2234,2,1,0.5000,0.0730,1.42233,-0.03156,-2.63741,1.09824,1.57085,0.11671,-0.12756,-0.48153,0.02658,,,,,,,,,,,,,,,,,,,,,,,,,,0,0,0,0,0
42.4570,1783969894.2238,2,1,0.5000,0.1784,1.42233,-0.03156,-2.63741,1.09824,1.57085,0.11671,-0.12756,-0.48153,0.02658,,,,,,,,,,,,,,,,,,,,,,,,,,0,0,0,0,0
42.4575,1783969894.2243,2,1,0.5000,0.1950,1.42233,-0.03156,-2.63741,1.09824,1.57085,0.11671,-0.12756,-0.48153,0.02658,,,,,,,,,,,,,,,,,,,,,,,,,,0,0,0,0,0
42.4665,1783969894.2333,2,1,0.5000,0.2633,1.42233,-0.03156,-2.63741,1.09824,1.57085,0.11671,-0.12756,-0.48153,0.02658,,,,,,,,,,,,,,,,,,,,,,,,,,0,0,0,0,0
42.4771,1783969894.2439,2,1,0.5000,0.2635,1.42233,-0.03156,-2.63741,1.09824,1.57085,0.11671,-0.12756,-0.48153,0.02658,,,,,,,,,,,,,,,,,,,,,,,,,,0,0,0,0,0
42.4935,1783969894.2603,2,1,0.5000,0.2750,1.42233,-0.03156,-2.63741,1.09824,1.57085,0.11671,-0.12756,-0.48153,0.02658,,,,,,,,,,,,,,,,,,,,,,,,,,0,0,0,0,0
42.5017,1783969894.2685,2,1,0.5000,0.3379,1.42233,-0.03156,-2.63741,1.09824,1.57085,0.11671,-0.12756,-0.48153,0.02658,,,,,,,,,,,,,,,,,,,,,,,,,,0,0,0,0,0
42.5148,1783969894.2816,2,1,0.5000,0.6658,1.42233,-0.03156,-2.63741,1.09824,1.57085,0.11671,-0.12756,-0.48153,0.02658,,,,,,,,,,,,,,,,,,,,,,,,,,0,0,0,0,0
42.5164,1783969894.2832,2,1,0.5000,0.7232,1.42233,-0.03156,-2.63741,1.09824,1.57085,0.11671,-0.12756,-0.48153,0.02658,,,,,,,,,,,,,,,,,,,,,,,,,,0,0,0,0,0
42.5168,1783969894.2836,2,1,0.5000,0.7217,1.42233,-0.03156,-2.63741,1.09824,1.57085,0.11671,-0.12756,-0.48153,0.02658,,,,,,,,,,,,,,,,,,,,,,,,,,0,0,0,0,0
42.5287,1783969894.2955,2,1,0.5000,0.6226,1.42233,-0.03156,-2.63741,1.09824,1.57085,0.11671,-0.12756,-0.48153,0.02658,,,,,,,,,,,,,,,,,,,,,,,,,,0,0,0,0,0
42.5385,1783969894.3053,2,1,0.5000,0.2638,1.42233,-0.03156,-2.63741,1.09824,1.57085,0.11671,-0.12756,-0.48153,0.02658,,,,,,,,,,,,,,,,,,,,,,,,,,0,0,0,0,0
42.5579,1783969894.3247,2,1,0.5000,0.0266,1.42233,-0.03156,-2.63741,1.09824,1.57085,0.11671,-0.12756,-0.48153,0.02658,,,,,,,,,,,,,,,,,,,,,,,,,,0,0,0,0,0
42.5584,1783969894.3252,2,1,0.5000,0.0028,1.42233,-0.03156,-2.63741,1.09824,1.57085,0.11671,-0.12756,-0.48153,0.02658,,,,,,,,,,,,,,,,,,,,,,,,,,0,0,0,0,0
42.5680,1783969894.3348,2,1,0.5000,0.0058,1.42233,-0.03156,-2.63741,1.09824,1.57085,0.11671,-0.12756,-0.48153,0.02658,,,,,,,,,,,,,,,,,,,,,,,,,,0,0,0,0,0
42.5800,1783969894.3468,2,1,0.5000,0.0568,1.42233,-0.03156,-2.63741,1.09824,1.57085,0.11671,-0.12756,-0.48153,0.02658,,,,,,,,,,,,,,,,,,,,,,,,,,0,0,0,0,0
42.5803,1783969894.3471,2,1,0.5000,0.0623,1.42233,-0.03156,-2.63741,1.09824,1.57085,0.11671,-0.12756,-0.48153,0.02658,,,,,,,,,,,,,,,,,,,,,,,,,,0,0,0,0,0
42.5881,1783969894.3549,2,1,0.5000,0.0896,1.42233,-0.03156,-2.63741,1.09824,1.57085,0.11671,-0.12756,-0.48153,0.02658,,,,,,,,,,,,,,,,,,,,,,,,,,0,0,0,0,0
42.5886,1783969894.3554,2,1,0.5000,0.1549,1.42233,-0.03156,-2.63741,1.09824,1.57085,0.11671,-0.12756,-0.48153,0.02658,,,,,,,,,,,,,,,,,,,,,,,,,,0,0,0,0,0
42.6014,1783969894.3682,2,1,0.5000,0.2417,1.42233,-0.03156,-2.63741,1.09824,1.57085,0.11671,-0.12756,-0.48153,0.02658,,,,,,,,,,,,,,,,,,,,,,,,,,0,0,0,0,0
42.6137,1783969894.3804,2,1,0.5000,0.2567,1.42233,-0.03156,-2.63741,1.09824,1.57085,0.11671,-0.12756,-0.48153,0.02658,,,,,,,,,,,,,,,,,,,,,,,,,,0,0,0,0,0
42.6187,1783969894.3855,2,1,0.5000,0.2403,1.42233,-0.03156,-2.63741,1.09824,1.57085,0.11671,-0.12756,-0.48153,0.02658,,,,,,,,,,,,,,,,,,,,,,,,,,0,0,0,0,0
42.6190,1783969894.3858,2,1,0.5000,0.2434,1.42233,-0.03156,-2.63741,1.09824,1.57085,0.11671,-0.12756,-0.48153,0.02658,,,,,,,,,,,,,,,,,,,,,,,,,,0,0,0,0,0
42.6288,1783969894.3956,2,1,0.5000,0.3364,1.42233,-0.03156,-2.63741,1.09824,1.57085,0.11671,-0.12756,-0.48153,0.02658,,,,,,,,,,,,,,,,,,,,,,,,,,0,0,0,0,0
42.6408,1783969894.4076,2,1,0.5000,0.6148,1.42233,-0.03156,-2.63741,1.09824,1.57085,0.11671,-0.12756,-0.48153,0.02658,,,,,,,,,,,,,,,,,,,,,,,,,,0,0,0,0,0
42.6483,1783969894.4151,2,1,0.5000,0.6537,1.42233,-0.03156,-2.63741,1.09824,1.57085,0.11671,-0.12756,-0.48153,0.02658,,,,,,,,,,,,,,,,,,,,,,,,,,0,0,0,0,0
42.6601,1783969894.4269,2,1,0.5000,0.5438,1.42233,-0.03156,-2.63741,1.09824,1.57085,0.11671,-0.12756,-0.48153,0.02658,,,,,,,,,,,,,,,,,,,,,,,,,,0,0,0,0,0
42.6685,1783969894.4353,2,1,0.5000,0.2647,1.42233,-0.03156,-2.63741,1.09824,1.57085,0.11671,-0.12756,-0.48153,0.02658,,,,,,,,,,,,,,,,,,,,,,,,,,0,0,0,0,0
42.6824,1783969894.4492,2,1,0.5000,0.0793,1.42233,-0.03156,-2.63741,1.09824,1.57085,0.11671,-0.12756,-0.48153,0.02658,,,,,,,,,,,,,,,,,,,,,,,,,,0,0,0,0,0
42.6828,1783969894.4495,2,1,0.5000,0.0387,1.42233,-0.03156,-2.63741,1.09824,1.57085,0.11671,-0.12756,-0.48153,0.02658,,,,,,,,,,,,,,,,,,,,,,,,,,0,0,0,0,0
42.6936,1783969894.4604,2,1,0.5000,0.0044,1.42233,-0.03156,-2.63741,1.09824,1.57085,0.11671,-0.12756,-0.48153,0.02658,,,,,,,,,,,,,,,,,,,,,,,,,,0,0,0,0,0
42.6977,1783969894.4644,2,1,0.5000,0.0033,1.42233,-0.03156,-2.63741,1.09824,1.57085,0.11671,-0.12756,-0.48153,0.02658,,,,,,,,,,,,,,,,,,,,,,,,,,0,0,0,0,0
42.7140,1783969894.4808,2,1,0.5000,0.0777,1.42233,-0.03156,-2.63741,1.09824,1.57085,0.11671,-0.12756,-0.48153,0.02658,,,,,,,,,,,,,,,,,,,,,,,,,,0,0,0,0,0
42.7178,1783969894.4846,2,1,0.5000,0.1459,1.42233,-0.03156,-2.63741,1.09824,1.57085,0.11671,-0.12756,-0.48153,0.02658,,,,,,,,,,,,,,,,,,,,,,,,,,0,0,0,0,0
42.7182,1783969894.4849,2,1,0.5000,0.1690,1.42233,-0.03156,-2.63741,1.09824,1.57085,0.11671,-0.12756,-0.48153,0.02658,,,,,,,,,,,,,,,,,,,,,,,,,,0,0,0,0,0
42.7292,1783969894.4960,2,1,0.5000,0.2798,1.42233,-0.03156,-2.63741,1.09824,1.57085,0.11671,-0.12756,-0.48153,0.02658,,,,,,,,,,,,,,,,,,,,,,,,,,0,0,0,0,0
42.7387,1783969894.5055,2,1,0.5000,0.3254,1.42233,-0.03156,-2.63741,1.09824,1.57085,0.11671,-0.12756,-0.48153,0.02658,,,,,,,,,,,,,,,,,,,,,,,,,,0,0,0,0,0
42.7390,1783969894.5058,2,1,0.5000,0.3163,1.42233,-0.03156,-2.63741,1.09824,1.57085,0.11671,-0.12756,-0.48153,0.02658,,,,,,,,,,,,,,,,,,,,,,,,,,0,0,0,0,0
42.7465,1783969894.5133,2,1,0.5000,0.3342,1.42233,-0.03156,-2.63741,1.09824,1.57085,0.11671,-0.12756,-0.48153,0.02658,,,,,,,,,,,,,,,,,,,,,,,,,,0,0,0,0,0
42.7469,1783969894.5136,2,1,0.5000,0.3331,1.42233,-0.03156,-2.63741,1.09824,1.57085,0.11671,-0.12756,-0.48153,0.02658,,,,,,,,,,,,,,,,,,,,,,,,,,0,0,0,0,0
42.7627,1783969894.5295,2,1,0.5000,0.4088,1.42233,-0.03157,-2.63741,1.09824,1.57085,0.11671,-0.12757,-0.48153,0.02657,,,,,,,,,,,,,,,,,,,,,,,,,,0,0,0,0,0
42.7630,1783969894.5298,2,1,0.5000,0.4823,1.42233,-0.03157,-2.63741,1.09824,1.57085,0.11671,-0.12757,-0.48153,0.02657,,,,,,,,,,,,,,,,,,,,,,,,,,0,0,0,0,0
42.7726,1783969894.5394,2,1,0.5000,0.6297,1.42233,-0.03157,-2.63741,1.09824,1.57085,0.11671,-0.12757,-0.48152,0.02657,,,,,,,,,,,,,,,,,,,,,,,,,,0,0,0,0,0
42.7808,1783969894.5476,2,1,0.5000,0.6538,1.42233,-0.03158,-2.63742,1.09824,1.57085,0.11671,-0.12757,-0.48152,0.02656,,,,,,,,,,,,,,,,,,,,,,,,,,0,0,0,0,0
42.7865,1783969894.5532,2,1,0.5000,0.6234,1.42233,-0.03158,-2.63742,1.09824,1.57085,0.11671,-0.12757,-0.48152,0.02656,,,,,,,,,,,,,,,,,,,,,,,,,,0,0,0,0,0
42.7869,1783969894.5537,2,1,0.5000,0.6069,1.42233,-0.03158,-2.63742,1.09824,1.57085,0.11671,-0.12757,-0.48152,0.02656,,,,,,,,,,,,,,,,,,,,,,,,,,0,0,0,0,0
42.8010,1783969894.5678,2,1,0.5000,0.4081,1.42233,-0.03158,-2.63742,1.09824,1.57085,0.11671,-0.12757,-0.48152,0.02656,,,,,,,,,,,,,,,,,,,,,,,,,,0,0,0,0,0
42.8107,1783969894.5775,2,1,0.5000,0.2317,1.42233,-0.03158,-2.63742,1.09824,1.57085,0.11671,-0.12757,-0.48152,0.02656,,,,,,,,,,,,,,,,,,,,,,,,,,0,0,0,0,0
42.8111,1783969894.5779,2,1,0.5000,0.1379,1.42233,-0.03158,-2.63742,1.09824,1.57085,0.11671,-0.12757,-0.48152,0.02656,,,,,,,,,,,,,,,,,,,,,,,,,,0,0,0,0,0
42.8202,1783969894.5870,2,1,0.5000,0.0345,1.42233,-0.03158,-2.63742,1.09824,1.57085,0.11671,-0.12757,-0.48152,0.02656,,,,,,,,,,,,,,,,,,,,,,,,,,0,0,0,0,0
42.8273,1783969894.5941,2,1,0.5000,0.0293,1.42233,-0.03158,-2.63742,1.09824,1.57085,0.11671,-0.12757,-0.48152,0.02656,,,,,,,,,,,,,,,,,,,,,,,,,,0,0,0,0,0
42.8281,1783969894.5948,2,1,0.5000,0.0405,1.42233,-0.03158,-2.63742,1.09824,1.57085,0.11671,-0.12757,-0.48152,0.02656,,,,,,,,,,,,,,,,,,,,,,,,,,0,0,0,0,0
42.8366,1783969894.6033,2,1,0.5000,0.0930,1.42233,-0.03158,-2.63742,1.09824,1.57085,0.11671,-0.12757,-0.48152,0.02656,,,,,,,,,,,,,,,,,,,,,,,,,,0,0,0,0,0
42.8464,1783969894.6132,2,1,0.5000,0.1233,1.42233,-0.03158,-2.63742,1.09824,1.57085,0.11671,-0.12757,-0.48152,0.02656,,,,,,,,,,,,,,,,,,,,,,,,,,0,0,0,0,0
42.8468,1783969894.6135,2,1,0.5000,0.1550,1.42233,-0.03158,-2.63742,1.09824,1.57085,0.11671,-0.12757,-0.48152,0.02656,,,,,,,,,,,,,,,,,,,,,,,,,,0,0,0,0,0
42.8605,1783969894.6273,2,1,0.5000,0.2691,1.42233,-0.03158,-2.63742,1.09824,1.57085,0.11671,-0.12757,-0.48152,0.02656,,,,,,,,,,,,,,,,,,,,,,,,,,0,0,0,0,0
42.8722,1783969894.6390,2,1,0.5000,0.2759,1.42233,-0.03158,-2.63742,1.09824,1.57085,0.11671,-0.12757,-0.48152,0.02656,,,,,,,,,,,,,,,,,,,,,,,,,,0,0,0,0,0
42.8725,1783969894.6393,2,1,0.5000,0.3449,1.42233,-0.03158,-2.63742,1.09824,1.57085,0.11671,-0.12757,-0.48152,0.02656,,,,,,,,,,,,,,,,,,,,,,,,,,0,0,0,0,0
42.8871,1783969894.6539,2,1,0.5000,0.4033,1.42233,-0.03158,-2.63742,1.09824,1.57085,0.11671,-0.12757,-0.48152,0.02656,,,,,,,,,,,,,,,,,,,,,,,,,,0,0,0,0,0
42.8949,1783969894.6617,2,1,0.5000,0.4261,1.42233,-0.03158,-2.63742,1.09824,1.57085,0.11671,-0.12757,-0.48152,0.02656,,,,,,,,,,,,,,,,,,,,,,,,,,0,0,0,0,0
42.8987,1783969894.6654,2,1,0.5000,0.5050,1.42233,-0.03158,-2.63742,1.09824,1.57085,0.11671,-0.12757,-0.48152,0.02656,,,,,,,,,,,,,,,,,,,,,,,,,,0,0,0,0,0
42.9312,1783969894.6979,2,1,0.5000,0.6138,1.42233,-0.03158,-2.63742,1.09824,1.57085,0.11671,-0.12757,-0.48152,0.02656,,,,,,,,,,,,,,,,,,,,,,,,,,0,0,0,0,0
42.9315,1783969894.6983,2,1,0.5000,0.6256,1.42233,-0.03158,-2.63742,1.09824,1.57085,0.11671,-0.12757,-0.48152,0.02656,,,,,,,,,,,,,,,,,,,,,,,,,,0,0,0,0,0
42.9320,1783969894.6988,2,1,0.5000,0.5401,1.42233,-0.03158,-2.63742,1.09824,1.57085,0.11671,-0.12757,-0.48152,0.02656,,,,,,,,,,,,,,,,,,,,,,,,,,0,0,0,0,0
42.9350,1783969894.7018,2,1,0.5000,0.4245,1.42233,-0.03158,-2.63742,1.09824,1.57085,0.11671,-0.12757,-0.48152,0.02656,,,,,,,,,,,,,,,,,,,,,,,,,,0,0,0,0,0
42.9514,1783969894.7182,2,1,0.5000,0.1889,1.42233,-0.03158,-2.63742,1.09824,1.57085,0.11671,-0.12757,-0.48152,0.02656,,,,,,,,,,,,,,,,,,,,,,,,,,0,0,0,0,0
42.9520,1783969894.7188,2,1,0.5000,0.0495,1.42233,-0.03158,-2.63742,1.09824,1.57085,0.11671,-0.12757,-0.48152,0.02656,,,,,,,,,,,,,,,,,,,,,,,,,,0,0,0,0,0
42.9587,1783969894.7255,2,1,0.5000,0.0410,1.42233,-0.03158,-2.63742,1.09824,1.57085,0.11671,-0.12757,-0.48152,0.02656,,,,,,,,,,,,,,,,,,,,,,,,,,0,0,0,0,0
42.9590,1783969894.7258,2,1,0.5000,0.0410,1.42233,-0.03158,-2.63742,1.09824,1.57085,0.11671,-0.12757,-0.48152,0.02656,,,,,,,,,,,,,,,,,,,,,,,,,,0,0,0,0,0
42.9673,1783969894.7341,2,1,0.5000,0.0763,1.42233,-0.03158,-2.63742,1.09824,1.57085,0.11671,-0.12757,-0.48152,0.02656,,,,,,,,,,,,,,,,,,,,,,,,,,0,0,0,0,0
42.9788,1783969894.7456,2,1,0.5000,0.1849,1.42233,-0.03158,-2.63742,1.09824,1.57085,0.11671,-0.12757,-0.48152,0.02656,,,,,,,,,,,,,,,,,,,,,,,,,,0,0,0,0,0
42.9892,1783969894.7560,2,1,0.5000,0.3415,1.42233,-0.03158,-2.63742,1.09824,1.57085,0.11671,-0.12757,-0.48152,0.02656,,,,,,,,,,,,,,,,,,,,,,,,,,0,0,0,0,0
42.9966,1783969894.7633,2,1,0.5000,0.3664,1.42233,-0.03158,-2.63742,1.09824,1.57085,0.11671,-0.12757,-0.48152,0.02656,,,,,,,,,,,,,,,,,,,,,,,,,,0,0,0,0,0
43.0121,1783969894.7788,2,1,0.5000,0.4426,1.42233,-0.03158,-2.63742,1.09824,1.57085,0.11671,-0.12757,-0.48152,0.02656,,,,,,,,,,,,,,,,,,,,,,,,,,0,0,0,0,0
43.0250,1783969894.7918,2,1,0.5000,0.4401,1.42233,-0.03158,-2.63742,1.09824,1.57085,0.11671,-0.12757,-0.48152,0.02656,,,,,,,,,,,,,,,,,,,,,,,,,,0,0,0,0,0
43.0254,1783969894.7922,2,1,0.5000,0.4515,1.42233,-0.03158,-2.63742,1.09824,1.57085,0.11671,-0.12757,-0.48152,0.02656,,,,,,,,,,,,,,,,,,,,,,,,,,0,0,0,0,0
43.0295,1783969894.7963,2,1,0.5000,0.5532,1.42233,-0.03158,-2.63742,1.09824,1.57085,0.11671,-0.12757,-0.48152,0.02656,,,,,,,,,,,,,,,,,,,,,,,,,,0,0,0,0,0
43.0408,1783969894.8076,2,1,0.5000,0.6547,1.42233,-0.03158,-2.63742,1.09824,1.57085,0.11671,-0.12757,-0.48152,0.02656,,,,,,,,,,,,,,,,,,,,,,,,,,0,0,0,0,0
43.0540,1783969894.8208,2,1,0.5000,0.6581,1.42233,-0.03158,-2.63742,1.09824,1.57085,0.11671,-0.12757,-0.48152,0.02656,,,,,,,,,,,,,,,,,,,,,,,,,,0,0,0,0,0
43.0569,1783969894.8237,2,1,0.5000,0.6045,1.42233,-0.03158,-2.63742,1.09824,1.57085,0.11671,-0.12757,-0.48152,0.02656,,,,,,,,,,,,,,,,,,,,,,,,,,0,0,0,0,0
43.0723,1783969894.8391,2,1,0.5000,0.5466,1.42233,-0.03158,-2.63742,1.09824,1.57085,0.11671,-0.12757,-0.48152,0.02656,,,,,,,,,,,,,,,,,,,,,,,,,,0,0,0,0,0
43.0726,1783969894.8393,2,1,0.5000,0.3994,1.42233,-0.03158,-2.63742,1.09824,1.57085,0.11671,-0.12757,-0.48152,0.02656,,,,,,,,,,,,,,,,,,,,,,,,,,0,0,0,0,0
43.0803,1783969894.8471,2,1,0.5000,0.3265,1.42233,-0.03158,-2.63742,1.09824,1.57085,0.11671,-0.12757,-0.48152,0.02656,,,,,,,,,,,,,,,,,,,,,,,,,,0,0,0,0,0
43.0806,1783969894.8474,2,1,0.5000,0.2715,1.42233,-0.03158,-2.63742,1.09824,1.57085,0.11671,-0.12757,-0.48152,0.02656,,,,,,,,,,,,,,,,,,,,,,,,,,0,0,0,0,0
43.1041,1783969894.8709,2,1,0.5000,0.2248,1.42233,-0.03158,-2.63742,1.09824,1.57085,0.11671,-0.12757,-0.48152,0.02656,,,,,,,,,,,,,,,,,,,,,,,,,,0,0,0,0,0
43.1043,1783969894.8711,2,1,0.5000,0.2459,1.42233,-0.03158,-2.63742,1.09824,1.57085,0.11671,-0.12757,-0.48152,0.02656,,,,,,,,,,,,,,,,,,,,,,,,,,0,0,0,0,0
43.1075,1783969894.8743,2,1,0.5000,0.3195,1.42233,-0.03158,-2.63742,1.09824,1.57085,0.11671,-0.12757,-0.48152,0.02656,,,,,,,,,,,,,,,,,,,,,,,,,,0,0,0,0,0
43.1189,1783969894.8857,2,1,0.5000,0.5841,1.42233,-0.03158,-2.63742,1.09824,1.57085,0.11671,-0.12757,-0.48152,0.02656,,,,,,,,,,,,,,,,,,,,,,,,,,0,0,0,0,0
43.1278,1783969894.8946,2,1,0.5000,0.6884,1.42233,-0.03158,-2.63742,1.09824,1.57085,0.11671,-0.12757,-0.48152,0.02656,,,,,,,,,,,,,,,,,,,,,,,,,,0,0,0,0,0
43.1446,1783969894.9113,2,1,0.5000,0.7220,1.42233,-0.03158,-2.63742,1.09824,1.57085,0.11671,-0.12757,-0.48152,0.02656,,,,,,,,,,,,,,,,,,,,,,,,,,0,0,0,0,0
43.1463,1783969894.9130,2,1,0.5000,0.7116,1.42233,-0.03158,-2.63742,1.09824,1.57085,0.11671,-0.12757,-0.48152,0.02656,,,,,,,,,,,,,,,,,,,,,,,,,,0,0,0,0,0
43.1563,1783969894.9231,2,1,0.5000,0.7017,1.42233,-0.03158,-2.63742,1.09824,1.57085,0.11671,-0.12757,-0.48152,0.02656,,,,,,,,,,,,,,,,,,,,,,,,,,0,0,0,0,0
43.1566,1783969894.9233,2,1,0.5000,0.7042,1.42233,-0.03158,-2.63742,1.09824,1.57085,0.11671,-0.12757,-0.48152,0.02656,,,,,,,,,,,,,,,,,,,,,,,,,,0,0,0,0,0
43.1733,1783969894.9400,2,1,0.5000,0.7041,1.42233,-0.03158,-2.63742,1.09824,1.57085,0.11671,-0.12757,-0.48152,0.02656,,,,,,,,,,,,,,,,,,,,,,,,,,0,0,0,0,0
43.1780,1783969894.9448,2,1,0.5000,0.7073,1.42233,-0.03158,-2.63742,1.09824,1.57085,0.11671,-0.12757,-0.48152,0.02656,,,,,,,,,,,,,,,,,,,,,,,,,,0,0,0,0,0
43.1786,1783969894.9454,2,1,0.5000,0.6967,1.42233,-0.03158,-2.63742,1.09824,1.57085,0.11671,-0.12757,-0.48152,0.02656,,,,,,,,,,,,,,,,,,,,,,,,,,0,0,0,0,0
43.1964,1783969894.9632,2,1,0.5000,0.6789,1.42233,-0.03158,-2.63742,1.09824,1.57085,0.11671,-0.12757,-0.48152,0.02656,,,,,,,,,,,,,,,,,,,,,,,,,,0,0,0,0,0
43.1969,1783969894.9637,2,1,0.5000,0.6755,1.42233,-0.03158,-2.63742,1.09824,1.57085,0.11671,-0.12757,-0.48152,0.02656,,,,,,,,,,,,,,,,,,,,,,,,,,0,0,0,0,0
43.2006,1783969894.9674,2,1,0.5000,0.5093,1.42233,-0.03158,-2.63742,1.09824,1.57085,0.11671,-0.12757,-0.48152,0.02656,,,,,,,,,,,,,,,,,,,,,,,,,,0,0,0,0,0
43.2011,1783969894.9678,2,1,0.5000,0.4414,1.42233,-0.03158,-2.63742,1.09824,1.57085,0.11671,-0.12757,-0.48152,0.02656,,,,,,,,,,,,,,,,,,,,,,,,,,0,0,0,0,0
43.2071,1783969894.9738,2,1,0.5000,0.3232,1.42233,-0.03158,-2.63742,1.09824,1.57085,0.11671,-0.12757,-0.48152,0.02656,,,,,,,,,,,,,,,,,,,,,,,,,,0,0,0,0,0
43.2201,1783969894.9869,2,1,0.5000,0.2544,1.42233,-0.03158,-2.63742,1.09824,1.57085,0.11671,-0.12757,-0.48152,0.02656,,,,,,,,,,,,,,,,,,,,,,,,,,0,0,0,0,0
43.2323,1783969894.9991,2,1,0.5000,0.2930,1.42233,-0.03158,-2.63742,1.09824,1.57085,0.11671,-0.12757,-0.48152,0.02656,,,,,,,,,,,,,,,,,,,,,,,,,,0,0,0,0,0
43.2390,1783969895.0058,2,1,0.5000,0.3332,1.42233,-0.03159,-2.63742,1.09824,1.57085,0.11671,-0.12757,-0.48152,0.02656,,,,,,,,,,,,,,,,,,,,,,,,,,0,0,0,0,0
43.2605,1783969895.0272,2,1,0.5000,0.4412,1.42233,-0.03160,-2.63742,1.09825,1.57085,0.11671,-0.12757,-0.48152,0.02656,,,,,,,,,,,,,,,,,,,,,,,,,,0,0,0,0,0
43.2609,1783969895.0277,2,1,0.5000,0.5072,1.42233,-0.03160,-2.63742,1.09825,1.57085,0.11671,-0.12757,-0.48152,0.02656,,,,,,,,,,,,,,,,,,,,,,,,,,0,0,0,0,0
43.2622,1783969895.0290,2,1,0.5000,0.6662,1.42233,-0.03160,-2.63742,1.09825,1.57085,0.11671,-0.12757,-0.48152,0.02656,,,,,,,,,,,,,,,,,,,,,,,,,,0,0,0,0,0
43.2626,1783969895.0294,2,1,0.5000,0.6711,1.42233,-0.03160,-2.63742,1.09825,1.57085,0.11671,-0.12757,-0.48152,0.02656,,,,,,,,,,,,,,,,,,,,,,,,,,0,0,0,0,0
43.2801,1783969895.0469,2,1,0.5000,0.6987,1.42233,-0.03160,-2.63742,1.09825,1.57085,0.11671,-0.12757,-0.48152,0.02655,,,,,,,,,,,,,,,,,,,,,,,,,,0,0,0,0,0
43.2803,1783969895.0471,2,1,0.5000,0.7004,1.42233,-0.03160,-2.63742,1.09825,1.57085,0.11671,-0.12757,-0.48152,0.02655,,,,,,,,,,,,,,,,,,,,,,,,,,0,0,0,0,0
43.2817,1783969895.0485,2,1,0.5000,0.7177,1.42233,-0.03160,-2.63742,1.09825,1.57085,0.11671,-0.12757,-0.48152,0.02655,,,,,,,,,,,,,,,,,,,,,,,,,,0,0,0,0,0
43.2885,1783969895.0552,2,1,0.5000,0.6603,1.42233,-0.03160,-2.63742,1.09825,1.57085,0.11671,-0.12757,-0.48152,0.02655,,,,,,,,,,,,,,,,,,,,,,,,,,0,0,0,0,0
43.2995,1783969895.0663,2,1,0.5000,0.6462,1.42233,-0.03160,-2.63742,1.09825,1.57085,0.11671,-0.12757,-0.48152,0.02655,,,,,,,,,,,,,,,,,,,,,,,,,,0,0,0,0,0
43.3069,1783969895.0737,2,1,0.5000,0.6494,1.42233,-0.03160,-2.63742,1.09825,1.57085,0.11671,-0.12757,-0.48152,0.02655,,,,,,,,,,,,,,,,,,,,,,,,,,0,0,0,0,0
43.3311,1783969895.0979,2,1,0.5000,0.6083,1.42233,-0.03160,-2.63742,1.09825,1.57085,0.11671,-0.12757,-0.48152,0.02655,,,,,,,,,,,,,,,,,,,,,,,,,,0,0,0,0,0
43.3320,1783969895.0988,2,1,0.5000,0.5249,1.42233,-0.03160,-2.63742,1.09825,1.57085,0.11671,-0.12757,-0.48152,0.02655,,,,,,,,,,,,,,,,,,,,,,,,,,0,0,0,0,0
43.3324,1783969895.0992,2,1,0.5000,0.4431,1.42233,-0.03160,-2.63742,1.09825,1.57085,0.11671,-0.12757,-0.48152,0.02655,,,,,,,,,,,,,,,,,,,,,,,,,,0,0,0,0,0
43.3370,1783969895.1038,2,1,0.5000,0.3162,1.42233,-0.03160,-2.63742,1.09825,1.57085,0.11671,-0.12757,-0.48152,0.02655,,,,,,,,,,,,,,,,,,,,,,,,,,0,0,0,0,0
43.3485,1783969895.1152,2,1,0.5000,0.2490,1.42233,-0.03160,-2.63742,1.09825,1.57085,0.11671,-0.12757,-0.48152,0.02655,,,,,,,,,,,,,,,,,,,,,,,,,,0,0,0,0,0
43.3606,1783969895.1274,2,1,0.5000,0.2652,1.42233,-0.03160,-2.63742,1.09825,1.57085,0.11671,-0.12757,-0.48152,0.02655,,,,,,,,,,,,,,,,,,,,,,,,,,0,0,0,0,0
43.3610,1783969895.1278,2,1,0.5000,0.2837,1.42233,-0.03160,-2.63742,1.09825,1.57085,0.11671,-0.12757,-0.48152,0.02655,,,,,,,,,,,,,,,,,,,,,,,,,,0,0,0,0,0
43.3768,1783969895.1436,2,1,0.5000,0.3067,1.42233,-0.03160,-2.63742,1.09825,1.57085,0.11671,-0.12757,-0.48152,0.02655,,,,,,,,,,,,,,,,,,,,,,,,,,0,0,0,0,0
43.3773,1783969895.1441,2,1,0.5000,0.5088,1.42233,-0.03160,-2.63742,1.09825,1.57085,0.11671,-0.12757,-0.48152,0.02655,,,,,,,,,,,,,,,,,,,,,,,,,,0,0,0,0,0
43.3890,1783969895.1557,2,1,0.5000,0.6677,1.42233,-0.03160,-2.63742,1.09825,1.57085,0.11671,-0.12757,-0.48152,0.02655,,,,,,,,,,,,,,,,,,,,,,,,,,0,0,0,0,0
43.4010,1783969895.1677,2,1,0.5000,0.6791,1.42233,-0.03160,-2.63742,1.09825,1.57085,0.11671,-0.12757,-0.48152,0.02655,,,,,,,,,,,,,,,,,,,,,,,,,,0,0,0,0,0
43.4065,1783969895.1733,2,1,0.5000,0.7061,1.42233,-0.03160,-2.63742,1.09825,1.57085,0.11671,-0.12757,-0.48152,0.02655,,,,,,,,,,,,,,,,,,,,,,,,,,0,0,0,0,0
43.4248,1783969895.1916,2,1,0.5000,0.6792,1.42233,-0.03160,-2.63742,1.09825,1.57085,0.11671,-0.12757,-0.48152,0.02655,,,,,,,,,,,,,,,,,,,,,,,,,,0,0,0,0,0
43.4384,1783969895.2052,2,1,0.5000,0.6614,1.42233,-0.03160,-2.63742,1.09825,1.57085,0.11671,-0.12757,-0.48152,0.02655,,,,,,,,,,,,,,,,,,,,,,,,,,0,0,0,0,0
43.4390,1783969895.2058,2,1,0.5000,0.6444,1.42233,-0.03160,-2.63742,1.09825,1.57085,0.11671,-0.12757,-0.48152,0.02655,,,,,,,,,,,,,,,,,,,,,,,,,,0,0,0,0,0
43.4465,1783969895.2132,2,1,0.5000,0.5325,1.42233,-0.03160,-2.63742,1.09825,1.57085,0.11671,-0.12757,-0.48152,0.02655,,,,,,,,,,,,,,,,,,,,,,,,,,0,0,0,0,0
43.4642,1783969895.2310,2,1,0.5000,0.4739,1.42233,-0.03160,-2.63742,1.09825,1.57085,0.11671,-0.12757,-0.48152,0.02655,,,,,,,,,,,,,,,,,,,,,,,,,,0,0,0,0,0
43.4646,1783969895.2314,2,1,0.5000,0.4184,1.42233,-0.03160,-2.63742,1.09825,1.57085,0.11671,-0.12757,-0.48152,0.02655,,,,,,,,,,,,,,,,,,,,,,,,,,0,0,0,0,0
43.4689,1783969895.2357,2,1,0.5000,0.3339,1.42233,-0.03160,-2.63742,1.09825,1.57085,0.11671,-0.12757,-0.48152,0.02655,,,,,,,,,,,,,,,,,,,,,,,,,,0,0,0,0,0
43.4693,1783969895.2361,2,1,0.5000,0.3205,1.42233,-0.03160,-2.63742,1.09825,1.57085,0.11671,-0.12757,-0.48152,0.02655,,,,,,,,,,,,,,,,,,,,,,,,,,0,0,0,0,0
43.4797,1783969895.2465,2,1,0.5000,0.2847,1.42233,-0.03160,-2.63742,1.09825,1.57085,0.11671,-0.12757,-0.48152,0.02655,,,,,,,,,,,,,,,,,,,,,,,,,,0,0,0,0,0
43.4879,1783969895.2546,2,1,0.5000,0.3031,1.42233,-0.03160,-2.63742,1.09825,1.57085,0.11671,-0.12757,-0.48152,0.02655,,,,,,,,,,,,,,,,,,,,,,,,,,0,0,0,0,0
43.5024,1783969895.2692,2,1,0.5000,0.3243,1.42233,-0.03160,-2.63742,1.09825,1.57085,0.11671,-0.12757,-0.48152,0.02655,,,,,,,,,,,,,,,,,,,,,,,,,,0,0,0,0,0
43.5081,1783969895.2749,2,1,0.5000,0.4232,1.42233,-0.03160,-2.63742,1.09825,1.57085,0.11671,-0.12757,-0.48152,0.02655,,,,,,,,,,,,,,,,,,,,,,,,,,0,0,0,0,0
43.5240,1783969895.2908,2,1,0.5000,0.5909,1.42233,-0.03160,-2.63742,1.09825,1.57085,0.11671,-0.12757,-0.48152,0.02655,,,,,,,,,,,,,,,,,,,,,,,,,,0,0,0,0,0
43.5290,1783969895.2958,2,1,0.5000,0.6651,1.42233,-0.03160,-2.63742,1.09825,1.57085,0.11671,-0.12757,-0.48152,0.02655,,,,,,,,,,,,,,,,,,,,,,,,,,0,0,0,0,0
43.5374,1783969895.3042,2,1,0.5000,0.6377,1.42233,-0.03160,-2.63742,1.09825,1.57085,0.11671,-0.12757,-0.48152,0.02655,,,,,,,,,,,,,,,,,,,,,,,,,,0,0,0,0,0
43.5562,1783969895.3229,2,1,0.5000,0.6460,1.42233,-0.03160,-2.63742,1.09825,1.57085,0.11671,-0.12757,-0.48152,0.02655,,,,,,,,,,,,,,,,,,,,,,,,,,0,0,0,0,0
43.5566,1783969895.3233,2,1,0.5000,0.6317,1.42233,-0.03160,-2.63742,1.09825,1.57085,0.11671,-0.12757,-0.48152,0.02655,,,,,,,,,,,,,,,,,,,,,,,,,,0,0,0,0,0
43.5883,1783969895.3551,2,1,0.5000,0.6434,1.42233,-0.03160,-2.63742,1.09825,1.57085,0.11671,-0.12757,-0.48152,0.02655,,,,,,,,,,,,,,,,,,,,,,,,,,0,0,0,0,0
43.5900,1783969895.3567,2,1,0.5000,0.6087,1.42233,-0.03160,-2.63742,1.09825,1.57085,0.11671,-0.12757,-0.48152,0.02655,,,,,,,,,,,,,,,,,,,,,,,,,,0,0,0,0,0
43.5904,1783969895.3572,2,1,0.5000,0.6070,1.42233,-0.03160,-2.63742,1.09825,1.57085,0.11671,-0.12757,-0.48152,0.02655,,,,,,,,,,,,,,,,,,,,,,,,,,0,0,0,0,0
43.5909,1783969895.3576,2,1,0.5000,0.5480,1.42233,-0.03160,-2.63742,1.09825,1.57085,0.11671,-0.12757,-0.48152,0.02655,,,,,,,,,,,,,,,,,,,,,,,,,,0,0,0,0,0
43.5913,1783969895.3581,2,1,0.5000,0.5342,1.42233,-0.03160,-2.63742,1.09825,1.57085,0.11671,-0.12757,-0.48152,0.02655,,,,,,,,,,,,,,,,,,,,,,,,,,0,0,0,0,0
43.5971,1783969895.3639,2,1,0.5000,0.4176,1.42233,-0.03160,-2.63742,1.09825,1.57085,0.11671,-0.12757,-0.48152,0.02655,,,,,,,,,,,,,,,,,,,,,,,,,,0,0,0,0,0
43.5974,1783969895.3642,2,1,0.5000,0.3935,1.42233,-0.03160,-2.63742,1.09825,1.57085,0.11671,-0.12757,-0.48152,0.02655,,,,,,,,,,,,,,,,,,,,,,,,,,0,0,0,0,0
43.6067,1783969895.3735,2,1,0.5000,0.2834,1.42233,-0.03160,-2.63742,1.09825,1.57085,0.11671,-0.12757,-0.48152,0.02655,,,,,,,,,,,,,,,,,,,,,,,,,,0,0,0,0,0
43.6090,1783969895.3758,2,1,0.5000,0.3029,1.42233,-0.03160,-2.63742,1.09825,1.57085,0.11671,-0.12757,-0.48152,0.02655,,,,,,,,,,,,,,,,,,,,,,,,,,0,0,0,0,0
43.6174,1783969895.3842,2,1,0.5000,0.2996,1.42233,-0.03160,-2.63742,1.09825,1.57085,0.11671,-0.12757,-0.48152,0.02655,,,,,,,,,,,,,,,,,,,,,,,,,,0,0,0,0,0
43.6283,1783969895.3951,2,1,0.5000,0.3109,1.42233,-0.03160,-2.63742,1.09825,1.57085,0.11671,-0.12757,-0.48152,0.02655,,,,,,,,,,,,,,,,,,,,,,,,,,0,0,0,0,0
43.6379,1783969895.4047,2,1,0.5000,0.4069,1.42233,-0.03160,-2.63742,1.09825,1.57085,0.11671,-0.12757,-0.48152,0.02655,,,,,,,,,,,,,,,,,,,,,,,,,,0,0,0,0,0
43.6504,1783969895.4171,2,1,0.5000,0.5723,1.42233,-0.03160,-2.63742,1.09825,1.57085,0.11671,-0.12757,-0.48152,0.02655,,,,,,,,,,,,,,,,,,,,,,,,,,0,0,0,0,0
43.6561,1783969895.4229,2,1,0.5000,0.6773,1.42233,-0.03160,-2.63742,1.09825,1.57085,0.11671,-0.12757,-0.48152,0.02655,,,,,,,,,,,,,,,,,,,,,,,,,,0,0,0,0,0
43.6853,1783969895.4520,2,1,0.5000,0.6464,1.42233,-0.03160,-2.63742,1.09825,1.57085,0.11671,-0.12757,-0.48152,0.02655,,,,,,,,,,,,,,,,,,,,,,,,,,0,0,0,0,0
43.6935,1783969895.4602,2,1,0.5000,0.6308,1.42233,-0.03160,-2.63742,1.09825,1.57085,0.11671,-0.12757,-0.48152,0.02655,,,,,,,,,,,,,,,,,,,,,,,,,,0,0,0,0,0
43.6962,1783969895.4630,2,1,0.5000,0.5939,1.42233,-0.03160,-2.63742,1.09825,1.57085,0.11671,-0.12757,-0.48152,0.02655,,,,,,,,,,,,,,,,,,,,,,,,,,0,0,0,0,0
43.6965,1783969895.4633,2,1,0.5000,0.5739,1.42233,-0.03160,-2.63742,1.09825,1.57085,0.11671,-0.12757,-0.48152,0.02655,,,,,,,,,,,,,,,,,,,,,,,,,,0,0,0,0,0
43.6969,1783969895.4637,2,1,0.5000,0.5229,1.42233,-0.03160,-2.63742,1.09825,1.57085,0.11671,-0.12757,-0.48152,0.02655,,,,,,,,,,,,,,,,,,,,,,,,,,0,0,0,0,0
43.6971,1783969895.4639,2,1,0.5000,0.4142,1.42233,-0.03160,-2.63742,1.09825,1.57085,0.11671,-0.12757,-0.48152,0.02655,,,,,,,,,,,,,,,,,,,,,,,,,,0,0,0,0,0
43.7091,1783969895.4759,2,1,0.5000,0.3526,1.42233,-0.03160,-2.63742,1.09825,1.57085,0.11671,-0.12757,-0.48152,0.02655,,,,,,,,,,,,,,,,,,,,,,,,,,0,0,0,0,0
43.7163,1783969895.4831,2,1,0.5000,0.3086,1.42233,-0.03160,-2.63742,1.09825,1.57085,0.11671,-0.12757,-0.48152,0.02655,,,,,,,,,,,,,,,,,,,,,,,,,,0,0,0,0,0
43.7166,1783969895.4834,2,1,0.5000,0.2973,1.42233,-0.03160,-2.63742,1.09825,1.57085,0.11671,-0.12757,-0.48152,0.02655,,,,,,,,,,,,,,,,,,,,,,,,,,0,0,0,0,0
43.7319,1783969895.4987,2,1,0.5000,0.2766,1.42233,-0.03160,-2.63742,1.09826,1.57085,0.11671,-0.12757,-0.48152,0.02656,,,,,,,,,,,,,,,,,,,,,,,,,,0,0,0,0,0
43.7447,1783969895.5115,2,1,0.5000,0.2487,1.42233,-0.03160,-2.63742,1.09826,1.57085,0.11671,-0.12757,-0.48152,0.02656,,,,,,,,,,,,,,,,,,,,,,,,,,0,0,0,0,0
43.7545,1783969895.5213,2,1,0.5000,0.2359,1.42233,-0.03160,-2.63742,1.09826,1.57085,0.11671,-0.12757,-0.48152,0.02656,,,,,,,,,,,,,,,,,,,,,,,,,,0,0,0,0,0
43.7601,1783969895.5268,2,1,0.5000,0.2636,1.42233,-0.03160,-2.63742,1.09826,1.57085,0.11671,-0.12757,-0.48152,0.02656,,,,,,,,,,,,,,,,,,,,,,,,,,0,0,0,0,0
43.7604,1783969895.5271,2,1,0.5000,0.2737,1.42233,-0.03160,-2.63742,1.09826,1.57085,0.11671,-0.12757,-0.48152,0.02656,,,,,,,,,,,,,,,,,,,,,,,,,,0,0,0,0,0
43.7776,1783969895.5444,2,1,0.5000,0.3012,1.42233,-0.03160,-2.63742,1.09826,1.57085,0.11671,-0.12757,-0.48152,0.02656,,,,,,,,,,,,,,,,,,,,,,,,,,0,0,0,0,0
43.7885,1783969895.5553,2,1,0.5000,0.3038,1.42233,-0.03160,-2.63742,1.09826,1.57085,0.11671,-0.12757,-0.48152,0.02656,,,,,,,,,,,,,,,,,,,,,,,,,,0,0,0,0,0
43.7890,1783969895.5558,2,1,0.5000,0.3638,1.42233,-0.03160,-2.63742,1.09826,1.57085,0.11671,-0.12757,-0.48152,0.02656,,,,,,,,,,,,,,,,,,,,,,,,,,0,0,0,0,0
43.7913,1783969895.5580,2,1,0.5000,0.3704,1.42233,-0.03160,-2.63742,1.09826,1.57085,0.11671,-0.12757,-0.48152,0.02656,,,,,,,,,,,,,,,,,,,,,,,,,,0,0,0,0,0
43.7921,1783969895.5588,2,1,0.5000,0.4069,1.42233,-0.03160,-2.63742,1.09826,1.57085,0.11671,-0.12757,-0.48152,0.02656,,,,,,,,,,,,,,,,,,,,,,,,,,0,0,0,0,0
43.7974,1783969895.5641,2,1,0.5000,0.4021,1.42233,-0.03160,-2.63742,1.09826,1.57085,0.11671,-0.12757,-0.48152,0.02656,,,,,,,,,,,,,,,,,,,,,,,,,,0,0,0,0,0
43.8111,1783969895.5779,2,1,0.5000,0.3959,1.42233,-0.03160,-2.63742,1.09826,1.57085,0.11671,-0.12757,-0.48152,0.02656,,,,,,,,,,,,,,,,,,,,,,,,,,0,0,0,0,0
43.8408,1783969895.6075,2,1,0.5000,0.3846,1.42233,-0.03160,-2.63742,1.09826,1.57085,0.11671,-0.12757,-0.48152,0.02656,,,,,,,,,,,,,,,,,,,,,,,,,,0,0,0,0,0
43.8447,1783969895.6114,2,1,0.5000,0.3739,1.42233,-0.03160,-2.63742,1.09826,1.57085,0.11671,-0.12757,-0.48152,0.02656,,,,,,,,,,,,,,,,,,,,,,,,,,0,0,0,0,0
43.8467,1783969895.6135,2,1,0.5000,0.3457,1.42233,-0.03160,-2.63742,1.09826,1.57085,0.11671,-0.12757,-0.48152,0.02656,,,,,,,,,,,,,,,,,,,,,,,,,,0,0,0,0,0
43.8470,1783969895.6138,2,1,0.5000,0.2954,1.42233,-0.03160,-2.63742,1.09826,1.57085,0.11671,-0.12757,-0.48152,0.02656,,,,,,,,,,,,,,,,,,,,,,,,,,0,0,0,0,0
43.8562,1783969895.6230,2,1,0.5000,0.2555,1.42233,-0.03160,-2.63742,1.09826,1.57085,0.11671,-0.12757,-0.48152,0.02656,,,,,,,,,,,,,,,,,,,,,,,,,,0,0,0,0,0
43.8565,1783969895.6233,2,1,0.5000,0.2454,1.42233,-0.03160,-2.63742,1.09826,1.57085,0.11671,-0.12757,-0.48152,0.02656,,,,,,,,,,,,,,,,,,,,,,,,,,0,0,0,0,0
43.8706,1783969895.6374,2,1,0.5000,0.1942,1.42233,-0.03160,-2.63742,1.09826,1.57085,0.11671,-0.12757,-0.48152,0.02656,,,,,,,,,,,,,,,,,,,,,,,,,,0,0,0,0,0
43.8804,1783969895.6472,2,1,0.5000,0.2214,1.42233,-0.03160,-2.63742,1.09826,1.57085,0.11671,-0.12757,-0.48152,0.02656,,,,,,,,,,,,,,,,,,,,,,,,,,0,0,0,0,0
43.8933,1783969895.6600,2,1,0.5000,0.2335,1.42233,-0.03160,-2.63742,1.09826,1.57085,0.11671,-0.12757,-0.48152,0.02656,,,,,,,,,,,,,,,,,,,,,,,,,,0,0,0,0,0
43.8997,1783969895.6665,2,1,0.5000,0.2626,1.42233,-0.03160,-2.63742,1.09826,1.57085,0.11671,-0.12757,-0.48152,0.02656,,,,,,,,,,,,,,,,,,,,,,,,,,0,0,0,0,0
43.9118,1783969895.6786,2,1,0.5000,0.2964,1.42233,-0.03160,-2.63742,1.09826,1.57085,0.11671,-0.12757,-0.48152,0.02656,,,,,,,,,,,,,,,,,,,,,,,,,,0,0,0,0,0
43.9197,1783969895.6865,2,1,0.5000,0.3013,1.42233,-0.03160,-2.63742,1.09826,1.57085,0.11671,-0.12757,-0.48152,0.02656,,,,,,,,,,,,,,,,,,,,,,,,,,0,0,0,0,0
44.0393,1783969895.8061,2,1,0.5000,0.3210,1.42233,-0.03160,-2.63742,1.09826,1.57085,0.11671,-0.12757,-0.48152,0.02656,,,,,,,,,,,,,,,,,,,,,,,,,,0,0,0,0,0
44.0479,1783969895.8146,2,1,0.5000,0.3405,1.42233,-0.03160,-2.63742,1.09826,1.57085,0.11671,-0.12757,-0.48152,0.02656,,,,,,,,,,,,,,,,,,,,,,,,,,0,0,0,0,0
44.0518,1783969895.8186,2,1,0.5000,0.3324,1.42233,-0.03160,-2.63742,1.09826,1.57085,0.11671,-0.12757,-0.48152,0.02656,,,,,,,,,,,,,,,,,,,,,,,,,,0,0,0,0,0
44.0586,1783969895.8253,2,1,0.5000,0.3169,1.42233,-0.03160,-2.63742,1.09826,1.57085,0.11671,-0.12757,-0.48152,0.02656,,,,,,,,,,,,,,,,,,,,,,,,,,0,0,0,0,0
44.0605,1783969895.8272,2,1,0.5000,0.3087,1.42233,-0.03160,-2.63742,1.09826,1.57085,0.11671,-0.12757,-0.48152,0.02656,,,,,,,,,,,,,,,,,,,,,,,,,,0,0,0,0,0
44.0607,1783969895.8275,2,1,0.5000,0.2883,1.42233,-0.03160,-2.63742,1.09826,1.57085,0.11671,-0.12757,-0.48152,0.02656,,,,,,,,,,,,,,,,,,,,,,,,,,0,0,0,0,0
44.0610,1783969895.8278,2,1,0.5000,0.2586,1.42233,-0.03160,-2.63742,1.09826,1.57085,0.11671,-0.12757,-0.48152,0.02656,,,,,,,,,,,,,,,,,,,,,,,,,,0,0,0,0,0
44.0613,1783969895.8280,2,1,0.5000,0.2525,1.42233,-0.03160,-2.63742,1.09826,1.57085,0.11671,-0.12757,-0.48152,0.02656,,,,,,,,,,,,,,,,,,,,,,,,,,0,0,0,0,0
44.0687,1783969895.8355,2,1,0.5000,0.2564,1.42233,-0.03160,-2.63742,1.09826,1.57085,0.11671,-0.12757,-0.48152,0.02656,,,,,,,,,,,,,,,,,,,,,,,,,,0,0,0,0,0
44.0698,1783969895.8366,2,1,0.5000,0.2751,1.42233,-0.03160,-2.63742,1.09826,1.57085,0.11671,-0.12757,-0.48152,0.02656,,,,,,,,,,,,,,,,,,,,,,,,,,0,0,0,0,0
44.0701,1783969895.8369,2,1,0.5000,0.2782,1.42233,-0.03160,-2.63742,1.09826,1.57085,0.11671,-0.12757,-0.48152,0.02656,,,,,,,,,,,,,,,,,,,,,,,,,,0,0,0,0,0
44.0704,1783969895.8372,2,1,0.5000,0.2808,1.42233,-0.03160,-2.63742,1.09826,1.57085,0.11671,-0.12757,-0.48152,0.02656,,,,,,,,,,,,,,,,,,,,,,,,,,0,0,0,0,0
44.0747,1783969895.8415,2,1,0.5000,0.4502,1.42233,-0.03160,-2.63742,1.09826,1.57085,0.11671,-0.12757,-0.48152,0.02656,,,,,,,,,,,,,,,,,,,,,,,,,,0,0,0,0,0
44.0752,1783969895.8419,2,1,0.5000,0.4189,1.42233,-0.03160,-2.63742,1.09826,1.57085,0.11671,-0.12757,-0.48152,0.02656,,,,,,,,,,,,,,,,,,,,,,,,,,0,0,0,0,0
44.0779,1783969895.8447,2,1,0.5000,0.4325,1.42233,-0.03160,-2.63742,1.09826,1.57085,0.11671,-0.12757,-0.48152,0.02656,,,,,,,,,,,,,,,,,,,,,,,,,,0,0,0,0,0
44.0783,1783969895.8450,2,1,0.5000,0.4440,1.42233,-0.03160,-2.63742,1.09826,1.57085,0.11671,-0.12757,-0.48152,0.02656,,,,,,,,,,,,,,,,,,,,,,,,,,0,0,0,0,0
44.0816,1783969895.8483,2,1,0.5000,0.4629,1.42233,-0.03160,-2.63742,1.09826,1.57085,0.11671,-0.12757,-0.48152,0.02656,,,,,,,,,,,,,,,,,,,,,,,,,,0,0,0,0,0
44.0819,1783969895.8487,2,1,0.5000,0.4538,1.42233,-0.03160,-2.63742,1.09826,1.57085,0.11671,-0.12757,-0.48152,0.02656,,,,,,,,,,,,,,,,,,,,,,,,,,0,0,0,0,0
44.0936,1783969895.8603,2,1,0.5000,0.4002,1.42233,-0.03160,-2.63742,1.09826,1.57085,0.11671,-0.12757,-0.48152,0.02656,,,,,,,,,,,,,,,,,,,,,,,,,,0,0,0,0,0
44.0985,1783969895.8653,2,1,0.5000,0.3487,1.42233,-0.03160,-2.63742,1.09826,1.57085,0.11671,-0.12757,-0.48152,0.02656,,,,,,,,,,,,,,,,,,,,,,,,,,0,0,0,0,0
44.1069,1783969895.8737,2,1,0.5000,0.3328,1.42233,-0.03160,-2.63742,1.09826,1.57085,0.11671,-0.12757,-0.48152,0.02656,,,,,,,,,,,,,,,,,,,,,,,,,,0,0,0,0,0
44.1183,1783969895.8851,2,1,0.5000,0.3220,1.42233,-0.03160,-2.63742,1.09826,1.57085,0.11671,-0.12757,-0.48152,0.02656,,,,,,,,,,,,,,,,,,,,,,,,,,0,0,0,0,0
44.1322,1783969895.8989,2,1,0.5000,0.3190,1.42233,-0.03160,-2.63742,1.09826,1.57085,0.11671,-0.12757,-0.48152,0.02656,,,,,,,,,,,,,,,,,,,,,,,,,,0,0,0,0,0
44.1327,1783969895.8994,2,1,0.5000,0.3227,1.42233,-0.03160,-2.63742,1.09826,1.57085,0.11671,-0.12757,-0.48152,0.02656,,,,,,,,,,,,,,,,,,,,,,,,,,0,0,0,0,0
44.1395,1783969895.9063,2,1,0.5000,0.3142,1.42233,-0.03160,-2.63742,1.09826,1.57085,0.11671,-0.12757,-0.48152,0.02656,,,,,,,,,,,,,,,,,,,,,,,,,,0,0,0,0,0
44.1401,1783969895.9068,2,1,0.5000,0.3131,1.42233,-0.03160,-2.63742,1.09826,1.57085,0.11671,-0.12757,-0.48152,0.02656,,,,,,,,,,,,,,,,,,,,,,,,,,0,0,0,0,0
44.1512,1783969895.9179,2,1,0.5000,0.3271,1.42233,-0.03160,-2.63742,1.09826,1.57085,0.11671,-0.12757,-0.48152,0.02656,,,,,,,,,,,,,,,,,,,,,,,,,,0,0,0,0,0
44.1564,1783969895.9232,2,1,0.5000,0.3327,1.42233,-0.03160,-2.63742,1.09826,1.57085,0.11671,-0.12757,-0.48152,0.02656,,,,,,,,,,,,,,,,,,,,,,,,,,0,0,0,0,0
44.1568,1783969895.9235,2,1,0.5000,0.3436,1.42233,-0.03160,-2.63742,1.09826,1.57085,0.11671,-0.12757,-0.48152,0.02656,,,,,,,,,,,,,,,,,,,,,,,,,,0,0,0,0,0
44.1670,1783969895.9337,2,1,0.5000,0.3828,1.42233,-0.03160,-2.63742,1.09826,1.57085,0.11671,-0.12757,-0.48152,0.02656,,,,,,,,,,,,,,,,,,,,,,,,,,0,0,0,0,0
44.1674,1783969895.9341,2,1,0.5000,0.4246,1.42233,-0.03160,-2.63742,1.09826,1.57085,0.11671,-0.12757,-0.48152,0.02656,,,,,,,,,,,,,,,,,,,,,,,,,,0,0,0,0,0
44.1789,1783969895.9457,2,1,0.5000,0.5810,1.42233,-0.03160,-2.63742,1.09826,1.57085,0.11671,-0.12757,-0.48152,0.02656,,,,,,,,,,,,,,,,,,,,,,,,,,0,0,0,0,0
44.1966,1783969895.9634,2,1,0.5000,0.5830,1.42233,-0.03160,-2.63742,1.09826,1.57085,0.11671,-0.12757,-0.48152,0.02656,,,,,,,,,,,,,,,,,,,,,,,,,,0,0,0,0,0
44.2017,1783969895.9685,2,1,0.5000,0.5721,1.42233,-0.03160,-2.63742,1.09827,1.57085,0.11671,-0.12757,-0.48152,0.02656,,,,,,,,,,,,,,,,,,,,,,,,,,0,0,0,0,0
44.2065,1783969895.9733,2,1,0.5000,0.5575,1.42233,-0.03160,-2.63742,1.09827,1.57085,0.11671,-0.12757,-0.48152,0.02656,,,,,,,,,,,,,,,,,,,,,,,,,,0,0,0,0,0
44.2197,1783969895.9865,2,1,0.5000,0.5538,1.42233,-0.03160,-2.63742,1.09827,1.57085,0.11671,-0.12757,-0.48152,0.02656,,,,,,,,,,,,,,,,,,,,,,,,,,0,0,0,0,0
44.2200,1783969895.9868,2,1,0.5000,0.4815,1.42233,-0.03160,-2.63742,1.09827,1.57085,0.11671,-0.12757,-0.48152,0.02656,,,,,,,,,,,,,,,,,,,,,,,,,,0,0,0,0,0
44.2288,1783969895.9956,2,1,0.5000,0.4171,1.42233,-0.03160,-2.63742,1.09827,1.57085,0.11671,-0.12757,-0.48152,0.02655,,,,,,,,,,,,,,,,,,,,,,,,,,0,0,0,0,0
44.2638,1783969896.0306,2,1,0.5000,0.3533,1.42233,-0.03160,-2.63742,1.09827,1.57085,0.11671,-0.12757,-0.48152,0.02655,,,,,,,,,,,,,,,,,,,,,,,,,,0,0,0,0,0
44.2703,1783969896.0371,2,1,0.5000,0.3440,1.42233,-0.03160,-2.63742,1.09827,1.57085,0.11671,-0.12757,-0.48152,0.02655,,,,,,,,,,,,,,,,,,,,,,,,,,0,0,0,0,0
44.2730,1783969896.0398,2,1,0.5000,0.3557,1.42233,-0.03160,-2.63742,1.09827,1.57085,0.11671,-0.12757,-0.48152,0.02655,,,,,,,,,,,,,,,,,,,,,,,,,,0,0,0,0,0
44.2798,1783969896.0466,2,1,0.5000,0.3385,1.42233,-0.03160,-2.63742,1.09827,1.57085,0.11671,-0.12757,-0.48152,0.02655,,,,,,,,,,,,,,,,,,,,,,,,,,0,0,0,0,0
44.2819,1783969896.0486,2,1,0.5000,0.3406,1.42233,-0.03160,-2.63742,1.09827,1.57085,0.11671,-0.12757,-0.48152,0.02655,,,,,,,,,,,,,,,,,,,,,,,,,,0,0,0,0,0
44.2821,1783969896.0489,2,1,0.5000,0.3584,1.42233,-0.03160,-2.63742,1.09827,1.57085,0.11671,-0.12757,-0.48152,0.02655,,,,,,,,,,,,,,,,,,,,,,,,,,0,0,0,0,0
44.2935,1783969896.0603,2,1,0.5000,0.3801,1.42233,-0.03160,-2.63742,1.09827,1.57085,0.11671,-0.12757,-0.48152,0.02655,,,,,,,,,,,,,,,,,,,,,,,,,,0,0,0,0,0
44.3109,1783969896.0776,2,1,0.5000,0.4269,1.42233,-0.03160,-2.63742,1.09827,1.57085,0.11671,-0.12757,-0.48152,0.02655,,,,,,,,,,,,,,,,,,,,,,,,,,0,0,0,0,0
44.3142,1783969896.0810,2,1,0.5000,0.5504,1.42233,-0.03160,-2.63742,1.09827,1.57085,0.11671,-0.12757,-0.48152,0.02655,,,,,,,,,,,,,,,,,,,,,,,,,,0,0,0,0,0
44.3216,1783969896.0884,2,1,0.5000,0.5952,1.42233,-0.03160,-2.63742,1.09827,1.57085,0.11671,-0.12757,-0.48152,0.02655,,,,,,,,,,,,,,,,,,,,,,,,,,0,0,0,0,0
44.3221,1783969896.0888,2,1,0.5000,0.5848,1.42233,-0.03160,-2.63742,1.09827,1.57085,0.11671,-0.12757,-0.48152,0.02655,,,,,,,,,,,,,,,,,,,,,,,,,,0,0,0,0,0
44.3280,1783969896.0948,2,1,0.5000,0.5848,1.42233,-0.03160,-2.63742,1.09827,1.57085,0.11671,-0.12757,-0.48152,0.02655,,,,,,,,,,,,,,,,,,,,,,,,,,0,0,0,0,0
44.3464,1783969896.1132,2,1,0.5000,0.5644,1.42233,-0.03160,-2.63742,1.09827,1.57085,0.11671,-0.12757,-0.48152,0.02655,,,,,,,,,,,,,,,,,,,,,,,,,,0,0,0,0,0
44.3610,1783969896.1277,2,1,0.5000,0.4861,1.42233,-0.03160,-2.63742,1.09827,1.57085,0.11671,-0.12757,-0.48152,0.02655,,,,,,,,,,,,,,,,,,,,,,,,,,0,0,0,0,0
44.3612,1783969896.1280,2,1,0.5000,0.4493,1.42233,-0.03160,-2.63742,1.09827,1.57085,0.11671,-0.12757,-0.48152,0.02655,,,,,,,,,,,,,,,,,,,,,,,,,,0,0,0,0,0
44.3689,1783969896.1357,2,1,0.5000,0.3622,1.42233,-0.03160,-2.63742,1.09827,1.57085,0.11671,-0.12757,-0.48152,0.02655,,,,,,,,,,,,,,,,,,,,,,,,,,0,0,0,0,0
44.3846,1783969896.1514,2,1,0.5000,0.3466,1.42233,-0.03160,-2.63742,1.09827,1.57085,0.11671,-0.12757,-0.48152,0.02655,,,,,,,,,,,,,,,,,,,,,,,,,,0,0,0,0,0
44.3919,1783969896.1586,2,1,0.5000,0.3448,1.42233,-0.03160,-2.63742,1.09827,1.57085,0.11671,-0.12757,-0.48152,0.02655,,,,,,,,,,,,,,,,,,,,,,,,,,0,0,0,0,0
44.4016,1783969896.1683,2,1,0.5000,0.3494,1.42233,-0.03160,-2.63742,1.09827,1.57085,0.11671,-0.12757,-0.48152,0.02655,,,,,,,,,,,,,,,,,,,,,,,,,,0,0,0,0,0
44.4153,1783969896.1821,2,1,0.5000,0.3691,1.42233,-0.03160,-2.63742,1.09827,1.57085,0.11671,-0.12757,-0.48152,0.02655,,,,,,,,,,,,,,,,,,,,,,,,,,0,0,0,0,0
44.4623,1783969896.2291,2,1,0.5000,0.3782,1.42233,-0.03160,-2.63742,1.09827,1.57085,0.11671,-0.12757,-0.48152,0.02655,,,,,,,,,,,,,,,,,,,,,,,,,,0,0,0,0,0
44.4645,1783969896.2312,2,1,0.5000,0.4789,1.42233,-0.03160,-2.63742,1.09827,1.57085,0.11671,-0.12757,-0.48152,0.02655,,,,,,,,,,,,,,,,,,,,,,,,,,0,0,0,0,0
44.4650,1783969896.2318,2,1,0.5000,0.5215,1.42233,-0.03160,-2.63742,1.09827,1.57085,0.11671,-0.12757,-0.48152,0.02655,,,,,,,,,,,,,,,,,,,,,,,,,,0,0,0,0,0
44.4671,1783969896.2339,2,1,0.5000,0.5370,1.42233,-0.03160,-2.63742,1.09827,1.57085,0.11671,-0.12757,-0.48152,0.02655,,,,,,,,,,,,,,,,,,,,,,,,,,0,0,0,0,0
44.4675,1783969896.2343,2,1,0.5000,0.5616,1.42233,-0.03160,-2.63742,1.09827,1.57085,0.11671,-0.12757,-0.48152,0.02655,,,,,,,,,,,,,,,,,,,,,,,,,,0,0,0,0,0
44.4703,1783969896.2371,2,1,0.5000,0.5966,1.42233,-0.03160,-2.63742,1.09827,1.57085,0.11671,-0.12757,-0.48152,0.02655,,,,,,,,,,,,,,,,,,,,,,,,,,0,0,0,0,0
44.4720,1783969896.2388,2,1,0.5000,0.5968,1.42233,-0.03160,-2.63742,1.09827,1.57085,0.11671,-0.12757,-0.48152,0.02655,,,,,,,,,,,,,,,,,,,,,,,,,,0,0,0,0,0
44.4740,1783969896.2408,2,1,0.5000,0.6021,1.42233,-0.03160,-2.63742,1.09827,1.57085,0.11671,-0.12757,-0.48152,0.02655,,,,,,,,,,,,,,,,,,,,,,,,,,0,0,0,0,0
44.4743,1783969896.2411,2,1,0.5000,0.5750,1.42233,-0.03160,-2.63742,1.09827,1.57085,0.11671,-0.12757,-0.48152,0.02655,,,,,,,,,,,,,,,,,,,,,,,,,,0,0,0,0,0
44.4882,1783969896.2550,2,1,0.5000,0.5726,1.42233,-0.03160,-2.63742,1.09827,1.57085,0.11671,-0.12757,-0.48152,0.02655,,,,,,,,,,,,,,,,,,,,,,,,,,0,0,0,0,0
44.4885,1783969896.2552,2,1,0.5000,0.5620,1.42233,-0.03160,-2.63742,1.09827,1.57085,0.11671,-0.12757,-0.48152,0.02655,,,,,,,,,,,,,,,,,,,,,,,,,,0,0,0,0,0
44.4889,1783969896.2557,2,1,0.5000,0.4936,1.42233,-0.03160,-2.63742,1.09827,1.57085,0.11671,-0.12757,-0.48152,0.02655,,,,,,,,,,,,,,,,,,,,,,,,,,0,0,0,0,0
44.5041,1783969896.2709,2,1,0.5000,0.4300,1.42233,-0.03160,-2.63742,1.09827,1.57085,0.11671,-0.12757,-0.48152,0.02655,,,,,,,,,,,,,,,,,,,,,,,,,,0,0,0,0,0
44.5082,1783969896.2750,2,1,0.5000,0.3843,1.42233,-0.03160,-2.63742,1.09827,1.57085,0.11671,-0.12757,-0.48152,0.02655,,,,,,,,,,,,,,,,,,,,,,,,,,0,0,0,0,0
44.5086,1783969896.2754,2,1,0.5000,0.4111,1.42233,-0.03160,-2.63742,1.09827,1.57085,0.11671,-0.12757,-0.48152,0.02655,,,,,,,,,,,,,,,,,,,,,,,,,,0,0,0,0,0
44.5187,1783969896.2854,2,1,0.5000,0.3771,1.42233,-0.03160,-2.63742,1.09827,1.57085,0.11671,-0.12757,-0.48152,0.02655,,,,,,,,,,,,,,,,,,,,,,,,,,0,0,0,0,0
44.5282,1783969896.2950,2,1,0.5000,0.3956,1.42233,-0.03160,-2.63742,1.09827,1.57085,0.11671,-0.12757,-0.48152,0.02655,,,,,,,,,,,,,,,,,,,,,,,,,,0,0,0,0,0
44.5286,1783969896.2954,2,1,0.5000,0.3894,1.42233,-0.03160,-2.63742,1.09827,1.57085,0.11671,-0.12757,-0.48152,0.02655,,,,,,,,,,,,,,,,,,,,,,,,,,0,0,0,0,0
44.5373,1783969896.3041,2,1,0.5000,0.3961,1.42233,-0.03160,-2.63742,1.09827,1.57085,0.11671,-0.12757,-0.48152,0.02655,,,,,,,,,,,,,,,,,,,,,,,,,,0,0,0,0,0
44.5480,1783969896.3148,2,1,0.5000,0.4354,1.42233,-0.03160,-2.63742,1.09827,1.57085,0.11671,-0.12757,-0.48152,0.02655,,,,,,,,,,,,,,,,,,,,,,,,,,0,0,0,0,0
44.5670,1783969896.3338,2,1,0.5000,0.4902,1.42233,-0.03160,-2.63742,1.09827,1.57085,0.11671,-0.12757,-0.48152,0.02655,,,,,,,,,,,,,,,,,,,,,,,,,,0,0,0,0,0
44.5724,1783969896.3391,2,1,0.5000,0.5358,1.42233,-0.03160,-2.63742,1.09827,1.57085,0.11671,-0.12757,-0.48152,0.02655,,,,,,,,,,,,,,,,,,,,,,,,,,0,0,0,0,0
44.5792,1783969896.3460,2,1,0.5000,0.5890,1.42233,-0.03160,-2.63742,1.09827,1.57085,0.11671,-0.12757,-0.48152,0.02655,,,,,,,,,,,,,,,,,,,,,,,,,,0,0,0,0,0
44.5795,1783969896.3463,2,1,0.5000,0.6141,1.42233,-0.03160,-2.63742,1.09827,1.57085,0.11671,-0.12757,-0.48152,0.02655,,,,,,,,,,,,,,,,,,,,,,,,,,0,0,0,0,0
44.5876,1783969896.3543,2,1,0.5000,0.5948,1.42233,-0.03160,-2.63742,1.09827,1.57085,0.11671,-0.12757,-0.48152,0.02655,,,,,,,,,,,,,,,,,,,,,,,,,,0,0,0,0,0
44.6072,1783969896.3740,2,1,0.5000,0.5783,1.42233,-0.03160,-2.63742,1.09827,1.57085,0.11671,-0.12757,-0.48152,0.02655,,,,,,,,,,,,,,,,,,,,,,,,,,0,0,0,0,0
44.6098,1783969896.3765,2,1,0.5000,0.5219,1.42233,-0.03160,-2.63742,1.09827,1.57085,0.11671,-0.12757,-0.48152,0.02655,,,,,,,,,,,,,,,,,,,,,,,,,,0,0,0,0,0
44.6183,1783969896.3851,2,1,0.5000,0.4854,1.42233,-0.03160,-2.63742,1.09827,1.57085,0.11671,-0.12757,-0.48152,0.02655,,,,,,,,,,,,,,,,,,,,,,,,,,0,0,0,0,0
44.6189,1783969896.3856,2,1,0.5000,0.4315,1.42233,-0.03160,-2.63742,1.09827,1.57085,0.11671,-0.12757,-0.48152,0.02655,,,,,,,,,,,,,,,,,,,,,,,,,,0,0,0,0,0
44.6296,1783969896.3963,2,1,0.5000,0.4223,1.42233,-0.03160,-2.63742,1.09827,1.57085,0.11671,-0.12757,-0.48152,0.02655,,,,,,,,,,,,,,,,,,,,,,,,,,0,0,0,0,0
44.6381,1783969896.4048,2,1,0.5000,0.3751,1.42233,-0.03160,-2.63742,1.09827,1.57085,0.11671,-0.12757,-0.48152,0.02655,,,,,,,,,,,,,,,,,,,,,,,,,,0,0,0,0,0
44.6499,1783969896.4167,2,1,0.5000,0.3241,1.42233,-0.03160,-2.63742,1.09827,1.57085,0.11671,-0.12757,-0.48152,0.02655,,,,,,,,,,,,,,,,,,,,,,,,,,0,0,0,0,0
44.6617,1783969896.4284,2,1,0.5000,0.3622,1.42233,-0.03160,-2.63742,1.09827,1.57085,0.11671,-0.12757,-0.48152,0.02655,,,,,,,,,,,,,,,,,,,,,,,,,,0,0,0,0,0
44.6737,1783969896.4405,2,1,0.5000,0.3688,1.42233,-0.03161,-2.63742,1.09827,1.57085,0.11671,-0.12757,-0.48152,0.02655,,,,,,,,,,,,,,,,,,,,,,,,,,0,0,0,0,0
44.6789,1783969896.4457,2,1,0.5000,0.4243,1.42233,-0.03161,-2.63742,1.09827,1.57085,0.11671,-0.12757,-0.48152,0.02655,,,,,,,,,,,,,,,,,,,,,,,,,,0,0,0,0,0
44.6896,1783969896.4564,2,1,0.5000,0.4420,1.42233,-0.03161,-2.63742,1.09827,1.57085,0.11671,-0.12757,-0.48152,0.02655,,,,,,,,,,,,,,,,,,,,,,,,,,0,0,0,0,0
44.6984,1783969896.4652,2,1,0.5000,0.5332,1.42233,-0.03161,-2.63742,1.09827,1.57085,0.11671,-0.12757,-0.48152,0.02655,,,,,,,,,,,,,,,,,,,,,,,,,,0,0,0,0,0
44.6988,1783969896.4656,2,1,0.5000,0.5664,1.42233,-0.03161,-2.63742,1.09827,1.57085,0.11671,-0.12757,-0.48152,0.02655,,,,,,,,,,,,,,,,,,,,,,,,,,0,0,0,0,0
44.7094,1783969896.4761,2,1,0.5000,0.6046,1.42233,-0.03161,-2.63742,1.09827,1.57085,0.11671,-0.12757,-0.48152,0.02655,,,,,,,,,,,,,,,,,,,,,,,,,,0,0,0,0,0
44.7179,1783969896.4847,2,1,0.5000,0.5851,1.42233,-0.03161,-2.63742,1.09828,1.57085,0.11671,-0.12757,-0.48152,0.02655,,,,,,,,,,,,,,,,,,,,,,,,,,0,0,0,0,0
44.7330,1783969896.4997,2,1,0.5000,0.5803,1.42233,-0.03161,-2.63742,1.09828,1.57085,0.11671,-0.12757,-0.48152,0.02655,,,,,,,,,,,,,,,,,,,,,,,,,,0,0,0,0,0
44.7386,1783969896.5054,2,1,0.5000,0.5590,1.42233,-0.03161,-2.63742,1.09828,1.57085,0.11671,-0.12757,-0.48152,0.02655,,,,,,,,,,,,,,,,,,,,,,,,,,0,0,0,0,0
44.7550,1783969896.5218,2,1,0.5000,0.4808,1.42233,-0.03161,-2.63742,1.09828,1.57085,0.11671,-0.12757,-0.48152,0.02655,,,,,,,,,,,,,,,,,,,,,,,,,,0,0,0,0,0
44.7777,1783969896.5445,2,1,0.5000,0.4363,1.42233,-0.03161,-2.63742,1.09828,1.57085,0.11671,-0.12757,-0.48152,0.02655,,,,,,,,,,,,,,,,,,,,,,,,,,0,0,0,0,0
44.7827,1783969896.5494,2,1,0.5000,0.4200,1.42233,-0.03161,-2.63742,1.09828,1.57085,0.11671,-0.12757,-0.48152,0.02655,,,,,,,,,,,,,,,,,,,,,,,,,,0,0,0,0,0
44.7832,1783969896.5500,2,1,0.5000,0.3980,1.42233,-0.03161,-2.63742,1.09828,1.57085,0.11671,-0.12757,-0.48152,0.02655,,,,,,,,,,,,,,,,,,,,,,,,,,0,0,0,0,0
44.7911,1783969896.5578,2,1,0.5000,0.4384,1.42233,-0.03161,-2.63742,1.09828,1.57085,0.11671,-0.12757,-0.48152,0.02655,,,,,,,,,,,,,,,,,,,,,,,,,,0,0,0,0,0
44.7941,1783969896.5609,2,1,0.5000,0.4303,1.42233,-0.03161,-2.63742,1.09828,1.57085,0.11671,-0.12757,-0.48152,0.02655,,,,,,,,,,,,,,,,,,,,,,,,,,0,0,0,0,0
44.8139,1783969896.5806,2,1,0.5000,0.4453,1.42233,-0.03161,-2.63742,1.09828,1.57085,0.11671,-0.12757,-0.48152,0.02655,,,,,,,,,,,,,,,,,,,,,,,,,,0,0,0,0,0
44.8178,1783969896.5846,2,1,0.5000,0.4856,1.42233,-0.03161,-2.63742,1.09828,1.57085,0.11671,-0.12757,-0.48152,0.02655,,,,,,,,,,,,,,,,,,,,,,,,,,0,0,0,0,0
44.8220,1783969896.5888,2,1,0.5000,0.5389,1.42233,-0.03161,-2.63742,1.09828,1.57085,0.11671,-0.12757,-0.48152,0.02655,,,,,,,,,,,,,,,,,,,,,,,,,,0,0,0,0,0
44.8331,1783969896.5999,2,1,0.5000,0.5615,1.42233,-0.03161,-2.63742,1.09828,1.57085,0.11671,-0.12757,-0.48152,0.02655,,,,,,,,,,,,,,,,,,,,,,,,,,0,0,0,0,0
44.8335,1783969896.6003,2,1,0.5000,0.5669,1.42233,-0.03161,-2.63742,1.09828,1.57085,0.11671,-0.12757,-0.48152,0.02655,,,,,,,,,,,,,,,,,,,,,,,,,,0,0,0,0,0
44.8405,1783969896.6072,2,1,0.5000,0.5620,1.42233,-0.03161,-2.63742,1.09828,1.57085,0.11671,-0.12757,-0.48152,0.02655,,,,,,,,,,,,,,,,,,,,,,,,,,0,0,0,0,0
44.8407,1783969896.6075,2,1,0.5000,0.5872,1.42233,-0.03161,-2.63742,1.09828,1.57085,0.11671,-0.12757,-0.48152,0.02655,,,,,,,,,,,,,,,,,,,,,,,,,,0,0,0,0,0
44.8851,1783969896.6518,2,1,0.5000,0.5886,1.42233,-0.03161,-2.63742,1.09828,1.57085,0.11671,-0.12757,-0.48152,0.02655,,,,,,,,,,,,,,,,,,,,,,,,,,0,0,0,0,0
44.8950,1783969896.6618,2,2,0.5000,0.6036,1.42233,-0.03161,-2.63742,1.09828,1.57085,0.11671,-0.12757,-0.48152,0.02655,,,,,,,,,,,,,,,,,,,,,,,,,,0,0,0,0,0
44.9181,1783969896.6849,2,2,0.5000,0.5491,1.42233,-0.03161,-2.63742,1.09828,1.57085,0.11671,-0.12757,-0.48152,0.02655,,,,,,,,,,,,,,,,,,,,,,,,,,0,0,0,0,0
44.9234,1783969896.6901,2,2,0.5000,0.5303,1.42233,-0.03161,-2.63742,1.09828,1.57085,0.11671,-0.12757,-0.48152,0.02655,,,,,,,,,,,,,,,,,,,,,,,,,,0,0,0,0,0
44.9239,1783969896.6906,2,2,0.5000,0.4737,1.42233,-0.03161,-2.63742,1.09828,1.57085,0.11671,-0.12757,-0.48152,0.02655,,,,,,,,,,,,,,,,,,,,,,,,,,0,0,0,0,0
44.9242,1783969896.6910,2,2,0.5000,0.4623,1.42233,-0.03161,-2.63742,1.09828,1.57085,0.11671,-0.12757,-0.48152,0.02655,,,,,,,,,,,,,,,,,,,,,,,,,,0,0,0,0,0
44.9319,1783969896.6986,2,2,0.5000,0.4142,1.42233,-0.03161,-2.63742,1.09828,1.57085,0.11671,-0.12757,-0.48152,0.02655,,,,,,,,,,,,,,,,,,,,,,,,,,0,0,0,0,0
44.9411,1783969896.7079,2,2,0.5000,0.4314,1.42233,-0.03161,-2.63742,1.09828,1.57085,0.11671,-0.12757,-0.48152,0.02655,,,,,,,,,,,,,,,,,,,,,,,,,,0,0,0,0,0
44.9418,1783969896.7086,2,2,0.5000,0.4205,1.42233,-0.03161,-2.63742,1.09828,1.57085,0.11671,-0.12757,-0.48152,0.02655,,,,,,,,,,,,,,,,,,,,,,,,,,0,0,0,0,0
44.9513,1783969896.7181,2,2,0.5000,0.4338,1.42233,-0.03161,-2.63742,1.09828,1.57085,0.11671,-0.12757,-0.48152,0.02655,,,,,,,,,,,,,,,,,,,,,,,,,,0,0,0,0,0
44.9697,1783969896.7365,2,2,0.5000,0.4553,1.42233,-0.03161,-2.63742,1.09828,1.57085,0.11671,-0.12757,-0.48152,0.02655,,,,,,,,,,,,,,,,,,,,,,,,,,0,0,0,0,0
44.9740,1783969896.7408,2,2,0.5000,0.4918,1.42233,-0.03161,-2.63742,1.09828,1.57085,0.11671,-0.12757,-0.48152,0.02655,,,,,,,,,,,,,,,,,,,,,,,,,,0,0,0,0,0
44.9814,1783969896.7482,2,2,0.5000,0.5501,1.42233,-0.03161,-2.63742,1.09828,1.57085,0.11671,-0.12757,-0.48152,0.02655,,,,,,,,,,,,,,,,,,,,,,,,,,0,0,0,0,0
44.9897,1783969896.7564,2,2,0.5000,0.5467,1.42233,-0.03161,-2.63742,1.09828,1.57085,0.11671,-0.12757,-0.48152,0.02655,,,,,,,,,,,,,,,,,,,,,,,,,,0,0,0,0,0
44.9918,1783969896.7586,2,2,0.5000,0.5682,1.42233,-0.03161,-2.63742,1.09828,1.57085,0.11671,-0.12757,-0.48152,0.02655,,,,,,,,,,,,,,,,,,,,,,,,,,0,0,0,0,0
44.9993,1783969896.7661,2,2,0.5000,0.5360,1.42233,-0.03161,-2.63742,1.09828,1.57085,0.11671,-0.12757,-0.48152,0.02655,,,,,,,,,,,,,,,,,,,,,,,,,,0,0,0,0,0
45.0018,1783969896.7686,2,2,0.5000,0.4986,1.42233,-0.03161,-2.63742,1.09828,1.57085,0.11671,-0.12757,-0.48152,0.02655,,,,,,,,,,,,,,,,,,,,,,,,,,0,0,0,0,0
45.0177,1783969896.7845,2,2,0.5000,0.4721,1.42233,-0.03161,-2.63742,1.09828,1.57085,0.11671,-0.12757,-0.48152,0.02655,,,,,,,,,,,,,,,,,,,,,,,,,,0,0,0,0,0
45.0210,1783969896.7878,2,2,0.5000,0.4403,1.42233,-0.03161,-2.63742,1.09828,1.57085,0.11671,-0.12757,-0.48152,0.02655,,,,,,,,,,,,,,,,,,,,,,,,,,0,0,0,0,0
45.0288,1783969896.7955,2,2,0.5000,0.4005,1.42233,-0.03161,-2.63742,1.09828,1.57085,0.11671,-0.12757,-0.48152,0.02655,,,,,,,,,,,,,,,,,,,,,,,,,,0,0,0,0,0
45.0408,1783969896.8076,2,2,0.5000,0.3932,1.42233,-0.03161,-2.63742,1.09828,1.57085,0.11671,-0.12757,-0.48152,0.02655,,,,,,,,,,,,,,,,,,,,,,,,,,0,0,0,0,0
45.0409,1783969896.8077,2,2,0.5000,0.4159,1.42233,-0.03161,-2.63742,1.09828,1.57085,0.11671,-0.12757,-0.48152,0.02655,,,,,,,,,,,,,,,,,,,,,,,,,,0,0,0,0,0
45.0476,1783969896.8144,2,2,0.5000,0.4312,1.42233,-0.03161,-2.63742,1.09828,1.57085,0.11671,-0.12757,-0.48152,0.02655,,,,,,,,,,,,,,,,,,,,,,,,,,0,0,0,0,0
45.0639,1783969896.8306,2,2,0.5000,0.4576,1.42233,-0.03161,-2.63742,1.09828,1.57085,0.11671,-0.12757,-0.48152,0.02655,,,,,,,,,,,,,,,,,,,,,,,,,,0,0,0,0,0
45.0775,1783969896.8443,2,2,0.5000,0.4489,1.42233,-0.03161,-2.63742,1.09828,1.57085,0.11671,-0.12757,-0.48152,0.02655,,,,,,,,,,,,,,,,,,,,,,,,,,0,0,0,0,0
45.0778,1783969896.8446,2,2,0.5000,0.4472,1.42233,-0.03161,-2.63742,1.09828,1.57085,0.11671,-0.12757,-0.48152,0.02655,,,,,,,,,,,,,,,,,,,,,,,,,,0,0,0,0,0
45.0821,1783969896.8489,2,2,0.5000,0.4920,1.42233,-0.03161,-2.63742,1.09828,1.57085,0.11671,-0.12757,-0.48152,0.02655,,,,,,,,,,,,,,,,,,,,,,,,,,0,0,0,0,0
45.1090,1783969896.8758,2,2,0.5000,0.5415,1.42233,-0.03161,-2.63742,1.09828,1.57085,0.11671,-0.12757,-0.48152,0.02655,,,,,,,,,,,,,,,,,,,,,,,,,,0,0,0,0,0
45.1094,1783969896.8762,2,2,0.5000,0.5774,1.42233,-0.03161,-2.63742,1.09828,1.57085,0.11671,-0.12757,-0.48152,0.02655,,,,,,,,,,,,,,,,,,,,,,,,,,0,0,0,0,0
45.1099,1783969896.8766,2,2,0.5000,0.5835,1.42233,-0.03161,-2.63742,1.09828,1.57085,0.11671,-0.12757,-0.48152,0.02655,,,,,,,,,,,,,,,,,,,,,,,,,,0,0,0,0,0
45.1175,1783969896.8843,2,2,0.5000,0.5794,1.42233,-0.03161,-2.63742,1.09828,1.57085,0.11671,-0.12757,-0.48152,0.02655,,,,,,,,,,,,,,,,,,,,,,,,,,0,0,0,0,0
45.1233,1783969896.8901,2,2,0.5000,0.5508,1.42233,-0.03161,-2.63742,1.09828,1.57085,0.11671,-0.12757,-0.48152,0.02655,,,,,,,,,,,,,,,,,,,,,,,,,,0,0,0,0,0
45.1239,1783969896.8907,2,2,0.5000,0.5364,1.42233,-0.03161,-2.63742,1.09828,1.57085,0.11671,-0.12757,-0.48152,0.02655,,,,,,,,,,,,,,,,,,,,,,,,,,0,0,0,0,0
45.1275,1783969896.8943,2,2,0.5000,0.5367,1.42233,-0.03161,-2.63742,1.09828,1.57085,0.11671,-0.12757,-0.48152,0.02655,,,,,,,,,,,,,,,,,,,,,,,,,,0,0,0,0,0
45.1286,1783969896.8954,2,2,0.5000,0.5139,1.42233,-0.03161,-2.63742,1.09828,1.57085,0.11671,-0.12757,-0.48152,0.02655,,,,,,,,,,,,,,,,,,,,,,,,,,0,0,0,0,0
45.1417,1783969896.9085,2,2,0.5000,0.4229,1.42233,-0.03161,-2.63742,1.09828,1.57085,0.11671,-0.12757,-0.48152,0.02655,,,,,,,,,,,,,,,,,,,,,,,,,,0,0,0,0,0
45.1616,1783969896.9284,2,2,0.5000,0.3638,1.42233,-0.03161,-2.63742,1.09828,1.57085,0.11671,-0.12757,-0.48152,0.02655,,,,,,,,,,,,,,,,,,,,,,,,,,0,0,0,0,0
45.1624,1783969896.9292,2,2,0.5000,0.3653,1.42233,-0.03161,-2.63742,1.09828,1.57085,0.11671,-0.12757,-0.48152,0.02655,,,,,,,,,,,,,,,,,,,,,,,,,,0,0,0,0,0
45.1627,1783969896.9295,2,2,0.5000,0.3844,1.42233,-0.03161,-2.63742,1.09828,1.57085,0.11671,-0.12757,-0.48152,0.02655,,,,,,,,,,,,,,,,,,,,,,,,,,0,0,0,0,0
45.1722,1783969896.9389,2,2,0.5000,0.3851,1.42233,-0.03161,-2.63742,1.09828,1.57085,0.11671,-0.12757,-0.48152,0.02655,,,,,,,,,,,,,,,,,,,,,,,,,,0,0,0,0,0
45.1786,1783969896.9453,2,2,0.5000,0.4086,1.42233,-0.03161,-2.63742,1.09828,1.57085,0.11671,-0.12757,-0.48152,0.02655,,,,,,,,,,,,,,,,,,,,,,,,,,0,0,0,0,0
45.1891,1783969896.9559,2,2,0.5000,0.4155,1.42233,-0.03161,-2.63742,1.09828,1.57085,0.11671,-0.12757,-0.48152,0.02655,,,,,,,,,,,,,,,,,,,,,,,,,,0,0,0,0,0
45.1967,1783969896.9635,2,2,0.5000,0.4865,1.42233,-0.03161,-2.63742,1.09828,1.57085,0.11671,-0.12757,-0.48152,0.02655,,,,,,,,,,,,,,,,,,,,,,,,,,0,0,0,0,0
45.2091,1783969896.9759,2,2,0.5000,0.5457,1.42233,-0.03161,-2.63742,1.09828,1.57085,0.11671,-0.12757,-0.48152,0.02655,,,,,,,,,,,,,,,,,,,,,,,,,,0,0,0,0,0
45.2097,1783969896.9764,2,2,0.5000,0.5567,1.42233,-0.03161,-2.63742,1.09828,1.57085,0.11671,-0.12757,-0.48152,0.02655,,,,,,,,,,,,,,,,,,,,,,,,,,0,0,0,0,0
45.2297,1783969896.9965,2,2,0.5000,0.5487,1.42233,-0.03161,-2.63742,1.09828,1.57085,0.11671,-0.12757,-0.48152,0.02655,,,,,,,,,,,,,,,,,,,,,,,,,,0,0,0,0,0
45.2398,1783969897.0066,2,2,0.5000,0.5782,1.42233,-0.03161,-2.63742,1.09828,1.57085,0.11671,-0.12757,-0.48152,0.02655,,,,,,,,,,,,,,,,,,,,,,,,,,0,0,0,0,0
45.2421,1783969897.0089,2,2,0.5000,0.5520,1.42233,-0.03161,-2.63742,1.09828,1.57085,0.11671,-0.12757,-0.48152,0.02655,,,,,,,,,,,,,,,,,,,,,,,,,,0,0,0,0,0
45.2425,1783969897.0093,2,2,0.5000,0.5496,1.42233,-0.03161,-2.63742,1.09828,1.57085,0.11671,-0.12757,-0.48152,0.02655,,,,,,,,,,,,,,,,,,,,,,,,,,0,0,0,0,0
45.2474,1783969897.0142,2,2,0.5000,0.5522,1.42233,-0.03161,-2.63742,1.09828,1.57085,0.11671,-0.12757,-0.48152,0.02655,,,,,,,,,,,,,,,,,,,,,,,,,,0,0,0,0,0
45.2478,1783969897.0146,2,2,0.5000,0.5258,1.42233,-0.03161,-2.63742,1.09828,1.57085,0.11671,-0.12757,-0.48152,0.02655,,,,,,,,,,,,,,,,,,,,,,,,,,0,0,0,0,0
45.3712,1783969897.1380,2,2,0.5000,0.5130,1.42233,-0.03161,-2.63742,1.09828,1.57085,0.11671,-0.12757,-0.48152,0.02655,,,,,,,,,,,,,,,,,,,,,,,,,,0,0,0,0,0
45.3897,1783969897.1565,2,2,0.5000,0.4684,1.42233,-0.03161,-2.63742,1.09828,1.57085,0.11671,-0.12757,-0.48152,0.02655,,,,,,,,,,,,,,,,,,,,,,,,,,0,0,0,0,0
45.4132,1783969897.1800,2,2,0.5000,0.4470,1.42233,-0.03161,-2.63742,1.09828,1.57085,0.11671,-0.12757,-0.48152,0.02655,,,,,,,,,,,,,,,,,,,,,,,,,,0,0,0,0,0
45.4135,1783969897.1803,2,2,0.5000,0.4274,1.42233,-0.03161,-2.63742,1.09828,1.57085,0.11671,-0.12757,-0.48152,0.02655,,,,,,,,,,,,,,,,,,,,,,,,,,0,0,0,0,0
45.4196,1783969897.1863,2,2,0.5000,0.3870,1.42233,-0.03161,-2.63742,1.09828,1.57085,0.11671,-0.12757,-0.48152,0.02655,,,,,,,,,,,,,,,,,,,,,,,,,,0,0,0,0,0
45.4291,1783969897.1959,2,2,0.5000,0.3629,1.42233,-0.03161,-2.63742,1.09828,1.57085,0.11671,-0.12757,-0.48152,0.02655,,,,,,,,,,,,,,,,,,,,,,,,,,0,0,0,0,0
45.4332,1783969897.1999,2,2,0.5000,0.3824,1.42233,-0.03161,-2.63742,1.09828,1.57085,0.11671,-0.12757,-0.48152,0.02655,,,,,,,,,,,,,,,,,,,,,,,,,,0,0,0,0,0
45.4363,1783969897.2030,2,2,0.5000,0.3929,1.42233,-0.03161,-2.63742,1.09828,1.57085,0.11671,-0.12757,-0.48152,0.02655,,,,,,,,,,,,,,,,,,,,,,,,,,0,0,0,0,0
45.4368,1783969897.2036,2,2,0.5000,0.3951,1.42233,-0.03161,-2.63742,1.09828,1.57085,0.11671,-0.12757,-0.48152,0.02655,,,,,,,,,,,,,,,,,,,,,,,,,,0,0,0,0,0
45.4380,1783969897.2048,2,2,0.5000,0.4106,1.42233,-0.03161,-2.63742,1.09828,1.57085,0.11671,-0.12757,-0.48152,0.02655,,,,,,,,,,,,,,,,,,,,,,,,,,0,0,0,0,0
45.4382,1783969897.2050,2,2,0.5000,0.4764,1.42233,-0.03161,-2.63742,1.09828,1.57085,0.11671,-0.12757,-0.48152,0.02655,,,,,,,,,,,,,,,,,,,,,,,,,,0,0,0,0,0
45.4402,1783969897.2070,2,2,0.5000,0.5551,1.42233,-0.03161,-2.63742,1.09828,1.57085,0.11671,-0.12757,-0.48152,0.02655,,,,,,,,,,,,,,,,,,,,,,,,,,0,0,0,0,0
45.4433,1783969897.2101,2,2,0.5000,0.5465,1.42233,-0.03161,-2.63742,1.09828,1.57085,0.11671,-0.12757,-0.48152,0.02655,,,,,,,,,,,,,,,,,,,,,,,,,,0,0,0,0,0
45.4527,1783969897.2195,2,2,0.5000,0.5166,1.42233,-0.03161,-2.63742,1.09828,1.57085,0.11671,-0.12757,-0.48152,0.02655,,,,,,,,,,,,,,,,,,,,,,,,,,0,0,0,0,0
45.4576,1783969897.2244,2,2,0.5000,0.5204,1.42233,-0.03161,-2.63742,1.09828,1.57085,0.11671,-0.12757,-0.48152,0.02655,,,,,,,,,,,,,,,,,,,,,,,,,,0,0,0,0,0
45.4580,1783969897.2247,2,2,0.5000,0.5145,1.42233,-0.03161,-2.63742,1.09828,1.57085,0.11671,-0.12757,-0.48152,0.02655,,,,,,,,,,,,,,,,,,,,,,,,,,0,0,0,0,0
45.4847,1783969897.2515,2,2,0.5000,0.5172,1.42233,-0.03161,-2.63742,1.09828,1.57085,0.11671,-0.12757,-0.48152,0.02655,,,,,,,,,,,,,,,,,,,,,,,,,,0,0,0,0,0
45.5027,1783969897.2695,2,2,0.5000,0.4843,1.42233,-0.03161,-2.63742,1.09828,1.57085,0.11671,-0.12757,-0.48152,0.02655,,,,,,,,,,,,,,,,,,,,,,,,,,0,0,0,0,0
45.5350,1783969897.3018,2,2,0.5000,0.4253,1.42233,-0.03161,-2.63742,1.09828,1.57085,0.11671,-0.12757,-0.48152,0.02655,,,,,,,,,,,,,,,,,,,,,,,,,,0,0,0,0,0
45.5353,1783969897.3021,2,2,0.5000,0.4144,1.42233,-0.03161,-2.63742,1.09828,1.57085,0.11671,-0.12757,-0.48152,0.02655,,,,,,,,,,,,,,,,,,,,,,,,,,0,0,0,0,0
45.5617,1783969897.3285,2,2,0.5000,0.3644,1.42233,-0.03161,-2.63742,1.09828,1.57085,0.11671,-0.12757,-0.48152,0.02655,,,,,,,,,,,,,,,,,,,,,,,,,,0,0,0,0,0
45.5804,1783969897.3471,2,2,0.5000,0.3595,1.42233,-0.03161,-2.63742,1.09828,1.57085,0.11671,-0.12757,-0.48152,0.02655,,,,,,,,,,,,,,,,,,,,,,,,,,0,0,0,0,0
45.5812,1783969897.3480,2,2,0.5000,0.3539,1.42233,-0.03161,-2.63742,1.09828,1.57085,0.11671,-0.12757,-0.48152,0.02655,,,,,,,,,,,,,,,,,,,,,,,,,,0,0,0,0,0
45.5895,1783969897.3562,2,2,0.5000,0.3610,1.42233,-0.03161,-2.63742,1.09828,1.57085,0.11671,-0.12757,-0.48152,0.02655,,,,,,,,,,,,,,,,,,,,,,,,,,0,0,0,0,0
45.5900,1783969897.3568,2,2,0.5000,0.3548,1.42233,-0.03161,-2.63742,1.09828,1.57085,0.11671,-0.12757,-0.48152,0.02655,,,,,,,,,,,,,,,,,,,,,,,,,,0,0,0,0,0
45.5903,1783969897.3571,2,2,0.5000,0.4109,1.42233,-0.03161,-2.63742,1.09828,1.57085,0.11671,-0.12757,-0.48152,0.02655,,,,,,,,,,,,,,,,,,,,,,,,,,0,0,0,0,0
45.5920,1783969897.3588,2,2,0.5000,0.4068,1.42233,-0.03161,-2.63742,1.09828,1.57085,0.11671,-0.12757,-0.48152,0.02655,,,,,,,,,,,,,,,,,,,,,,,,,,0,0,0,0,0
45.5922,1783969897.3590,2,2,0.5000,0.5090,1.42233,-0.03161,-2.63742,1.09828,1.57085,0.11671,-0.12757,-0.48152,0.02655,,,,,,,,,,,,,,,,,,,,,,,,,,0,0,0,0,0
45.5939,1783969897.3607,2,2,0.5000,0.4823,1.42233,-0.03161,-2.63742,1.09828,1.57085,0.11671,-0.12757,-0.48152,0.02655,,,,,,,,,,,,,,,,,,,,,,,,,,0,0,0,0,0
45.5946,1783969897.3614,2,2,0.5000,0.4933,1.42233,-0.03161,-2.63742,1.09828,1.57085,0.11671,-0.12757,-0.48152,0.02655,,,,,,,,,,,,,,,,,,,,,,,,,,0,0,0,0,0
45.6821,1783969897.4489,2,2,0.5000,0.4738,1.42233,-0.03161,-2.63742,1.09828,1.57085,0.11671,-0.12757,-0.48152,0.02655,,,,,,,,,,,,,,,,,,,,,,,,,,0,0,0,0,0
45.6878,1783969897.4546,2,2,0.5000,0.4800,1.42233,-0.03161,-2.63742,1.09828,1.57085,0.11671,-0.12757,-0.48152,0.02655,,,,,,,,,,,,,,,,,,,,,,,,,,0,0,0,0,0
45.6934,1783969897.4602,2,2,0.5000,0.4911,1.42233,-0.03161,-2.63742,1.09828,1.57085,0.11671,-0.12757,-0.48152,0.02655,,,,,,,,,,,,,,,,,,,,,,,,,,0,0,0,0,0
45.6938,1783969897.4606,2,2,0.5000,0.4584,1.42233,-0.03161,-2.63742,1.09828,1.57085,0.11671,-0.12757,-0.48152,0.02655,,,,,,,,,,,,,,,,,,,,,,,,,,0,0,0,0,0
45.6943,1783969897.4611,2,2,0.5000,0.3516,1.42233,-0.03161,-2.63742,1.09828,1.57085,0.11671,-0.12757,-0.48152,0.02655,,,,,,,,,,,,,,,,,,,,,,,,,,0,0,0,0,0
45.6948,1783969897.4615,2,2,0.5000,0.3379,1.42233,-0.03161,-2.63742,1.09828,1.57085,0.11671,-0.12757,-0.48152,0.02655,,,,,,,,,,,,,,,,,,,,,,,,,,0,0,0,0,0
45.6971,1783969897.4639,2,2,0.5000,0.3231,1.42233,-0.03161,-2.63742,1.09828,1.57085,0.11671,-0.12757,-0.48152,0.02655,,,,,,,,,,,,,,,,,,,,,,,,,,0,0,0,0,0
45.6975,1783969897.4643,2,2,0.5000,0.3423,1.42233,-0.03161,-2.63742,1.09828,1.57085,0.11671,-0.12757,-0.48152,0.02655,,,,,,,,,,,,,,,,,,,,,,,,,,0,0,0,0,0
45.6986,1783969897.4653,2,2,0.5000,0.3578,1.42233,-0.03161,-2.63742,1.09828,1.57085,0.11671,-0.12757,-0.48152,0.02655,,,,,,,,,,,,,,,,,,,,,,,,,,0,0,0,0,0
45.7051,1783969897.4719,2,2,0.5000,0.4176,1.42233,-0.03161,-2.63742,1.09828,1.57085,0.11671,-0.12757,-0.48152,0.02655,,,,,,,,,,,,,,,,,,,,,,,,,,0,0,0,0,0
45.7054,1783969897.4722,2,2,0.5000,0.4731,1.42233,-0.03161,-2.63742,1.09828,1.57085,0.11671,-0.12757,-0.48152,0.02655,,,,,,,,,,,,,,,,,,,,,,,,,,0,0,0,0,0
45.7057,1783969897.4725,2,2,0.5000,0.4979,1.42233,-0.03161,-2.63742,1.09828,1.57085,0.11671,-0.12757,-0.48152,0.02655,,,,,,,,,,,,,,,,,,,,,,,,,,0,0,0,0,0
45.7134,1783969897.4802,2,2,0.5000,0.4630,1.42233,-0.03161,-2.63742,1.09828,1.57085,0.11671,-0.12757,-0.48152,0.02655,,,,,,,,,,,,,,,,,,,,,,,,,,0,0,0,0,0
45.7196,1783969897.4864,2,2,0.5000,0.4473,1.42233,-0.03161,-2.63742,1.09828,1.57085,0.11671,-0.12757,-0.48152,0.02655,,,,,,,,,,,,,,,,,,,,,,,,,,0,0,0,0,0
45.7200,1783969897.4868,2,2,0.5000,0.4468,1.42233,-0.03161,-2.63742,1.09828,1.57085,0.11671,-0.12757,-0.48152,0.02655,,,,,,,,,,,,,,,,,,,,,,,,,,0,0,0,0,0
45.7208,1783969897.4876,2,2,0.5000,0.4385,1.42233,-0.03161,-2.63742,1.09828,1.57085,0.11671,-0.12757,-0.48152,0.02655,,,,,,,,,,,,,,,,,,,,,,,,,,0,0,0,0,0
45.7210,1783969897.4878,2,2,0.5000,0.4429,1.42233,-0.03161,-2.63742,1.09828,1.57085,0.11671,-0.12757,-0.48152,0.02655,,,,,,,,,,,,,,,,,,,,,,,,,,0,0,0,0,0
45.7225,1783969897.4892,2,2,0.5000,0.3884,1.42233,-0.03161,-2.63742,1.09828,1.57085,0.11671,-0.12757,-0.48152,0.02655,,,,,,,,,,,,,,,,,,,,,,,,,,0,0,0,0,0
45.7330,1783969897.4998,2,2,0.5000,0.3750,1.42233,-0.03161,-2.63742,1.09828,1.57085,0.11671,-0.12757,-0.48152,0.02655,,,,,,,,,,,,,,,,,,,,,,,,,,0,0,0,0,0
45.7396,1783969897.5064,2,2,0.5000,0.3650,1.42233,-0.03161,-2.63742,1.09828,1.57085,0.11671,-0.12757,-0.48152,0.02655,,,,,,,,,,,,,,,,,,,,,,,,,,0,0,0,0,0
45.7408,1783969897.5076,2,2,0.5000,0.3809,1.42233,-0.03161,-2.63742,1.09828,1.57085,0.11671,-0.12757,-0.48152,0.02655,,,,,,,,,,,,,,,,,,,,,,,,,,0,0,0,0,0
45.7410,1783969897.5078,2,2,0.5000,0.3780,1.42233,-0.03161,-2.63742,1.09828,1.57085,0.11671,-0.12757,-0.48152,0.02655,,,,,,,,,,,,,,,,,,,,,,,,,,0,0,0,0,0
45.7420,1783969897.5088,2,2,0.5000,0.3883,1.42233,-0.03161,-2.63742,1.09828,1.57085,0.11671,-0.12757,-0.48152,0.02655,,,,,,,,,,,,,,,,,,,,,,,,,,0,0,0,0,0
45.7423,1783969897.5091,2,2,0.5000,0.3987,1.42233,-0.03161,-2.63742,1.09828,1.57085,0.11671,-0.12757,-0.48152,0.02655,,,,,,,,,,,,,,,,,,,,,,,,,,0,0,0,0,0
45.7437,1783969897.5105,2,2,0.5000,0.4345,1.42233,-0.03161,-2.63742,1.09828,1.57085,0.11671,-0.12757,-0.48152,0.02655,,,,,,,,,,,,,,,,,,,,,,,,,,0,0,0,0,0
45.7440,1783969897.5108,2,2,0.5000,0.4693,1.42233,-0.03161,-2.63742,1.09828,1.57085,0.11671,-0.12757,-0.48152,0.02655,,,,,,,,,,,,,,,,,,,,,,,,,,0,0,0,0,0
45.7482,1783969897.5150,2,2,0.5000,0.4711,1.42233,-0.03161,-2.63742,1.09828,1.57085,0.11671,-0.12757,-0.48152,0.02655,,,,,,,,,,,,,,,,,,,,,,,,,,0,0,0,0,0
45.7489,1783969897.5157,2,2,0.5000,0.4646,1.42233,-0.03161,-2.63742,1.09828,1.57085,0.11671,-0.12757,-0.48152,0.02655,,,,,,,,,,,,,,,,,,,,,,,,,,0,0,0,0,0
45.7548,1783969897.5216,2,2,0.5000,0.4608,1.42233,-0.03161,-2.63742,1.09828,1.57085,0.11671,-0.12757,-0.48152,0.02655,,,,,,,,,,,,,,,,,,,,,,,,,,0,0,0,0,0
45.7594,1783969897.5262,2,2,0.5000,0.4520,1.42233,-0.03161,-2.63742,1.09828,1.57085,0.11671,-0.12757,-0.48152,0.02655,,,,,,,,,,,,,,,,,,,,,,,,,,0,0,0,0,0
45.7597,1783969897.5265,2,2,0.5000,0.4483,1.42233,-0.03161,-2.63742,1.09828,1.57085,0.11671,-0.12757,-0.48152,0.02655,,,,,,,,,,,,,,,,,,,,,,,,,,0,0,0,0,0
45.7695,1783969897.5362,2,2,0.5000,0.4210,1.42233,-0.03161,-2.63742,1.09828,1.57085,0.11671,-0.12757,-0.48152,0.02655,,,,,,,,,,,,,,,,,,,,,,,,,,0,0,0,0,0
45.7794,1783969897.5462,2,2,0.5000,0.4421,1.42233,-0.03161,-2.63742,1.09828,1.57085,0.11671,-0.12757,-0.48152,0.02655,,,,,,,,,,,,,,,,,,,,,,,,,,0,0,0,0,0
45.8353,1783969897.6021,2,2,0.5000,0.4422,1.42233,-0.03161,-2.63742,1.09828,1.57085,0.11671,-0.12757,-0.48152,0.02655,,,,,,,,,,,,,,,,,,,,,,,,,,0,0,0,0,0
45.8402,1783969897.6070,2,2,0.5000,0.4112,1.42233,-0.03161,-2.63742,1.09828,1.57085,0.11671,-0.12757,-0.48152,0.02655,,,,,,,,,,,,,,,,,,,,,,,,,,0,0,0,0,0
45.8411,1783969897.6079,2,2,0.5000,0.3655,1.42233,-0.03161,-2.63742,1.09828,1.57085,0.11671,-0.12757,-0.48152,0.02655,,,,,,,,,,,,,,,,,,,,,,,,,,0,0,0,0,0
45.8415,1783969897.6083,2,2,0.5000,0.3339,1.42233,-0.03161,-2.63742,1.09828,1.57085,0.11671,-0.12757,-0.48152,0.02655,,,,,,,,,,,,,,,,,,,,,,,,,,0,0,0,0,0
45.8419,1783969897.6087,2,2,0.5000,0.3618,1.42233,-0.03161,-2.63742,1.09828,1.57085,0.11671,-0.12757,-0.48152,0.02655,,,,,,,,,,,,,,,,,,,,,,,,,,0,0,0,0,0
45.8423,1783969897.6090,2,2,0.5000,0.3768,1.42233,-0.03161,-2.63742,1.09828,1.57085,0.11671,-0.12757,-0.48152,0.02655,,,,,,,,,,,,,,,,,,,,,,,,,,0,0,0,0,0
45.8490,1783969897.6158,2,2,0.5000,0.4169,1.42233,-0.03161,-2.63742,1.09828,1.57085,0.11671,-0.12757,-0.48152,0.02655,,,,,,,,,,,,,,,,,,,,,,,,,,0,0,0,0,0
45.8493,1783969897.6161,2,2,0.5000,0.4233,1.42233,-0.03161,-2.63742,1.09828,1.57085,0.11671,-0.12757,-0.48152,0.02655,,,,,,,,,,,,,,,,,,,,,,,,,,0,0,0,0,0
45.8602,1783969897.6270,2,2,0.5000,0.4869,1.42233,-0.03161,-2.63742,1.09828,1.57085,0.11671,-0.12757,-0.48152,0.02655,,,,,,,,,,,,,,,,,,,,,,,,,,0,0,0,0,0
45.8795,1783969897.6463,2,2,0.5000,0.4615,1.42233,-0.03161,-2.63742,1.09828,1.57085,0.11671,-0.12757,-0.48152,0.02655,,,,,,,,,,,,,,,,,,,,,,,,,,0,0,0,0,0
45.8801,1783969897.6469,2,2,0.5000,0.4516,1.42233,-0.03161,-2.63742,1.09828,1.57085,0.11671,-0.12757,-0.48152,0.02655,,,,,,,,,,,,,,,,,,,,,,,,,,0,0,0,0,0
45.8809,1783969897.6476,2,2,0.5000,0.4648,1.42233,-0.03161,-2.63742,1.09828,1.57085,0.11671,-0.12757,-0.48152,0.02655,,,,,,,,,,,,,,,,,,,,,,,,,,0,0,0,0,0
45.8936,1783969897.6604,2,2,0.5000,0.4553,1.42233,-0.03161,-2.63742,1.09828,1.57085,0.11671,-0.12757,-0.48152,0.02655,,,,,,,,,,,,,,,,,,,,,,,,,,0,0,0,0,0
45.9012,1783969897.6680,2,2,0.5000,0.4430,1.42233,-0.03161,-2.63742,1.09828,1.57085,0.11671,-0.12757,-0.48152,0.02655,,,,,,,,,,,,,,,,,,,,,,,,,,0,0,0,0,0
45.9138,1783969897.6805,2,2,0.5000,0.4455,1.42233,-0.03161,-2.63742,1.09828,1.57085,0.11671,-0.12757,-0.48152,0.02655,,,,,,,,,,,,,,,,,,,,,,,,,,0,0,0,0,0
45.9260,1783969897.6928,2,2,0.5000,0.4146,1.42233,-0.03161,-2.63742,1.09828,1.57085,0.11671,-0.12757,-0.48152,0.02655,,,,,,,,,,,,,,,,,,,,,,,,,,0,0,0,0,0
45.9263,1783969897.6931,2,2,0.5000,0.4030,1.42233,-0.03161,-2.63742,1.09828,1.57085,0.11671,-0.12757,-0.48152,0.02655,,,,,,,,,,,,,,,,,,,,,,,,,,0,0,0,0,0
45.9432,1783969897.7100,2,2,0.5000,0.3723,1.42233,-0.03161,-2.63742,1.09828,1.57085,0.11671,-0.12757,-0.48152,0.02655,,,,,,,,,,,,,,,,,,,,,,,,,,0,0,0,0,0
45.9461,1783969897.7128,2,2,0.5000,0.3448,1.42233,-0.03161,-2.63742,1.09828,1.57085,0.11671,-0.12757,-0.48152,0.02655,,,,,,,,,,,,,,,,,,,,,,,,,,0,0,0,0,0
45.9608,1783969897.7275,2,2,0.5000,0.3308,1.42233,-0.03161,-2.63742,1.09828,1.57085,0.11671,-0.12757,-0.48152,0.02655,,,,,,,,,,,,,,,,,,,,,,,,,,0,0,0,0,0
45.9717,1783969897.7385,2,2,0.5000,0.3621,1.42233,-0.03161,-2.63742,1.09828,1.57085,0.11671,-0.12757,-0.48152,0.02655,,,,,,,,,,,,,,,,,,,,,,,,,,0,0,0,0,0
45.9747,1783969897.7415,2,2,0.5000,0.3683,1.42233,-0.03161,-2.63742,1.09828,1.57085,0.11671,-0.12757,-0.48152,0.02655,,,,,,,,,,,,,,,,,,,,,,,,,,0,0,0,0,0
45.9751,1783969897.7418,2,2,0.5000,0.3824,1.42233,-0.03161,-2.63742,1.09828,1.57085,0.11671,-0.12757,-0.48152,0.02655,,,,,,,,,,,,,,,,,,,,,,,,,,0,0,0,0,0
45.9820,1783969897.7488,2,2,0.5000,0.4058,1.42233,-0.03161,-2.63742,1.09828,1.57085,0.11671,-0.12757,-0.48152,0.02655,,,,,,,,,,,,,,,,,,,,,,,,,,0,0,0,0,0
45.9825,1783969897.7492,2,2,0.5000,0.4422,1.42233,-0.03161,-2.63742,1.09828,1.57085,0.11671,-0.12757,-0.48152,0.02655,,,,,,,,,,,,,,,,,,,,,,,,,,0,0,0,0,0
45.9955,1783969897.7623,2,2,0.5000,0.4888,1.42233,-0.03161,-2.63742,1.09828,1.57085,0.11671,-0.12757,-0.48152,0.02655,,,,,,,,,,,,,,,,,,,,,,,,,,0,0,0,0,0
46.0042,1783969897.7710,2,2,0.5000,0.4562,1.42233,-0.03161,-2.63742,1.09828,1.57085,0.11671,-0.12757,-0.48152,0.02655,,,,,,,,,,,,,,,,,,,,,,,,,,0,0,0,0,0
46.0145,1783969897.7812,2,2,0.5000,0.4451,1.42233,-0.03161,-2.63742,1.09828,1.57085,0.11671,-0.12757,-0.48152,0.02655,,,,,,,,,,,,,,,,,,,,,,,,,,0,0,0,0,0
46.0149,1783969897.7817,2,2,0.5000,0.4376,1.42233,-0.03161,-2.63742,1.09828,1.57085,0.11671,-0.12757,-0.48152,0.02655,,,,,,,,,,,,,,,,,,,,,,,,,,0,0,0,0,0
46.0265,1783969897.7933,2,2,0.5000,0.3998,1.42233,-0.03161,-2.63742,1.09828,1.57085,0.11671,-0.12757,-0.48152,0.02655,,,,,,,,,,,,,,,,,,,,,,,,,,0,0,0,0,0
46.0321,1783969897.7989,2,2,0.5000,0.3810,1.42233,-0.03161,-2.63742,1.09828,1.57085,0.11671,-0.12757,-0.48152,0.02655,,,,,,,,,,,,,,,,,,,,,,,,,,0,0,0,0,0
46.0469,1783969897.8137,2,2,0.5000,0.4078,1.42233,-0.03161,-2.63742,1.09828,1.57085,0.11671,-0.12757,-0.48152,0.02655,,,,,,,,,,,,,,,,,,,,,,,,,,0,0,0,0,0
46.0660,1783969897.8328,2,2,0.5000,0.4043,1.42233,-0.03161,-2.63742,1.09828,1.57085,0.11671,-0.12757,-0.48152,0.02655,,,,,,,,,,,,,,,,,,,,,,,,,,0,0,0,0,0
46.0668,1783969897.8335,2,2,0.5000,0.4009,1.42233,-0.03161,-2.63742,1.09828,1.57085,0.11671,-0.12757,-0.48152,0.02655,,,,,,,,,,,,,,,,,,,,,,,,,,0,0,0,0,0
46.0671,1783969897.8339,2,2,0.5000,0.3971,1.42233,-0.03161,-2.63742,1.09828,1.57085,0.11671,-0.12757,-0.48152,0.02655,,,,,,,,,,,,,,,,,,,,,,,,,,0,0,0,0,0
46.0715,1783969897.8382,2,2,0.5000,0.3730,1.42233,-0.03161,-2.63742,1.09828,1.57085,0.11671,-0.12757,-0.48152,0.02655,,,,,,,,,,,,,,,,,,,,,,,,,,0,0,0,0,0
46.0882,1783969897.8549,2,2,0.5000,0.3455,1.42233,-0.03161,-2.63742,1.09828,1.57085,0.11671,-0.12757,-0.48152,0.02655,,,,,,,,,,,,,,,,,,,,,,,,,,0,0,0,0,0
46.0971,1783969897.8639,2,2,0.5000,0.3491,1.42233,-0.03161,-2.63742,1.09828,1.57085,0.11671,-0.12757,-0.48152,0.02655,,,,,,,,,,,,,,,,,,,,,,,,,,0,0,0,0,0
46.0975,1783969897.8643,2,2,0.5000,0.3647,1.42233,-0.03161,-2.63742,1.09828,1.57085,0.11671,-0.12757,-0.48152,0.02655,,,,,,,,,,,,,,,,,,,,,,,,,,0,0,0,0,0
46.1022,1783969897.8690,2,2,0.5000,0.3865,1.42233,-0.03161,-2.63742,1.09828,1.57085,0.11671,-0.12757,-0.48152,0.02655,,,,,,,,,,,,,,,,,,,,,,,,,,0,0,0,0,0
46.1129,1783969897.8797,2,2,0.5000,0.4789,1.42233,-0.03161,-2.63742,1.09828,1.57085,0.11671,-0.12757,-0.48152,0.02655,,,,,,,,,,,,,,,,,,,,,,,,,,0,0,0,0,0
46.1240,1783969897.8908,2,2,0.5000,0.5004,1.42233,-0.03161,-2.63742,1.09828,1.57085,0.11671,-0.12757,-0.48152,0.02655,,,,,,,,,,,,,,,,,,,,,,,,,,0,0,0,0,0
46.1298,1783969897.8966,2,2,0.5000,0.5181,1.42233,-0.03161,-2.63742,1.09828,1.57085,0.11671,-0.12757,-0.48152,0.02655,,,,,,,,,,,,,,,,,,,,,,,,,,0,0,0,0,0
46.1301,1783969897.8969,2,2,0.5000,0.4760,1.42233,-0.03161,-2.63742,1.09828,1.57085,0.11671,-0.12757,-0.48152,0.02655,,,,,,,,,,,,,,,,,,,,,,,,,,0,0,0,0,0
46.1454,1783969897.9122,2,2,0.5000,0.4595,1.42233,-0.03161,-2.63742,1.09828,1.57085,0.11671,-0.12757,-0.48152,0.02655,,,,,,,,,,,,,,,,,,,,,,,,,,0,0,0,0,0
46.1539,1783969897.9207,2,2,0.5000,0.4244,1.42233,-0.03161,-2.63742,1.09828,1.57085,0.11671,-0.12757,-0.48152,0.02655,,,,,,,,,,,,,,,,,,,,,,,,,,0,0,0,0,0
46.1650,1783969897.9317,2,2,0.5000,0.4040,1.42233,-0.03161,-2.63742,1.09828,1.57085,0.11671,-0.12757,-0.48152,0.02655,,,,,,,,,,,,,,,,,,,,,,,,,,0,0,0,0,0
46.1708,1783969897.9376,2,2,0.5000,0.4106,1.42233,-0.03161,-2.63742,1.09828,1.57085,0.11671,-0.12757,-0.48152,0.02655,,,,,,,,,,,,,,,,,,,,,,,,,,0,0,0,0,0
46.1877,1783969897.9545,2,2,0.5000,0.4249,1.42233,-0.03161,-2.63742,1.09828,1.57085,0.11671,-0.12757,-0.48152,0.02655,,,,,,,,,,,,,,,,,,,,,,,,,,0,0,0,0,0
46.1909,1783969897.9577,2,2,0.5000,0.4219,1.42233,-0.03161,-2.63742,1.09828,1.57085,0.11671,-0.12757,-0.48152,0.02655,,,,,,,,,,,,,,,,,,,,,,,,,,0,0,0,0,0
46.1913,1783969897.9581,2,2,0.5000,0.4194,1.42233,-0.03161,-2.63742,1.09828,1.57085,0.11671,-0.12757,-0.48152,0.02655,,,,,,,,,,,,,,,,,,,,,,,,,,0,0,0,0,0
46.2029,1783969897.9697,2,2,0.5000,0.3874,1.42233,-0.03161,-2.63742,1.09828,1.57085,0.11671,-0.12757,-0.48152,0.02655,,,,,,,,,,,,,,,,,,,,,,,,,,0,0,0,0,0
46.2112,1783969897.9780,2,2,0.5000,0.4022,1.42233,-0.03161,-2.63742,1.09828,1.57085,0.11671,-0.12757,-0.48152,0.02655,,,,,,,,,,,,,,,,,,,,,,,,,,0,0,0,0,0
46.2115,1783969897.9783,2,2,0.5000,0.4062,1.42233,-0.03161,-2.63742,1.09828,1.57085,0.11671,-0.12757,-0.48152,0.02655,,,,,,,,,,,,,,,,,,,,,,,,,,0,0,0,0,0
46.2198,1783969897.9866,2,2,0.5000,0.4054,1.42233,-0.03161,-2.63742,1.09828,1.57085,0.11671,-0.12757,-0.48152,0.02655,,,,,,,,,,,,,,,,,,,,,,,,,,0,0,0,0,0
46.2201,1783969897.9869,2,2,0.5000,0.4152,1.42233,-0.03161,-2.63742,1.09828,1.57085,0.11671,-0.12757,-0.48152,0.02655,,,,,,,,,,,,,,,,,,,,,,,,,,0,0,0,0,0
46.2314,1783969897.9982,2,2,0.5000,0.4364,1.42233,-0.03161,-2.63742,1.09828,1.57085,0.11671,-0.12757,-0.48152,0.02655,,,,,,,,,,,,,,,,,,,,,,,,,,0,0,0,0,0
46.2442,1783969898.0109,2,2,0.5000,0.4720,1.42233,-0.03161,-2.63742,1.09828,1.57085,0.11671,-0.12757,-0.48152,0.02655,,,,,,,,,,,,,,,,,,,,,,,,,,0,0,0,0,0
46.2493,1783969898.0161,2,2,0.5000,0.5079,1.42233,-0.03161,-2.63742,1.09828,1.57085,0.11671,-0.12757,-0.48152,0.02655,,,,,,,,,,,,,,,,,,,,,,,,,,0,0,0,0,0
46.2496,1783969898.0164,2,2,0.5000,0.5178,1.42233,-0.03161,-2.63742,1.09828,1.57085,0.11671,-0.12757,-0.48152,0.02655,,,,,,,,,,,,,,,,,,,,,,,,,,0,0,0,0,0
46.2623,1783969898.0291,2,2,0.5000,0.5378,1.42233,-0.03161,-2.63742,1.09828,1.57085,0.11671,-0.12757,-0.48152,0.02655,,,,,,,,,,,,,,,,,,,,,,,,,,0,0,0,0,0
46.2710,1783969898.0377,2,2,0.5000,0.5048,1.42233,-0.03161,-2.63742,1.09828,1.57085,0.11671,-0.12757,-0.48152,0.02655,,,,,,,,,,,,,,,,,,,,,,,,,,0,0,0,0,0
46.2801,1783969898.0469,2,2,0.5000,0.5288,1.42233,-0.03161,-2.63742,1.09828,1.57085,0.11671,-0.12757,-0.48152,0.02655,,,,,,,,,,,,,,,,,,,,,,,,,,0,0,0,0,0
46.3050,1783969898.0718,2,2,0.5000,0.5162,1.42233,-0.03161,-2.63742,1.09828,1.57085,0.11671,-0.12757,-0.48152,0.02655,,,,,,,,,,,,,,,,,,,,,,,,,,0,0,0,0,0
46.3073,1783969898.0741,2,2,0.5000,0.5133,1.42233,-0.03161,-2.63742,1.09828,1.57085,0.11671,-0.12757,-0.48152,0.02655,,,,,,,,,,,,,,,,,,,,,,,,,,0,0,0,0,0
46.3094,1783969898.0762,2,2,0.5000,0.5110,1.42233,-0.03161,-2.63742,1.09828,1.57085,0.11671,-0.12757,-0.48152,0.02655,,,,,,,,,,,,,,,,,,,,,,,,,,0,0,0,0,0
46.3282,1783969898.0949,2,2,0.5000,0.5010,1.42233,-0.03161,-2.63742,1.09828,1.57085,0.11671,-0.12757,-0.48152,0.02655,,,,,,,,,,,,,,,,,,,,,,,,,,0,0,0,0,0
46.3353,1783969898.1021,2,2,0.5000,0.5125,1.42233,-0.03161,-2.63742,1.09828,1.57085,0.11671,-0.12757,-0.48152,0.02655,,,,,,,,,,,,,,,,,,,,,,,,,,0,0,0,0,0
46.3358,1783969898.1026,2,2,0.5000,0.5106,1.42233,-0.03161,-2.63742,1.09828,1.57085,0.11671,-0.12757,-0.48152,0.02655,,,,,,,,,,,,,,,,,,,,,,,,,,0,0,0,0,0
46.3420,1783969898.1088,2,2,0.5000,0.5077,1.42233,-0.03161,-2.63742,1.09828,1.57085,0.11671,-0.12757,-0.48152,0.02655,,,,,,,,,,,,,,,,,,,,,,,,,,0,0,0,0,0
46.3577,1783969898.1245,2,2,0.5000,0.4811,1.42233,-0.03161,-2.63742,1.09828,1.57085,0.11671,-0.12757,-0.48152,0.02655,,,,,,,,,,,,,,,,,,,,,,,,,,0,0,0,0,0
46.3622,1783969898.1289,2,2,0.5000,0.4886,1.42233,-0.03161,-2.63742,1.09828,1.57085,0.11671,-0.12757,-0.48152,0.02655,,,,,,,,,,,,,,,,,,,,,,,,,,0,0,0,0,0
46.3625,1783969898.1293,2,2,0.5000,0.5288,1.42233,-0.03161,-2.63742,1.09828,1.57085,0.11671,-0.12757,-0.48152,0.02655,,,,,,,,,,,,,,,,,,,,,,,,,,0,0,0,0,0
46.3737,1783969898.1405,2,2,0.5000,0.5246,1.42233,-0.03161,-2.63742,1.09828,1.57085,0.11671,-0.12757,-0.48152,0.02655,,,,,,,,,,,,,,,,,,,,,,,,,,0,0,0,0,0
46.3739,1783969898.1407,2,2,0.5000,0.5302,1.42233,-0.03161,-2.63742,1.09828,1.57085,0.11671,-0.12757,-0.48152,0.02655,,,,,,,,,,,,,,,,,,,,,,,,,,0,0,0,0,0
46.3841,1783969898.1509,2,2,0.5000,0.5537,1.42233,-0.03161,-2.63742,1.09828,1.57085,0.11671,-0.12757,-0.48152,0.02655,,,,,,,,,,,,,,,,,,,,,,,,,,0,0,0,0,0
46.3959,1783969898.1627,2,2,0.5000,0.5425,1.42233,-0.03161,-2.63742,1.09828,1.57085,0.11671,-0.12757,-0.48152,0.02655,,,,,,,,,,,,,,,,,,,,,,,,,,0,0,0,0,0
46.3963,1783969898.1630,2,2,0.5000,0.5557,1.42233,-0.03161,-2.63742,1.09828,1.57085,0.11671,-0.12757,-0.48152,0.02655,,,,,,,,,,,,,,,,,,,,,,,,,,0,0,0,0,0
46.4055,1783969898.1723,2,2,0.5000,0.5555,1.42233,-0.03161,-2.63742,1.09828,1.57085,0.11671,-0.12757,-0.48152,0.02655,,,,,,,,,,,,,,,,,,,,,,,,,,0,0,0,0,0
46.4059,1783969898.1727,2,2,0.5000,0.5388,1.42233,-0.03161,-2.63742,1.09828,1.57085,0.11671,-0.12757,-0.48152,0.02655,,,,,,,,,,,,,,,,,,,,,,,,,,0,0,0,0,0
46.4211,1783969898.1879,2,2,0.5000,0.5378,1.42233,-0.03161,-2.63742,1.09828,1.57085,0.11671,-0.12757,-0.48152,0.02655,,,,,,,,,,,,,,,,,,,,,,,,,,0,0,0,0,0
46.4230,1783969898.1898,2,2,0.5000,0.5300,1.42233,-0.03161,-2.63742,1.09828,1.57085,0.11671,-0.12757,-0.48152,0.02655,,,,,,,,,,,,,,,,,,,,,,,,,,0,0,0,0,0
46.4233,1783969898.1901,2,2,0.5000,0.5403,1.42233,-0.03161,-2.63742,1.09828,1.57085,0.11671,-0.12757,-0.48152,0.02655,,,,,,,,,,,,,,,,,,,,,,,,,,0,0,0,0,0
46.4351,1783969898.2019,2,2,0.5000,0.5317,1.42233,-0.03161,-2.63742,1.09828,1.57085,0.11671,-0.12757,-0.48152,0.02655,,,,,,,,,,,,,,,,,,,,,,,,,,0,0,0,0,0
46.4492,1783969898.2160,2,2,0.5000,0.5385,1.42233,-0.03161,-2.63742,1.09828,1.57085,0.11671,-0.12757,-0.48152,0.02655,,,,,,,,,,,,,,,,,,,,,,,,,,0,0,0,0,0
46.4539,1783969898.2207,2,2,0.5000,0.5079,1.42233,-0.03161,-2.63742,1.09828,1.57085,0.11671,-0.12757,-0.48152,0.02655,,,,,,,,,,,,,,,,,,,,,,,,,,0,0,0,0,0
46.4644,1783969898.2312,2,2,0.5000,0.5146,1.42233,-0.03161,-2.63742,1.09828,1.57085,0.11671,-0.12757,-0.48152,0.02655,,,,,,,,,,,,,,,,,,,,,,,,,,0,0,0,0,0
46.4746,1783969898.2414,2,2,0.5000,0.5078,1.42233,-0.03161,-2.63742,1.09828,1.57085,0.11671,-0.12757,-0.48152,0.02655,,,,,,,,,,,,,,,,,,,,,,,,,,0,0,0,0,0
46.4841,1783969898.2509,2,2,0.5000,0.5132,1.42233,-0.03161,-2.63742,1.09828,1.57085,0.11671,-0.12757,-0.48152,0.02655,,,,,,,,,,,,,,,,,,,,,,,,,,0,0,0,0,0
46.4844,1783969898.2512,2,2,0.5000,0.5149,1.42233,-0.03161,-2.63742,1.09828,1.57085,0.11671,-0.12757,-0.48152,0.02655,,,,,,,,,,,,,,,,,,,,,,,,,,0,0,0,0,0
46.4951,1783969898.2619,2,2,0.5000,0.5203,1.42233,-0.03161,-2.63742,1.09828,1.57085,0.11671,-0.12757,-0.48152,0.02655,,,,,,,,,,,,,,,,,,,,,,,,,,0,0,0,0,0
46.5064,1783969898.2731,2,2,0.5000,0.5395,1.42233,-0.03161,-2.63742,1.09828,1.57085,0.11671,-0.12757,-0.48152,0.02655,,,,,,,,,,,,,,,,,,,,,,,,,,0,0,0,0,0
46.5144,1783969898.2812,2,2,0.5000,0.5538,1.42233,-0.03161,-2.63742,1.09828,1.57085,0.11671,-0.12757,-0.48152,0.02655,,,,,,,,,,,,,,,,,,,,,,,,,,0,0,0,0,0
46.5149,1783969898.2817,2,2,0.5000,0.5466,1.42233,-0.03161,-2.63742,1.09828,1.57085,0.11671,-0.12757,-0.48152,0.02655,,,,,,,,,,,,,,,,,,,,,,,,,,0,0,0,0,0
46.5275,1783969898.2943,2,2,0.5000,0.5730,1.42233,-0.03161,-2.63742,1.09828,1.57085,0.11671,-0.12757,-0.48152,0.02655,,,,,,,,,,,,,,,,,,,,,,,,,,0,0,0,0,0
46.5357,1783969898.3025,2,2,0.5000,0.5721,1.42233,-0.03161,-2.63742,1.09828,1.57085,0.11671,-0.12757,-0.48152,0.02655,,,,,,,,,,,,,,,,,,,,,,,,,,0,0,0,0,0
46.5434,1783969898.3102,2,2,0.5000,0.5460,1.42233,-0.03161,-2.63742,1.09828,1.57085,0.11671,-0.12757,-0.48152,0.02655,,,,,,,,,,,,,,,,,,,,,,,,,,0,0,0,0,0
46.5849,1783969898.3517,2,2,0.5000,0.5164,1.42233,-0.03161,-2.63742,1.09828,1.57085,0.11671,-0.12757,-0.48152,0.02655,,,,,,,,,,,,,,,,,,,,,,,,,,0,0,0,0,0
46.5865,1783969898.3533,2,2,0.5000,0.5070,1.42233,-0.03161,-2.63742,1.09828,1.57085,0.11671,-0.12757,-0.48152,0.02655,,,,,,,,,,,,,,,,,,,,,,,,,,0,0,0,0,0
46.5870,1783969898.3537,2,2,0.5000,0.4659,1.42233,-0.03161,-2.63742,1.09828,1.57085,0.11671,-0.12757,-0.48152,0.02655,,,,,,,,,,,,,,,,,,,,,,,,,,0,0,0,0,0
46.5959,1783969898.3627,2,2,0.5000,0.4474,1.42233,-0.03161,-2.63742,1.09828,1.57085,0.11671,-0.12757,-0.48152,0.02655,,,,,,,,,,,,,,,,,,,,,,,,,,0,0,0,0,0
46.6151,1783969898.3819,2,2,0.5000,0.4872,1.42233,-0.03161,-2.63742,1.09828,1.57085,0.11671,-0.12757,-0.48152,0.02655,,,,,,,,,,,,,,,,,,,,,,,,,,0,0,0,0,0
46.6186,1783969898.3853,2,2,0.5000,0.5387,1.42233,-0.03161,-2.63742,1.09828,1.57085,0.11671,-0.12757,-0.48152,0.02655,,,,,,,,,,,,,,,,,,,,,,,,,,0,0,0,0,0
46.6250,1783969898.3917,2,2,0.5000,0.5431,1.42233,-0.03162,-2.63742,1.09828,1.57085,0.11671,-0.12757,-0.48152,0.02655,,,,,,,,,,,,,,,,,,,,,,,,,,0,0,0,0,0
46.6348,1783969898.4016,2,2,0.5000,0.5527,1.42233,-0.03162,-2.63742,1.09828,1.57085,0.11671,-0.12757,-0.48152,0.02655,,,,,,,,,,,,,,,,,,,,,,,,,,0,0,0,0,0
46.6429,1783969898.4097,2,2,0.5000,0.5812,1.42233,-0.03162,-2.63742,1.09828,1.57085,0.11671,-0.12757,-0.48152,0.02655,,,,,,,,,,,,,,,,,,,,,,,,,,0,0,0,0,0
46.6432,1783969898.4100,2,2,0.5000,0.5923,1.42233,-0.03162,-2.63742,1.09828,1.57085,0.11671,-0.12757,-0.48152,0.02655,,,,,,,,,,,,,,,,,,,,,,,,,,0,0,0,0,0
46.6543,1783969898.4211,2,2,0.5000,0.5645,1.42233,-0.03162,-2.63742,1.09828,1.57085,0.11671,-0.12757,-0.48152,0.02655,,,,,,,,,,,,,,,,,,,,,,,,,,0,0,0,0,0
46.6633,1783969898.4301,2,2,0.5000,0.5462,1.42233,-0.03162,-2.63742,1.09828,1.57085,0.11671,-0.12757,-0.48152,0.02655,,,,,,,,,,,,,,,,,,,,,,,,,,0,0,0,0,0
46.6780,1783969898.4447,2,2,0.5000,0.5427,1.42233,-0.03162,-2.63742,1.09828,1.57085,0.11671,-0.12757,-0.48152,0.02655,,,,,,,,,,,,,,,,,,,,,,,,,,0,0,0,0,0
46.6830,1783969898.4498,2,2,0.5000,0.5522,1.42233,-0.03162,-2.63742,1.09828,1.57085,0.11671,-0.12757,-0.48152,0.02655,,,,,,,,,,,,,,,,,,,,,,,,,,0,0,0,0,0
46.6833,1783969898.4501,2,2,0.5000,0.5417,1.42233,-0.03162,-2.63742,1.09828,1.57085,0.11671,-0.12757,-0.48152,0.02655,,,,,,,,,,,,,,,,,,,,,,,,,,0,0,0,0,0
46.6972,1783969898.4640,2,2,0.5000,0.5291,1.42233,-0.03162,-2.63742,1.09828,1.57085,0.11671,-0.12757,-0.48152,0.02655,,,,,,,,,,,,,,,,,,,,,,,,,,0,0,0,0,0
46.7098,1783969898.4765,2,2,0.5000,0.4841,1.42233,-0.03162,-2.63742,1.09828,1.57085,0.11671,-0.12757,-0.48152,0.02655,,,,,,,,,,,,,,,,,,,,,,,,,,0,0,0,0,0
46.7147,1783969898.4815,2,2,0.5000,0.4723,1.42233,-0.03162,-2.63742,1.09828,1.57085,0.11671,-0.12757,-0.48152,0.02655,,,,,,,,,,,,,,,,,,,,,,,,,,0,0,0,0,0
46.7152,1783969898.4820,2,2,0.5000,0.4352,1.42233,-0.03162,-2.63742,1.09828,1.57085,0.11671,-0.12757,-0.48152,0.02655,,,,,,,,,,,,,,,,,,,,,,,,,,0,0,0,0,0
46.7266,1783969898.4934,2,2,0.5000,0.4221,1.42233,-0.03162,-2.63742,1.09828,1.57085,0.11671,-0.12757,-0.48152,0.02655,,,,,,,,,,,,,,,,,,,,,,,,,,0,0,0,0,0
46.7271,1783969898.4938,2,2,0.5000,0.4540,1.42233,-0.03162,-2.63742,1.09828,1.57085,0.11671,-0.12757,-0.48152,0.02655,,,,,,,,,,,,,,,,,,,,,,,,,,0,0,0,0,0
46.7420,1783969898.5088,2,2,0.5000,0.4557,1.42233,-0.03162,-2.63742,1.09828,1.57085,0.11671,-0.12757,-0.48152,0.02655,,,,,,,,,,,,,,,,,,,,,,,,,,0,0,0,0,0
46.7469,1783969898.5137,2,2,0.5000,0.5098,1.42233,-0.03162,-2.63742,1.09828,1.57085,0.11671,-0.12757,-0.48152,0.02655,,,,,,,,,,,,,,,,,,,,,,,,,,0,0,0,0,0
46.7572,1783969898.5239,2,2,0.5000,0.5214,1.42233,-0.03162,-2.63742,1.09828,1.57085,0.11671,-0.12757,-0.48152,0.02655,,,,,,,,,,,,,,,,,,,,,,,,,,0,0,0,0,0
46.7666,1783969898.5334,2,2,0.5000,0.5685,1.42233,-0.03162,-2.63742,1.09828,1.57085,0.11671,-0.12757,-0.48152,0.02655,,,,,,,,,,,,,,,,,,,,,,,,,,0,0,0,0,0
46.7789,1783969898.5457,2,2,0.5000,0.5770,1.42233,-0.03162,-2.63742,1.09828,1.57085,0.11671,-0.12757,-0.48152,0.02655,,,,,,,,,,,,,,,,,,,,,,,,,,0,0,0,0,0
46.7791,1783969898.5459,2,2,0.5000,0.5748,1.42233,-0.03162,-2.63742,1.09828,1.57085,0.11671,-0.12757,-0.48152,0.02655,,,,,,,,,,,,,,,,,,,,,,,,,,0,0,0,0,0
46.7874,1783969898.5541,2,2,0.5000,0.5538,1.42233,-0.03162,-2.63742,1.09828,1.57085,0.11671,-0.12757,-0.48152,0.02655,,,,,,,,,,,,,,,,,,,,,,,,,,0,0,0,0,0
46.7878,1783969898.5546,2,2,0.5000,0.5417,1.42233,-0.03162,-2.63742,1.09828,1.57085,0.11671,-0.12757,-0.48152,0.02655,,,,,,,,,,,,,,,,,,,,,,,,,,0,0,0,0,0
46.7942,1783969898.5610,2,2,0.5000,0.5412,1.42233,-0.03162,-2.63742,1.09828,1.57085,0.11671,-0.12757,-0.48152,0.02655,,,,,,,,,,,,,,,,,,,,,,,,,,0,0,0,0,0
46.8036,1783969898.5704,2,2,0.5000,0.5413,1.42233,-0.03162,-2.63742,1.09828,1.57085,0.11671,-0.12757,-0.48152,0.02655,,,,,,,,,,,,,,,,,,,,,,,,,,0,0,0,0,0
46.8039,1783969898.5707,2,2,0.5000,0.5418,1.42233,-0.03162,-2.63742,1.09828,1.57085,0.11671,-0.12757,-0.48152,0.02655,,,,,,,,,,,,,,,,,,,,,,,,,,0,0,0,0,0
46.8154,1783969898.5822,2,2,0.5000,0.5138,1.42233,-0.03162,-2.63742,1.09828,1.57085,0.11671,-0.12757,-0.48152,0.02655,,,,,,,,,,,,,,,,,,,,,,,,,,0,0,0,0,0
46.8248,1783969898.5916,2,2,0.5000,0.4851,1.42233,-0.03162,-2.63742,1.09828,1.57085,0.11671,-0.12757,-0.48152,0.02655,,,,,,,,,,,,,,,,,,,,,,,,,,0,0,0,0,0
46.8349,1783969898.6017,2,2,0.5000,0.4639,1.42233,-0.03162,-2.63742,1.09828,1.57085,0.11671,-0.12757,-0.48152,0.02655,,,,,,,,,,,,,,,,,,,,,,,,,,0,0,0,0,0
46.8444,1783969898.6112,2,2,0.5000,0.4760,1.42233,-0.03162,-2.63742,1.09828,1.57085,0.11671,-0.12757,-0.48152,0.02655,,,,,,,,,,,,,,,,,,,,,,,,,,0,0,0,0,0
46.8449,1783969898.6117,2,2,0.5000,0.4796,1.42233,-0.03162,-2.63742,1.09828,1.57085,0.11671,-0.12757,-0.48152,0.02655,,,,,,,,,,,,,,,,,,,,,,,,,,0,0,0,0,0
46.8609,1783969898.6277,2,2,0.5000,0.4591,1.42233,-0.03162,-2.63742,1.09828,1.57085,0.11671,-0.12757,-0.48152,0.02655,,,,,,,,,,,,,,,,,,,,,,,,,,0,0,0,0,0
46.8645,1783969898.6313,2,2,0.5000,0.4594,1.42233,-0.03162,-2.63742,1.09828,1.57085,0.11671,-0.12757,-0.48152,0.02655,,,,,,,,,,,,,,,,,,,,,,,,,,0,0,0,0,0
46.8651,1783969898.6318,2,2,0.5000,0.4719,1.42233,-0.03162,-2.63742,1.09828,1.57085,0.11671,-0.12757,-0.48152,0.02655,,,,,,,,,,,,,,,,,,,,,,,,,,0,0,0,0,0
46.8756,1783969898.6424,2,2,0.5000,0.4927,1.42233,-0.03162,-2.63742,1.09828,1.57085,0.11671,-0.12757,-0.48152,0.02655,,,,,,,,,,,,,,,,,,,,,,,,,,0,0,0,0,0
46.8861,1783969898.6529,2,2,0.5000,0.5018,1.42233,-0.03162,-2.63742,1.09828,1.57085,0.11671,-0.12757,-0.48152,0.02655,,,,,,,,,,,,,,,,,,,,,,,,,,0,0,0,0,0
46.9079,1783969898.6746,2,2,0.5000,0.5280,1.42233,-0.03162,-2.63742,1.09828,1.57085,0.11671,-0.12757,-0.48152,0.02655,,,,,,,,,,,,,,,,,,,,,,,,,,0,0,0,0,0
46.9112,1783969898.6780,2,2,0.5000,0.5273,1.42233,-0.03162,-2.63742,1.09828,1.57085,0.11671,-0.12757,-0.48152,0.02655,,,,,,,,,,,,,,,,,,,,,,,,,,0,0,0,0,0
46.9116,1783969898.6784,2,2,0.5000,0.5378,1.42233,-0.03162,-2.63742,1.09828,1.57085,0.11671,-0.12757,-0.48152,0.02655,,,,,,,,,,,,,,,,,,,,,,,,,,0,0,0,0,0
46.9171,1783969898.6839,2,2,0.5000,0.5435,1.42233,-0.03162,-2.63742,1.09828,1.57085,0.11671,-0.12757,-0.48152,0.02655,,,,,,,,,,,,,,,,,,,,,,,,,,0,0,0,0,0
46.9228,1783969898.6895,2,2,0.5000,0.5334,1.42233,-0.03162,-2.63742,1.09828,1.57085,0.11671,-0.12757,-0.48152,0.02655,,,,,,,,,,,,,,,,,,,,,,,,,,0,0,0,0,0
46.9342,1783969898.7009,2,2,0.5000,0.5318,1.42233,-0.03162,-2.63742,1.09828,1.57085,0.11671,-0.12757,-0.48152,0.02655,,,,,,,,,,,,,,,,,,,,,,,,,,0,0,0,0,0
46.9453,1783969898.7121,2,2,0.5000,0.5324,1.42233,-0.03162,-2.63742,1.09828,1.57085,0.11671,-0.12757,-0.48152,0.02655,,,,,,,,,,,,,,,,,,,,,,,,,,0,0,0,0,0
46.9557,1783969898.7225,2,2,0.5000,0.4836,1.42233,-0.03162,-2.63742,1.09828,1.57085,0.11671,-0.12757,-0.48152,0.02655,,,,,,,,,,,,,,,,,,,,,,,,,,0,0,0,0,0
46.9633,1783969898.7301,2,2,0.5000,0.4686,1.42233,-0.03162,-2.63742,1.09828,1.57085,0.11671,-0.12757,-0.48152,0.02655,,,,,,,,,,,,,,,,,,,,,,,,,,0,0,0,0,0
46.9637,1783969898.7305,2,2,0.5000,0.4509,1.42233,-0.03162,-2.63742,1.09828,1.57085,0.11671,-0.12757,-0.48152,0.02655,,,,,,,,,,,,,,,,,,,,,,,,,,0,0,0,0,0
46.9759,1783969898.7427,2,2,0.5000,0.4678,1.42233,-0.03162,-2.63742,1.09828,1.57085,0.11671,-0.12757,-0.48152,0.02655,,,,,,,,,,,,,,,,,,,,,,,,,,0,0,0,0,0
46.9840,1783969898.7508,2,2,0.5000,0.4575,1.42233,-0.03162,-2.63742,1.09828,1.57085,0.11671,-0.12757,-0.48152,0.02655,,,,,,,,,,,,,,,,,,,,,,,,,,0,0,0,0,0
46.9990,1783969898.7657,2,2,0.5000,0.4673,1.42233,-0.03162,-2.63742,1.09828,1.57085,0.11671,-0.12757,-0.48152,0.02655,,,,,,,,,,,,,,,,,,,,,,,,,,0,0,0,0,0
47.0070,1783969898.7738,2,2,0.5000,0.4727,1.42233,-0.03162,-2.63742,1.09828,1.57085,0.11671,-0.12757,-0.48152,0.02655,,,,,,,,,,,,,,,,,,,,,,,,,,0,0,0,0,0
47.0157,1783969898.7825,2,2,0.5000,0.4753,1.42233,-0.03162,-2.63742,1.09828,1.57085,0.11671,-0.12757,-0.48152,0.02655,,,,,,,,,,,,,,,,,,,,,,,,,,0,0,0,0,0
47.0293,1783969898.7961,2,2,0.5000,0.4901,1.42233,-0.03162,-2.63742,1.09828,1.57085,0.11671,-0.12757,-0.48152,0.02655,,,,,,,,,,,,,,,,,,,,,,,,,,0,0,0,0,0
47.0348,1783969898.8016,2,2,0.5000,0.5143,1.42233,-0.03162,-2.63742,1.09828,1.57085,0.11671,-0.12757,-0.48152,0.02655,,,,,,,,,,,,,,,,,,,,,,,,,,0,0,0,0,0
47.0477,1783969898.8144,2,2,0.5000,0.5460,1.42233,-0.03162,-2.63742,1.09828,1.57085,0.11671,-0.12757,-0.48152,0.02655,,,,,,,,,,,,,,,,,,,,,,,,,,0,0,0,0,0
47.0661,1783969898.8329,2,2,0.5000,0.5194,1.42233,-0.03162,-2.63742,1.09828,1.57085,0.11671,-0.12757,-0.48152,0.02655,,,,,,,,,,,,,,,,,,,,,,,,,,0,0,0,0,0
47.0665,1783969898.8333,2,2,0.5000,0.4962,1.42233,-0.03162,-2.63742,1.09828,1.57085,0.11671,-0.12757,-0.48152,0.02655,,,,,,,,,,,,,,,,,,,,,,,,,,0,0,0,0,0
47.0719,1783969898.8386,2,2,0.5000,0.4805,1.42233,-0.03162,-2.63742,1.09828,1.57085,0.11671,-0.12757,-0.48152,0.02655,,,,,,,,,,,,,,,,,,,,,,,,,,0,0,0,0,0
47.0734,1783969898.8402,2,2,0.5000,0.4893,1.42233,-0.03162,-2.63742,1.09828,1.57085,0.11671,-0.12757,-0.48152,0.02655,,,,,,,,,,,,,,,,,,,,,,,,,,0,0,0,0,0
47.0863,1783969898.8531,2,2,0.5000,0.4649,1.42233,-0.03162,-2.63742,1.09828,1.57085,0.11671,-0.12757,-0.48152,0.02655,,,,,,,,,,,,,,,,,,,,,,,,,,0,0,0,0,0
47.0972,1783969898.8639,2,2,0.5000,0.4641,1.42233,-0.03161,-2.63742,1.09828,1.57085,0.11671,-0.12757,-0.48152,0.02655,,,,,,,,,,,,,,,,,,,,,,,,,,0,0,0,0,0
47.0975,1783969898.8643,2,2,0.5000,0.4671,1.42233,-0.03161,-2.63742,1.09828,1.57085,0.11671,-0.12757,-0.48152,0.02655,,,,,,,,,,,,,,,,,,,,,,,,,,0,0,0,0,0
47.1096,1783969898.8764,2,2,0.5000,0.4381,1.42233,-0.03161,-2.63742,1.09828,1.57085,0.11671,-0.12757,-0.48152,0.02655,,,,,,,,,,,,,,,,,,,,,,,,,,0,0,0,0,0
47.1194,1783969898.8862,2,2,0.5000,0.4438,1.42233,-0.03161,-2.63742,1.09828,1.57085,0.11671,-0.12757,-0.48152,0.02655,,,,,,,,,,,,,,,,,,,,,,,,,,0,0,0,0,0
47.1198,1783969898.8865,2,2,0.5000,0.4340,1.42233,-0.03161,-2.63742,1.09828,1.57085,0.11671,-0.12757,-0.48152,0.02655,,,,,,,,,,,,,,,,,,,,,,,,,,0,0,0,0,0
47.1255,1783969898.8922,2,2,0.5000,0.4374,1.42233,-0.03161,-2.63742,1.09828,1.57085,0.11671,-0.12757,-0.48152,0.02655,,,,,,,,,,,,,,,,,,,,,,,,,,0,0,0,0,0
47.1364,1783969898.9032,2,2,0.5000,0.4568,1.42233,-0.03161,-2.63742,1.09828,1.57085,0.11671,-0.12757,-0.48152,0.02655,,,,,,,,,,,,,,,,,,,,,,,,,,0,0,0,0,0
47.1368,1783969898.9035,2,2,0.5000,0.4563,1.42233,-0.03161,-2.63742,1.09828,1.57085,0.11671,-0.12757,-0.48152,0.02655,,,,,,,,,,,,,,,,,,,,,,,,,,0,0,0,0,0
47.1492,1783969898.9160,2,2,0.5000,0.4530,1.42233,-0.03161,-2.63742,1.09828,1.57085,0.11671,-0.12757,-0.48152,0.02655,,,,,,,,,,,,,,,,,,,,,,,,,,0,0,0,0,0
47.1496,1783969898.9164,2,2,0.5000,0.4933,1.42233,-0.03161,-2.63742,1.09828,1.57085,0.11671,-0.12757,-0.48152,0.02655,,,,,,,,,,,,,,,,,,,,,,,,,,0,0,0,0,0
47.1532,1783969898.9200,2,2,0.5000,0.4786,1.42233,-0.03161,-2.63742,1.09828,1.57085,0.11671,-0.12757,-0.48152,0.02655,,,,,,,,,,,,,,,,,,,,,,,,,,0,0,0,0,0
47.1665,1783969898.9333,2,2,0.5000,0.5011,1.42233,-0.03161,-2.63742,1.09828,1.57085,0.11671,-0.12757,-0.48152,0.02655,,,,,,,,,,,,,,,,,,,,,,,,,,0,0,0,0,0
47.1668,1783969898.9336,2,2,0.5000,0.4961,1.42233,-0.03161,-2.63742,1.09828,1.57085,0.11671,-0.12757,-0.48152,0.02655,,,,,,,,,,,,,,,,,,,,,,,,,,0,0,0,0,0
47.1756,1783969898.9424,2,2,0.5000,0.5054,1.42233,-0.03161,-2.63742,1.09828,1.57085,0.11671,-0.12757,-0.48152,0.02655,,,,,,,,,,,,,,,,,,,,,,,,,,0,0,0,0,0
47.1761,1783969898.9428,2,2,0.5000,0.5068,1.42233,-0.03161,-2.63742,1.09828,1.57085,0.11671,-0.12757,-0.48152,0.02655,,,,,,,,,,,,,,,,,,,,,,,,,,0,0,0,0,0
47.1916,1783969898.9583,2,2,0.5000,0.5136,1.42233,-0.03161,-2.63742,1.09828,1.57085,0.11671,-0.12757,-0.48152,0.02655,,,,,,,,,,,,,,,,,,,,,,,,,,0,0,0,0,0
47.1919,1783969898.9587,2,2,0.5000,0.5000,1.42233,-0.03161,-2.63742,1.09828,1.57085,0.11671,-0.12757,-0.48152,0.02655,,,,,,,,,,,,,,,,,,,,,,,,,,0,0,0,0,0
47.1964,1783969898.9632,2,2,0.5000,0.4869,1.42233,-0.03161,-2.63742,1.09828,1.57085,0.11671,-0.12757,-0.48152,0.02655,,,,,,,,,,,,,,,,,,,,,,,,,,0,0,0,0,0
47.1968,1783969898.9636,2,2,0.5000,0.4838,1.42233,-0.03161,-2.63742,1.09828,1.57085,0.11671,-0.12757,-0.48152,0.02655,,,,,,,,,,,,,,,,,,,,,,,,,,0,0,0,0,0
47.2094,1783969898.9762,2,2,0.5000,0.4495,1.42233,-0.03161,-2.63742,1.09828,1.57085,0.11671,-0.12757,-0.48152,0.02655,,,,,,,,,,,,,,,,,,,,,,,,,,0,0,0,0,0
47.2254,1783969898.9922,2,2,0.5000,0.4397,1.42233,-0.03161,-2.63742,1.09828,1.57085,0.11671,-0.12757,-0.48152,0.02655,,,,,,,,,,,,,,,,,,,,,,,,,,0,0,0,0,0
47.2257,1783969898.9925,2,2,0.5000,0.4249,1.42233,-0.03161,-2.63742,1.09828,1.57085,0.11671,-0.12757,-0.48152,0.02655,,,,,,,,,,,,,,,,,,,,,,,,,,0,0,0,0,0
47.2260,1783969898.9928,2,2,0.5000,0.4493,1.42233,-0.03161,-2.63742,1.09828,1.57085,0.11671,-0.12757,-0.48152,0.02655,,,,,,,,,,,,,,,,,,,,,,,,,,0,0,0,0,0
47.2351,1783969899.0019,2,2,0.5000,0.4553,1.42233,-0.03161,-2.63742,1.09828,1.57085,0.11671,-0.12757,-0.48152,0.02655,,,,,,,,,,,,,,,,,,,,,,,,,,0,0,0,0,0
47.2356,1783969899.0024,2,2,0.5000,0.4319,1.42233,-0.03161,-2.63742,1.09828,1.57085,0.11671,-0.12757,-0.48152,0.02655,,,,,,,,,,,,,,,,,,,,,,,,,,0,0,0,0,0
47.2448,1783969899.0116,2,2,0.5000,0.4385,1.42233,-0.03161,-2.63742,1.09828,1.57085,0.11671,-0.12757,-0.48152,0.02655,,,,,,,,,,,,,,,,,,,,,,,,,,0,0,0,0,0
47.2546,1783969899.0214,2,2,0.5000,0.4257,1.42233,-0.03161,-2.63742,1.09828,1.57085,0.11671,-0.12757,-0.48152,0.02655,,,,,,,,,,,,,,,,,,,,,,,,,,0,0,0,0,0
47.2717,1783969899.0384,2,2,0.5000,0.4429,1.42233,-0.03161,-2.63742,1.09828,1.57085,0.11671,-0.12757,-0.48152,0.02655,,,,,,,,,,,,,,,,,,,,,,,,,,0,0,0,0,0
47.3295,1783969899.0962,2,2,0.5000,0.5155,1.42233,-0.03161,-2.63742,1.09828,1.57085,0.11671,-0.12757,-0.48152,0.02655,,,,,,,,,,,,,,,,,,,,,,,,,,0,0,0,0,0
47.3298,1783969899.0966,2,2,0.5000,0.5249,1.42233,-0.03161,-2.63742,1.09828,1.57085,0.11671,-0.12757,-0.48152,0.02655,,,,,,,,,,,,,,,,,,,,,,,,,,0,0,0,0,0
47.3302,1783969899.0970,2,2,0.5000,0.5101,1.42233,-0.03161,-2.63742,1.09828,1.57085,0.11671,-0.12757,-0.48152,0.02655,,,,,,,,,,,,,,,,,,,,,,,,,,0,0,0,0,0
47.3306,1783969899.0974,2,2,0.5000,0.5002,1.42233,-0.03161,-2.63742,1.09828,1.57085,0.11671,-0.12757,-0.48152,0.02655,,,,,,,,,,,,,,,,,,,,,,,,,,0,0,0,0,0
47.3309,1783969899.0977,2,2,0.5000,0.5028,1.42233,-0.03161,-2.63742,1.09828,1.57085,0.11671,-0.12757,-0.48152,0.02655,,,,,,,,,,,,,,,,,,,,,,,,,,0,0,0,0,0
47.3382,1783969899.1050,2,2,0.5000,0.4685,1.42233,-0.03161,-2.63742,1.09828,1.57085,0.11671,-0.12757,-0.48152,0.02655,,,,,,,,,,,,,,,,,,,,,,,,,,0,0,0,0,0
47.3545,1783969899.1213,2,2,0.5000,0.4617,1.42233,-0.03161,-2.63742,1.09828,1.57085,0.11671,-0.12757,-0.48152,0.02655,,,,,,,,,,,,,,,,,,,,,,,,,,0,0,0,0,0
47.3557,1783969899.1225,2,2,0.5000,0.4051,1.42233,-0.03161,-2.63742,1.09828,1.57085,0.11671,-0.12757,-0.48152,0.02655,,,,,,,,,,,,,,,,,,,,,,,,,,0,0,0,0,0
47.3560,1783969899.1228,2,2,0.5000,0.3929,1.42233,-0.03161,-2.63742,1.09828,1.57085,0.11671,-0.12757,-0.48152,0.02655,,,,,,,,,,,,,,,,,,,,,,,,,,0,0,0,0,0
47.3656,1783969899.1324,2,2,0.5000,0.4200,1.42233,-0.03161,-2.63742,1.09828,1.57085,0.11671,-0.12757,-0.48152,0.02655,,,,,,,,,,,,,,,,,,,,,,,,,,0,0,0,0,0
47.3774,1783969899.1442,2,2,0.5000,0.4257,1.42233,-0.03161,-2.63742,1.09828,1.57085,0.11671,-0.12757,-0.48152,0.02655,,,,,,,,,,,,,,,,,,,,,,,,,,0,0,0,0,0
47.3778,1783969899.1446,2,2,0.5000,0.4332,1.42233,-0.03161,-2.63742,1.09828,1.57085,0.11671,-0.12757,-0.48152,0.02655,,,,,,,,,,,,,,,,,,,,,,,,,,0,0,0,0,0
47.3865,1783969899.1532,2,2,0.5000,0.4343,1.42233,-0.03161,-2.63742,1.09828,1.57085,0.11671,-0.12757,-0.48152,0.02655,,,,,,,,,,,,,,,,,,,,,,,,,,0,0,0,0,0
47.3954,1783969899.1621,2,2,0.5000,0.4601,1.42233,-0.03161,-2.63742,1.09828,1.57085,0.11671,-0.12757,-0.48152,0.02655,,,,,,,,,,,,,,,,,,,,,,,,,,0,0,0,0,0
47.4054,1783969899.1722,2,2,0.5000,0.4611,1.42233,-0.03161,-2.63742,1.09828,1.57085,0.11671,-0.12757,-0.48152,0.02655,,,,,,,,,,,,,,,,,,,,,,,,,,0,0,0,0,0
47.4189,1783969899.1857,2,2,0.5000,0.5137,1.42233,-0.03161,-2.63742,1.09828,1.57085,0.11671,-0.12757,-0.48152,0.02655,,,,,,,,,,,,,,,,,,,,,,,,,,0,0,0,0,0
47.4193,1783969899.1861,2,2,0.5000,0.5145,1.42233,-0.03161,-2.63742,1.09828,1.57085,0.11671,-0.12757,-0.48152,0.02655,,,,,,,,,,,,,,,,,,,,,,,,,,0,0,0,0,0
47.4288,1783969899.1956,2,2,0.5000,0.5303,1.42233,-0.03161,-2.63742,1.09828,1.57085,0.11671,-0.12757,-0.48152,0.02655,,,,,,,,,,,,,,,,,,,,,,,,,,0,0,0,0,0
47.4385,1783969899.2053,2,2,0.5000,0.5056,1.42233,-0.03161,-2.63742,1.09828,1.57085,0.11671,-0.12757,-0.48152,0.02655,,,,,,,,,,,,,,,,,,,,,,,,,,0,0,0,0,0
47.4465,1783969899.2132,2,2,0.5000,0.5059,1.42233,-0.03161,-2.63742,1.09828,1.57085,0.11671,-0.12757,-0.48152,0.02655,,,,,,,,,,,,,,,,,,,,,,,,,,0,0,0,0,0
47.4566,1783969899.2234,2,2,0.5000,0.5064,1.42233,-0.03161,-2.63742,1.09828,1.57085,0.11671,-0.12757,-0.48152,0.02655,,,,,,,,,,,,,,,,,,,,,,,,,,0,0,0,0,0
47.4695,1783969899.2362,2,2,0.5000,0.4621,1.42233,-0.03161,-2.63742,1.09828,1.57085,0.11671,-0.12757,-0.48152,0.02655,,,,,,,,,,,,,,,,,,,,,,,,,,0,0,0,0,0
47.4830,1783969899.2498,2,2,0.5000,0.4620,1.42233,-0.03161,-2.63742,1.09828,1.57085,0.11671,-0.12757,-0.48152,0.02655,,,,,,,,,,,,,,,,,,,,,,,,,,0,0,0,0,0
47.4895,1783969899.2563,2,2,0.5000,0.4602,1.42233,-0.03161,-2.63742,1.09828,1.57085,0.11671,-0.12757,-0.48152,0.02655,,,,,,,,,,,,,,,,,,,,,,,,,,0,0,0,0,0
47.4898,1783969899.2566,2,2,0.5000,0.4596,1.42233,-0.03161,-2.63742,1.09828,1.57085,0.11671,-0.12757,-0.48152,0.02655,,,,,,,,,,,,,,,,,,,,,,,,,,0,0,0,0,0
47.5037,1783969899.2705,2,2,0.5000,0.4612,1.42233,-0.03161,-2.63742,1.09828,1.57085,0.11671,-0.12757,-0.48152,0.02655,,,,,,,,,,,,,,,,,,,,,,,,,,0,0,0,0,0
47.5190,1783969899.2858,2,2,0.5000,0.4809,1.42233,-0.03161,-2.63742,1.09828,1.57085,0.11671,-0.12757,-0.48152,0.02655,,,,,,,,,,,,,,,,,,,,,,,,,,0,0,0,0,0
47.5193,1783969899.2861,2,2,0.5000,0.4866,1.42233,-0.03161,-2.63742,1.09828,1.57085,0.11671,-0.12757,-0.48152,0.02655,,,,,,,,,,,,,,,,,,,,,,,,,,0,0,0,0,0
47.5217,1783969899.2885,2,2,0.5000,0.5011,1.42233,-0.03161,-2.63742,1.09828,1.57085,0.11671,-0.12757,-0.48152,0.02655,,,,,,,,,,,,,,,,,,,,,,,,,,0,0,0,0,0
47.5220,1783969899.2888,2,2,0.5000,0.5041,1.42233,-0.03161,-2.63742,1.09828,1.57085,0.11671,-0.12757,-0.48152,0.02655,,,,,,,,,,,,,,,,,,,,,,,,,,0,0,0,0,0
47.5284,1783969899.2952,2,2,0.5000,0.5176,1.42233,-0.03161,-2.63742,1.09828,1.57085,0.11671,-0.12757,-0.48152,0.02655,,,,,,,,,,,,,,,,,,,,,,,,,,0,0,0,0,0
47.5447,1783969899.3115,2,2,0.5000,0.5182,1.42233,-0.03161,-2.63742,1.09828,1.57085,0.11671,-0.12757,-0.48152,0.02655,,,,,,,,,,,,,,,,,,,,,,,,,,0,0,0,0,0
47.5509,1783969899.3177,2,2,0.5000,0.5581,1.42233,-0.03162,-2.63742,1.09828,1.57085,0.11671,-0.12757,-0.48152,0.02655,,,,,,,,,,,,,,,,,,,,,,,,,,0,0,0,0,0
47.5513,1783969899.3181,2,2,0.5000,0.5576,1.42233,-0.03162,-2.63742,1.09828,1.57085,0.11671,-0.12757,-0.48152,0.02655,,,,,,,,,,,,,,,,,,,,,,,,,,0,0,0,0,0
47.5848,1783969899.3515,2,2,0.5000,0.5906,1.42233,-0.03162,-2.63742,1.09828,1.57085,0.11671,-0.12757,-0.48152,0.02655,,,,,,,,,,,,,,,,,,,,,,,,,,0,0,0,0,0
47.5852,1783969899.3520,2,2,0.5000,0.5782,1.42233,-0.03162,-2.63742,1.09828,1.57085,0.11671,-0.12757,-0.48152,0.02655,,,,,,,,,,,,,,,,,,,,,,,,,,0,0,0,0,0
47.5863,1783969899.3531,2,2,0.5000,0.5882,1.42233,-0.03162,-2.63742,1.09828,1.57085,0.11671,-0.12757,-0.48152,0.02655,,,,,,,,,,,,,,,,,,,,,,,,,,0,0,0,0,0
47.5883,1783969899.3551,2,2,0.5000,0.5902,1.42233,-0.03162,-2.63742,1.09828,1.57085,0.11671,-0.12757,-0.48152,0.02655,,,,,,,,,,,,,,,,,,,,,,,,,,0,0,0,0,0
47.5886,1783969899.3554,2,2,0.5000,0.5928,1.42233,-0.03162,-2.63742,1.09828,1.57085,0.11671,-0.12757,-0.48152,0.02655,,,,,,,,,,,,,,,,,,,,,,,,,,0,0,0,0,0
47.6017,1783969899.3684,2,2,0.5000,0.5794,1.42233,-0.03162,-2.63742,1.09828,1.57085,0.11671,-0.12757,-0.48152,0.02655,,,,,,,,,,,,,,,,,,,,,,,,,,0,0,0,0,0
47.6084,1783969899.3752,2,2,0.5000,0.5671,1.42233,-0.03162,-2.63742,1.09828,1.57085,0.11671,-0.12757,-0.48152,0.02655,,,,,,,,,,,,,,,,,,,,,,,,,,0,0,0,0,0
47.6087,1783969899.3755,2,2,0.5000,0.5687,1.42233,-0.03162,-2.63742,1.09828,1.57085,0.11671,-0.12757,-0.48152,0.02655,,,,,,,,,,,,,,,,,,,,,,,,,,0,0,0,0,0
47.6221,1783969899.3888,2,2,0.5000,0.5228,1.42233,-0.03162,-2.63742,1.09828,1.57085,0.11671,-0.12757,-0.48152,0.02655,,,,,,,,,,,,,,,,,,,,,,,,,,0,0,0,0,0
47.6335,1783969899.4003,2,2,0.5000,0.5241,1.42233,-0.03162,-2.63742,1.09828,1.57085,0.11671,-0.12757,-0.48152,0.02655,,,,,,,,,,,,,,,,,,,,,,,,,,0,0,0,0,0
47.6387,1783969899.4055,2,2,0.5000,0.5330,1.42233,-0.03162,-2.63742,1.09828,1.57085,0.11671,-0.12757,-0.48152,0.02655,,,,,,,,,,,,,,,,,,,,,,,,,,0,0,0,0,0
47.6486,1783969899.4153,2,2,0.5000,0.5535,1.42233,-0.03162,-2.63742,1.09828,1.57085,0.11671,-0.12757,-0.48152,0.02655,,,,,,,,,,,,,,,,,,,,,,,,,,0,0,0,0,0
47.6583,1783969899.4251,2,2,0.5000,0.5491,1.42233,-0.03162,-2.63742,1.09828,1.57085,0.11671,-0.12757,-0.48152,0.02655,,,,,,,,,,,,,,,,,,,,,,,,,,0,0,0,0,0
47.6663,1783969899.4331,2,2,0.5000,0.5563,1.42233,-0.03162,-2.63742,1.09828,1.57085,0.11671,-0.12757,-0.48152,0.02655,,,,,,,,,,,,,,,,,,,,,,,,,,0,0,0,0,0
47.6666,1783969899.4334,2,2,0.5000,0.5598,1.42233,-0.03162,-2.63742,1.09828,1.57085,0.11671,-0.12757,-0.48152,0.02655,,,,,,,,,,,,,,,,,,,,,,,,,,0,0,0,0,0
47.6778,1783969899.4446,2,2,0.5000,0.5640,1.42233,-0.03162,-2.63742,1.09828,1.57085,0.11671,-0.12757,-0.48152,0.02655,,,,,,,,,,,,,,,,,,,,,,,,,,0,0,0,0,0
47.6782,1783969899.4450,2,2,0.5000,0.5755,1.42233,-0.03162,-2.63742,1.09828,1.57085,0.11671,-0.12757,-0.48152,0.02655,,,,,,,,,,,,,,,,,,,,,,,,,,0,0,0,0,0
47.6877,1783969899.4545,2,2,0.5000,0.5694,1.42233,-0.03162,-2.63742,1.09828,1.57085,0.11671,-0.12757,-0.48152,0.02655,,,,,,,,,,,,,,,,,,,,,,,,,,0,0,0,0,0
47.7007,1783969899.4675,2,2,0.5000,0.5681,1.42233,-0.03162,-2.63742,1.09828,1.57085,0.11671,-0.12757,-0.48152,0.02655,,,,,,,,,,,,,,,,,,,,,,,,,,0,0,0,0,0
47.7104,1783969899.4772,2,2,0.5000,0.5587,1.42233,-0.03162,-2.63742,1.09828,1.57085,0.11671,-0.12757,-0.48152,0.02655,,,,,,,,,,,,,,,,,,,,,,,,,,0,0,0,0,0
47.7224,1783969899.4892,2,2,0.5000,0.5375,1.42233,-0.03162,-2.63742,1.09828,1.57085,0.11671,-0.12757,-0.48152,0.02655,,,,,,,,,,,,,,,,,,,,,,,,,,0,0,0,0,0
47.7341,1783969899.5009,2,2,0.5000,0.5275,1.42233,-0.03162,-2.63742,1.09828,1.57085,0.11671,-0.12757,-0.48152,0.02655,,,,,,,,,,,,,,,,,,,,,,,,,,0,0,0,0,0
47.7343,1783969899.5011,2,2,0.5000,0.5260,1.42233,-0.03162,-2.63742,1.09828,1.57085,0.11671,-0.12757,-0.48152,0.02655,,,,,,,,,,,,,,,,,,,,,,,,,,0,0,0,0,0
47.7406,1783969899.5074,2,2,0.5000,0.4954,1.42233,-0.03162,-2.63742,1.09828,1.57085,0.11671,-0.12757,-0.48152,0.02655,,,,,,,,,,,,,,,,,,,,,,,,,,0,0,0,0,0
47.7465,1783969899.5133,2,2,0.5000,0.4895,1.42233,-0.03162,-2.63742,1.09828,1.57085,0.11671,-0.12757,-0.48152,0.02655,,,,,,,,,,,,,,,,,,,,,,,,,,0,0,0,0,0
47.7566,1783969899.5234,2,2,0.5000,0.5035,1.42233,-0.03162,-2.63742,1.09828,1.57085,0.11671,-0.12757,-0.48152,0.02655,,,,,,,,,,,,,,,,,,,,,,,,,,0,0,0,0,0
47.7674,1783969899.5342,2,2,0.5000,0.5075,1.42233,-0.03162,-2.63742,1.09828,1.57085,0.11671,-0.12757,-0.48152,0.02655,,,,,,,,,,,,,,,,,,,,,,,,,,0,0,0,0,0
47.7819,1783969899.5487,2,2,0.5000,0.5220,1.42233,-0.03162,-2.63742,1.09828,1.57085,0.11671,-0.12757,-0.48152,0.02655,,,,,,,,,,,,,,,,,,,,,,,,,,0,0,0,0,0
47.7865,1783969899.5533,2,2,0.5000,0.5094,1.42233,-0.03162,-2.63742,1.09828,1.57085,0.11671,-0.12757,-0.48152,0.02655,,,,,,,,,,,,,,,,,,,,,,,,,,0,0,0,0,0
47.8024,1783969899.5691,2,2,0.5000,0.5088,1.42233,-0.03162,-2.63742,1.09828,1.57085,0.11671,-0.12757,-0.48152,0.02655,,,,,,,,,,,,,,,,,,,,,,,,,,0,0,0,0,0
47.8089,1783969899.5756,2,2,0.5000,0.5252,1.42233,-0.03162,-2.63742,1.09828,1.57085,0.11671,-0.12757,-0.48152,0.02655,,,,,,,,,,,,,,,,,,,,,,,,,,0,0,0,0,0
47.8274,1783969899.5941,2,2,0.5000,0.5033,1.42233,-0.03162,-2.63742,1.09828,1.57085,0.11671,-0.12757,-0.48152,0.02655,,,,,,,,,,,,,,,,,,,,,,,,,,0,0,0,0,0
47.8385,1783969899.6053,2,2,0.5000,0.5124,1.42233,-0.03162,-2.63742,1.09828,1.57085,0.11671,-0.12757,-0.48152,0.02655,,,,,,,,,,,,,,,,,,,,,,,,,,0,0,0,0,0
47.8411,1783969899.6079,2,2,0.5000,0.5085,1.42233,-0.03162,-2.63742,1.09828,1.57085,0.11671,-0.12757,-0.48152,0.02655,,,,,,,,,,,,,,,,,,,,,,,,,,0,0,0,0,0
47.8416,1783969899.6084,2,2,0.5000,0.4884,1.42233,-0.03162,-2.63742,1.09828,1.57085,0.11671,-0.12757,-0.48152,0.02655,,,,,,,,,,,,,,,,,,,,,,,,,,0,0,0,0,0
47.8542,1783969899.6210,2,2,0.5000,0.4897,1.42233,-0.03162,-2.63742,1.09828,1.57085,0.11671,-0.12757,-0.48152,0.02655,,,,,,,,,,,,,,,,,,,,,,,,,,0,0,0,0,0
47.8584,1783969899.6251,2,2,0.5000,0.4597,1.42233,-0.03162,-2.63742,1.09828,1.57085,0.11671,-0.12757,-0.48152,0.02655,,,,,,,,,,,,,,,,,,,,,,,,,,0,0,0,0,0
47.8586,1783969899.6254,2,2,0.5000,0.4650,1.42233,-0.03162,-2.63742,1.09828,1.57085,0.11671,-0.12757,-0.48152,0.02655,,,,,,,,,,,,,,,,,,,,,,,,,,0,0,0,0,0
47.8697,1783969899.6365,2,2,0.5000,0.4523,1.42233,-0.03162,-2.63742,1.09828,1.57085,0.11671,-0.12757,-0.48152,0.02655,,,,,,,,,,,,,,,,,,,,,,,,,,0,0,0,0,0
47.8887,1783969899.6554,2,2,0.5000,0.4769,1.42233,-0.03162,-2.63742,1.09828,1.57085,0.11671,-0.12757,-0.48152,0.02655,,,,,,,,,,,,,,,,,,,,,,,,,,0,0,0,0,0
47.8942,1783969899.6610,2,2,0.5000,0.4579,1.42233,-0.03162,-2.63742,1.09828,1.57085,0.11671,-0.12757,-0.48152,0.02655,,,,,,,,,,,,,,,,,,,,,,,,,,0,0,0,0,0
47.8943,1783969899.6611,2,2,0.5000,0.4556,1.42233,-0.03162,-2.63742,1.09828,1.57085,0.11671,-0.12757,-0.48152,0.02655,,,,,,,,,,,,,,,,,,,,,,,,,,0,0,0,0,0
47.8981,1783969899.6649,2,2,0.5000,0.4591,1.42233,-0.03162,-2.63742,1.09828,1.57085,0.11671,-0.12757,-0.48152,0.02655,,,,,,,,,,,,,,,,,,,,,,,,,,0,0,0,0,0
47.8985,1783969899.6653,2,2,0.5000,0.4704,1.42233,-0.03162,-2.63742,1.09828,1.57085,0.11671,-0.12757,-0.48152,0.02655,,,,,,,,,,,,,,,,,,,,,,,,,,0,0,0,0,0
47.9081,1783969899.6749,2,2,0.5000,0.4643,1.42233,-0.03162,-2.63742,1.09828,1.57085,0.11671,-0.12757,-0.48152,0.02655,,,,,,,,,,,,,,,,,,,,,,,,,,0,0,0,0,0
47.9261,1783969899.6929,2,2,0.5000,0.4769,1.42233,-0.03162,-2.63742,1.09828,1.57085,0.11671,-0.12757,-0.48152,0.02655,,,,,,,,,,,,,,,,,,,,,,,,,,0,0,0,0,0
47.9286,1783969899.6954,2,2,0.5000,0.4862,1.42233,-0.03162,-2.63742,1.09828,1.57085,0.11671,-0.12757,-0.48152,0.02655,,,,,,,,,,,,,,,,,,,,,,,,,,0,0,0,0,0
47.9292,1783969899.6960,2,2,0.5000,0.5379,1.42233,-0.03162,-2.63742,1.09828,1.57085,0.11671,-0.12757,-0.48152,0.02655,,,,,,,,,,,,,,,,,,,,,,,,,,0,0,0,0,0
47.9407,1783969899.7075,2,2,0.5000,0.5334,1.42233,-0.03162,-2.63742,1.09828,1.57085,0.11671,-0.12757,-0.48152,0.02655,,,,,,,,,,,,,,,,,,,,,,,,,,0,0,0,0,0
47.9463,1783969899.7130,2,2,0.5000,0.5327,1.42233,-0.03162,-2.63742,1.09828,1.57085,0.11671,-0.12757,-0.48152,0.02655,,,,,,,,,,,,,,,,,,,,,,,,,,0,0,0,0,0
47.9467,1783969899.7134,2,2,0.5000,0.5243,1.42233,-0.03162,-2.63742,1.09828,1.57085,0.11671,-0.12757,-0.48152,0.02655,,,,,,,,,,,,,,,,,,,,,,,,,,0,0,0,0,0
47.9604,1783969899.7271,2,2,0.5000,0.5029,1.42233,-0.03162,-2.63742,1.09828,1.57085,0.11671,-0.12757,-0.48152,0.02655,,,,,,,,,,,,,,,,,,,,,,,,,,0,0,0,0,0
47.9741,1783969899.7409,2,2,0.5000,0.4838,1.42233,-0.03162,-2.63742,1.09828,1.57085,0.11671,-0.12757,-0.48152,0.02655,,,,,,,,,,,,,,,,,,,,,,,,,,0,0,0,0,0
47.9746,1783969899.7413,2,2,0.5000,0.4570,1.42233,-0.03162,-2.63742,1.09828,1.57085,0.11671,-0.12757,-0.48152,0.02655,,,,,,,,,,,,,,,,,,,,,,,,,,0,0,0,0,0
47.9804,1783969899.7472,2,2,0.5000,0.4437,1.42233,-0.03162,-2.63742,1.09828,1.57085,0.11671,-0.12757,-0.48152,0.02655,,,,,,,,,,,,,,,,,,,,,,,,,,0,0,0,0,0
47.9808,1783969899.7476,2,2,0.5000,0.4828,1.42233,-0.03162,-2.63742,1.09828,1.57085,0.11671,-0.12757,-0.48152,0.02655,,,,,,,,,,,,,,,,,,,,,,,,,,0,0,0,0,0
47.9861,1783969899.7529,2,2,0.5000,0.4659,1.42233,-0.03162,-2.63742,1.09828,1.57085,0.11671,-0.12757,-0.48152,0.02655,,,,,,,,,,,,,,,,,,,,,,,,,,0,0,0,0,0
47.9864,1783969899.7532,2,2,0.5000,0.4567,1.42233,-0.03162,-2.63742,1.09828,1.57085,0.11671,-0.12757,-0.48152,0.02655,,,,,,,,,,,,,,,,,,,,,,,,,,0,0,0,0,0
48.0109,1783969899.7776,2,2,0.5000,0.4627,1.42233,-0.03162,-2.63742,1.09828,1.57085,0.11671,-0.12757,-0.48152,0.02655,,,,,,,,,,,,,,,,,,,,,,,,,,0,0,0,0,0
48.0138,1783969899.7806,2,2,0.5000,0.4575,1.42233,-0.03162,-2.63742,1.09828,1.57085,0.11671,-0.12757,-0.48152,0.02655,,,,,,,,,,,,,,,,,,,,,,,,,,0,0,0,0,0
48.0192,1783969899.7860,2,2,0.5000,0.4545,1.42233,-0.03162,-2.63742,1.09828,1.57085,0.11671,-0.12757,-0.48152,0.02655,,,,,,,,,,,,,,,,,,,,,,,,,,0,0,0,0,0
48.0311,1783969899.7979,2,2,0.5000,0.4646,1.42233,-0.03162,-2.63742,1.09828,1.57085,0.11671,-0.12757,-0.48152,0.02655,,,,,,,,,,,,,,,,,,,,,,,,,,0,0,0,0,0
48.0432,1783969899.8100,2,2,0.5000,0.4512,1.42233,-0.03162,-2.63742,1.09828,1.57085,0.11671,-0.12757,-0.48152,0.02655,,,,,,,,,,,,,,,,,,,,,,,,,,0,0,0,0,0
48.0504,1783969899.8172,2,2,0.5000,0.4576,1.42233,-0.03162,-2.63742,1.09828,1.57085,0.11671,-0.12757,-0.48152,0.02655,,,,,,,,,,,,,,,,,,,,,,,,,,0,0,0,0,0
48.0509,1783969899.8176,2,2,0.5000,0.4612,1.42233,-0.03162,-2.63742,1.09828,1.57085,0.11671,-0.12757,-0.48152,0.02655,,,,,,,,,,,,,,,,,,,,,,,,,,0,0,0,0,0
48.0621,1783969899.8288,2,2,0.5000,0.4573,1.42233,-0.03162,-2.63742,1.09828,1.57085,0.11671,-0.12757,-0.48152,0.02655,,,,,,,,,,,,,,,,,,,,,,,,,,0,0,0,0,0
48.0703,1783969899.8371,2,2,0.5000,0.4578,1.42233,-0.03162,-2.63742,1.09828,1.57085,0.11671,-0.12757,-0.48152,0.02655,,,,,,,,,,,,,,,,,,,,,,,,,,0,0,0,0,0
48.0792,1783969899.8460,2,2,0.5000,0.4601,1.42233,-0.03162,-2.63742,1.09828,1.57085,0.11671,-0.12757,-0.48152,0.02655,,,,,,,,,,,,,,,,,,,,,,,,,,0,0,0,0,0
48.0876,1783969899.8543,2,2,0.5000,0.4516,1.42233,-0.03162,-2.63742,1.09828,1.57085,0.11671,-0.12757,-0.48152,0.02655,,,,,,,,,,,,,,,,,,,,,,,,,,0,0,0,0,0
48.1012,1783969899.8680,2,2,0.5000,0.4639,1.42233,-0.03162,-2.63742,1.09828,1.57085,0.11671,-0.12757,-0.48152,0.02655,,,,,,,,,,,,,,,,,,,,,,,,,,0,0,0,0,0
48.1093,1783969899.8760,2,2,0.5000,0.4608,1.42233,-0.03162,-2.63742,1.09828,1.57085,0.11671,-0.12757,-0.48152,0.02655,,,,,,,,,,,,,,,,,,,,,,,,,,0,0,0,0,0
48.1100,1783969899.8768,2,2,0.5000,0.4578,1.42233,-0.03162,-2.63742,1.09828,1.57085,0.11671,-0.12757,-0.48152,0.02655,,,,,,,,,,,,,,,,,,,,,,,,,,0,0,0,0,0
48.1185,1783969899.8853,2,2,0.5000,0.4556,1.42233,-0.03162,-2.63742,1.09828,1.57085,0.11671,-0.12757,-0.48152,0.02655,,,,,,,,,,,,,,,,,,,,,,,,,,0,0,0,0,0
48.1190,1783969899.8858,2,2,0.5000,0.4486,1.42233,-0.03162,-2.63742,1.09828,1.57085,0.11671,-0.12757,-0.48152,0.02655,,,,,,,,,,,,,,,,,,,,,,,,,,0,0,0,0,0
48.1419,1783969899.9087,2,2,0.5000,0.4343,1.42233,-0.03162,-2.63742,1.09828,1.57085,0.11671,-0.12757,-0.48152,0.02655,,,,,,,,,,,,,,,,,,,,,,,,,,0,0,0,0,0
48.1421,1783969899.9089,2,2,0.5000,0.4495,1.42233,-0.03162,-2.63742,1.09828,1.57085,0.11671,-0.12757,-0.48152,0.02655,,,,,,,,,,,,,,,,,,,,,,,,,,0,0,0,0,0
48.1424,1783969899.9091,2,2,0.5000,0.4501,1.42233,-0.03162,-2.63742,1.09828,1.57085,0.11671,-0.12757,-0.48152,0.02655,,,,,,,,,,,,,,,,,,,,,,,,,,0,0,0,0,0
48.1492,1783969899.9160,2,2,0.5000,0.4316,1.42233,-0.03162,-2.63742,1.09828,1.57085,0.11671,-0.12757,-0.48152,0.02655,,,,,,,,,,,,,,,,,,,,,,,,,,0,0,0,0,0
48.1501,1783969899.9169,2,2,0.5000,0.4231,1.42233,-0.03162,-2.63742,1.09828,1.57085,0.11671,-0.12757,-0.48152,0.02655,,,,,,,,,,,,,,,,,,,,,,,,,,0,0,0,0,0
48.1741,1783969899.9409,2,2,0.5000,0.4239,1.42233,-0.03162,-2.63742,1.09828,1.57085,0.11671,-0.12757,-0.48152,0.02655,,,,,,,,,,,,,,,,,,,,,,,,,,0,0,0,0,0
48.1744,1783969899.9412,2,2,0.5000,0.4503,1.42233,-0.03162,-2.63742,1.09828,1.57085,0.11671,-0.12757,-0.48152,0.02655,,,,,,,,,,,,,,,,,,,,,,,,,,0,0,0,0,0
48.1748,1783969899.9415,2,2,0.5000,0.4418,1.42233,-0.03162,-2.63742,1.09828,1.57085,0.11671,-0.12757,-0.48152,0.02655,,,,,,,,,,,,,,,,,,,,,,,,,,0,0,0,0,0
48.1802,1783969899.9470,2,2,0.5000,0.4575,1.42233,-0.03162,-2.63742,1.09828,1.57085,0.11671,-0.12757,-0.48152,0.02655,,,,,,,,,,,,,,,,,,,,,,,,,,0,0,0,0,0
48.1915,1783969899.9583,2,2,0.5000,0.4449,1.42233,-0.03162,-2.63742,1.09828,1.57085,0.11671,-0.12757,-0.48152,0.02655,,,,,,,,,,,,,,,,,,,,,,,,,,0,0,0,0,0
48.1987,1783969899.9655,2,2,0.5000,0.4636,1.42233,-0.03162,-2.63742,1.09828,1.57085,0.11671,-0.12757,-0.48152,0.02655,,,,,,,,,,,,,,,,,,,,,,,,,,0,0,0,0,0
48.2138,1783969899.9806,2,2,0.5000,0.4591,1.42233,-0.03162,-2.63742,1.09828,1.57085,0.11671,-0.12757,-0.48152,0.02655,,,,,,,,,,,,,,,,,,,,,,,,,,0,0,0,0,0
48.2218,1783969899.9886,2,2,0.5000,0.4617,1.42233,-0.03162,-2.63742,1.09828,1.57085,0.11671,-0.12757,-0.48152,0.02655,,,,,,,,,,,,,,,,,,,,,,,,,,0,0,0,0,0
48.2411,1783969900.0078,2,2,0.5000,0.4593,1.42233,-0.03162,-2.63742,1.09828,1.57085,0.11671,-0.12757,-0.48152,0.02655,,,,,,,,,,,,,,,,,,,,,,,,,,0,0,0,0,0
48.2490,1783969900.0158,2,2,0.5000,0.4516,1.42233,-0.03162,-2.63742,1.09828,1.57085,0.11671,-0.12757,-0.48152,0.02655,,,,,,,,,,,,,,,,,,,,,,,,,,0,0,0,0,0
48.2531,1783969900.0199,2,2,0.5000,0.4514,1.42233,-0.03162,-2.63742,1.09828,1.57085,0.11671,-0.12757,-0.48152,0.02655,,,,,,,,,,,,,,,,,,,,,,,,,,0,0,0,0,0
48.2535,1783969900.0203,2,2,0.5000,0.4289,1.42233,-0.03162,-2.63742,1.09828,1.57085,0.11671,-0.12757,-0.48152,0.02655,,,,,,,,,,,,,,,,,,,,,,,,,,0,0,0,0,0
48.2607,1783969900.0275,2,2,0.5000,0.3890,1.42233,-0.03162,-2.63742,1.09828,1.57085,0.11671,-0.12757,-0.48152,0.02655,,,,,,,,,,,,,,,,,,,,,,,,,,0,0,0,0,0
48.2731,1783969900.0399,2,2,0.5000,0.3874,1.42233,-0.03162,-2.63742,1.09828,1.57085,0.11671,-0.12757,-0.48152,0.02655,,,,,,,,,,,,,,,,,,,,,,,,,,0,0,0,0,0
48.2827,1783969900.0495,2,2,0.5000,0.4102,1.42233,-0.03162,-2.63742,1.09828,1.57085,0.11671,-0.12757,-0.48152,0.02655,,,,,,,,,,,,,,,,,,,,,,,,,,0,0,0,0,0
48.3041,1783969900.0708,2,2,0.5000,0.3990,1.42233,-0.03162,-2.63742,1.09828,1.57085,0.11671,-0.12757,-0.48152,0.02655,,,,,,,,,,,,,,,,,,,,,,,,,,0,0,0,0,0
48.3843,1783969900.1511,2,2,0.5000,0.4131,1.42233,-0.03162,-2.63742,1.09828,1.57085,0.11671,-0.12757,-0.48152,0.02655,,,,,,,,,,,,,,,,,,,,,,,,,,0,0,0,0,0
48.3847,1783969900.1515,2,2,0.5000,0.4219,1.42233,-0.03162,-2.63742,1.09828,1.57085,0.11671,-0.12757,-0.48152,0.02655,,,,,,,,,,,,,,,,,,,,,,,,,,0,0,0,0,0
48.4223,1783969900.1891,2,2,0.5000,0.4493,1.42233,-0.03162,-2.63742,1.09828,1.57085,0.11671,-0.12757,-0.48152,0.02655,,,,,,,,,,,,,,,,,,,,,,,,,,0,0,0,0,0
48.7019,1783969900.4687,2,2,0.5000,0.4509,1.42233,-0.03161,-2.63742,1.09828,1.57085,0.11671,-0.12757,-0.48152,0.02655,,,,,,,,,,,,,,,,,,,,,,,,,,0,0,0,0,0
48.7103,1783969900.4770,2,2,0.5000,0.4776,1.42233,-0.03161,-2.63742,1.09828,1.57085,0.11671,-0.12757,-0.48152,0.02655,,,,,,,,,,,,,,,,,,,,,,,,,,0,0,0,0,0
48.7106,1783969900.4774,2,2,0.5000,0.4809,1.42233,-0.03161,-2.63742,1.09828,1.57085,0.11671,-0.12757,-0.48152,0.02655,,,,,,,,,,,,,,,,,,,,,,,,,,0,0,0,0,0
48.7499,1783969900.5167,2,2,0.5000,0.4543,1.42233,-0.03161,-2.63742,1.09828,1.57085,0.11671,-0.12757,-0.48152,0.02655,,,,,,,,,,,,,,,,,,,,,,,,,,0,0,0,0,0
48.8047,1783969900.5714,2,2,0.5000,0.4581,1.42233,-0.03161,-2.63742,1.09828,1.57085,0.11671,-0.12757,-0.48152,0.02655,,,,,,,,,,,,,,,,,,,,,,,,,,0,0,0,0,0
48.8106,1783969900.5773,2,2,0.5000,0.4511,1.42233,-0.03161,-2.63742,1.09828,1.57085,0.11671,-0.12757,-0.48152,0.02655,,,,,,,,,,,,,,,,,,,,,,,,,,0,0,0,0,0
48.8202,1783969900.5870,2,2,0.5000,0.4419,1.42233,-0.03161,-2.63742,1.09828,1.57085,0.11671,-0.12757,-0.48152,0.02655,,,,,,,,,,,,,,,,,,,,,,,,,,0,0,0,0,0
48.8299,1783969900.5966,2,2,0.5000,0.4431,1.42233,-0.03161,-2.63742,1.09828,1.57085,0.11671,-0.12757,-0.48152,0.02655,,,,,,,,,,,,,,,,,,,,,,,,,,0,0,0,0,0
48.8305,1783969900.5973,2,2,0.5000,0.4431,1.42233,-0.03161,-2.63742,1.09828,1.57085,0.11671,-0.12757,-0.48152,0.02655,,,,,,,,,,,,,,,,,,,,,,,,,,0,0,0,0,0
48.8308,1783969900.5976,2,2,0.5000,0.4186,1.42233,-0.03161,-2.63742,1.09828,1.57085,0.11671,-0.12757,-0.48152,0.02655,,,,,,,,,,,,,,,,,,,,,,,,,,0,0,0,0,0
48.8324,1783969900.5992,2,2,0.5000,0.4274,1.42233,-0.03161,-2.63742,1.09828,1.57085,0.11671,-0.12757,-0.48152,0.02655,,,,,,,,,,,,,,,,,,,,,,,,,,0,0,0,0,0
48.8327,1783969900.5995,2,2,0.5000,0.4227,1.42233,-0.03161,-2.63742,1.09828,1.57085,0.11671,-0.12757,-0.48152,0.02655,,,,,,,,,,,,,,,,,,,,,,,,,,0,0,0,0,0
48.8339,1783969900.6006,2,2,0.5000,0.4084,1.42233,-0.03161,-2.63742,1.09828,1.57085,0.11671,-0.12757,-0.48152,0.02655,,,,,,,,,,,,,,,,,,,,,,,,,,0,0,0,0,0
48.8343,1783969900.6011,2,2,0.5000,0.4034,1.42233,-0.03161,-2.63742,1.09828,1.57085,0.11671,-0.12757,-0.48152,0.02655,,,,,,,,,,,,,,,,,,,,,,,,,,0,0,0,0,0
48.8347,1783969900.6015,2,2,0.5000,0.4163,1.42233,-0.03161,-2.63742,1.09828,1.57085,0.11671,-0.12757,-0.48152,0.02655,,,,,,,,,,,,,,,,,,,,,,,,,,0,0,0,0,0
48.8351,1783969900.6019,2,2,0.5000,0.4190,1.42233,-0.03161,-2.63742,1.09828,1.57085,0.11671,-0.12757,-0.48152,0.02655,,,,,,,,,,,,,,,,,,,,,,,,,,0,0,0,0,0
48.8372,1783969900.6039,2,2,0.5000,0.4205,1.42233,-0.03161,-2.63742,1.09828,1.57085,0.11671,-0.12757,-0.48152,0.02655,,,,,,,,,,,,,,,,,,,,,,,,,,0,0,0,0,0
48.8379,1783969900.6046,2,2,0.5000,0.4428,1.42233,-0.03161,-2.63742,1.09828,1.57085,0.11671,-0.12757,-0.48152,0.02655,,,,,,,,,,,,,,,,,,,,,,,,,,0,0,0,0,0
48.8381,1783969900.6048,2,2,0.5000,0.4404,1.42233,-0.03161,-2.63742,1.09828,1.57085,0.11671,-0.12757,-0.48152,0.02655,,,,,,,,,,,,,,,,,,,,,,,,,,0,0,0,0,0
48.8420,1783969900.6087,2,2,0.5000,0.4547,1.42233,-0.03161,-2.63742,1.09828,1.57085,0.11671,-0.12757,-0.48152,0.02655,,,,,,,,,,,,,,,,,,,,,,,,,,0,0,0,0,0
48.8422,1783969900.6090,2,2,0.5000,0.4422,1.42233,-0.03161,-2.63742,1.09828,1.57085,0.11671,-0.12757,-0.48152,0.02655,,,,,,,,,,,,,,,,,,,,,,,,,,0,0,0,0,0
48.8504,1783969900.6172,2,2,0.5000,0.4364,1.42233,-0.03161,-2.63742,1.09828,1.57085,0.11671,-0.12757,-0.48152,0.02655,,,,,,,,,,,,,,,,,,,,,,,,,,0,0,0,0,0
48.8508,1783969900.6175,2,2,0.5000,0.4505,1.42233,-0.03161,-2.63742,1.09828,1.57085,0.11671,-0.12757,-0.48152,0.02655,,,,,,,,,,,,,,,,,,,,,,,,,,0,0,0,0,0
48.8620,1783969900.6287,2,2,0.5000,0.4330,1.42233,-0.03161,-2.63742,1.09828,1.57085,0.11671,-0.12757,-0.48152,0.02655,,,,,,,,,,,,,,,,,,,,,,,,,,0,0,0,0,0
48.8664,1783969900.6332,2,2,0.5000,0.4290,1.42233,-0.03161,-2.63742,1.09828,1.57085,0.11671,-0.12757,-0.48152,0.02655,,,,,,,,,,,,,,,,,,,,,,,,,,0,0,0,0,0
48.8669,1783969900.6337,2,2,0.5000,0.4219,1.42233,-0.03161,-2.63742,1.09828,1.57085,0.11671,-0.12757,-0.48152,0.02655,,,,,,,,,,,,,,,,,,,,,,,,,,0,0,0,0,0
48.8673,1783969900.6340,2,2,0.5000,0.4085,1.42233,-0.03161,-2.63742,1.09828,1.57085,0.11671,-0.12757,-0.48152,0.02655,,,,,,,,,,,,,,,,,,,,,,,,,,0,0,0,0,0
48.8676,1783969900.6344,2,2,0.5000,0.4069,1.42233,-0.03161,-2.63742,1.09828,1.57085,0.11671,-0.12757,-0.48152,0.02655,,,,,,,,,,,,,,,,,,,,,,,,,,0,0,0,0,0
48.8686,1783969900.6354,2,2,0.5000,0.4112,1.42233,-0.03161,-2.63742,1.09828,1.57085,0.11671,-0.12757,-0.48152,0.02655,,,,,,,,,,,,,,,,,,,,,,,,,,0,0,0,0,0
48.8689,1783969900.6357,2,2,0.5000,0.3957,1.42233,-0.03161,-2.63742,1.09828,1.57085,0.11671,-0.12757,-0.48152,0.02655,,,,,,,,,,,,,,,,,,,,,,,,,,0,0,0,0,0
48.8708,1783969900.6375,2,2,0.5000,0.3961,1.42233,-0.03161,-2.63742,1.09828,1.57085,0.11671,-0.12757,-0.48152,0.02655,,,,,,,,,,,,,,,,,,,,,,,,,,0,0,0,0,0
48.8779,1783969900.6447,2,2,0.5000,0.3909,1.42233,-0.03161,-2.63742,1.09828,1.57085,0.11671,-0.12757,-0.48152,0.02655,,,,,,,,,,,,,,,,,,,,,,,,,,0,0,0,0,0
48.8805,1783969900.6473,2,2,0.5000,0.4160,1.42233,-0.03161,-2.63742,1.09828,1.57085,0.11671,-0.12757,-0.48152,0.02655,,,,,,,,,,,,,,,,,,,,,,,,,,0,0,0,0,0
48.8939,1783969900.6607,2,2,0.5000,0.4270,1.42233,-0.03161,-2.63742,1.09828,1.57085,0.11671,-0.12757,-0.48152,0.02655,,,,,,,,,,,,,,,,,,,,,,,,,,0,0,0,0,0
48.8946,1783969900.6613,2,2,0.5000,0.4180,1.42233,-0.03161,-2.63742,1.09828,1.57085,0.11671,-0.12757,-0.48152,0.02655,,,,,,,,,,,,,,,,,,,,,,,,,,0,0,0,0,0
48.8948,1783969900.6616,2,2,0.5000,0.4140,1.42233,-0.03161,-2.63742,1.09828,1.57085,0.11671,-0.12757,-0.48152,0.02655,,,,,,,,,,,,,,,,,,,,,,,,,,0,0,0,0,0
48.8971,1783969900.6639,2,2,0.5000,0.4122,1.42233,-0.03161,-2.63742,1.09828,1.57085,0.11671,-0.12757,-0.48152,0.02655,,,,,,,,,,,,,,,,,,,,,,,,,,0,0,0,0,0
48.8977,1783969900.6645,2,2,0.5000,0.4452,1.42233,-0.03161,-2.63742,1.09828,1.57085,0.11671,-0.12757,-0.48152,0.02655,,,,,,,,,,,,,,,,,,,,,,,,,,0,0,0,0,0
48.9013,1783969900.6680,2,2,0.5000,0.4323,1.42233,-0.03161,-2.63742,1.09828,1.57085,0.11671,-0.12757,-0.48152,0.02655,,,,,,,,,,,,,,,,,,,,,,,,,,0,0,0,0,0
48.9116,1783969900.6784,2,2,0.5000,0.4409,1.42233,-0.03161,-2.63742,1.09828,1.57085,0.11671,-0.12757,-0.48152,0.02655,,,,,,,,,,,,,,,,,,,,,,,,,,0,0,0,0,0
48.9149,1783969900.6816,2,2,0.5000,0.4352,1.42233,-0.03161,-2.63742,1.09828,1.57085,0.11671,-0.12757,-0.48152,0.02655,,,,,,,,,,,,,,,,,,,,,,,,,,0,0,0,0,0
48.9151,1783969900.6819,2,2,0.5000,0.4379,1.42233,-0.03161,-2.63742,1.09828,1.57085,0.11671,-0.12757,-0.48152,0.02655,,,,,,,,,,,,,,,,,,,,,,,,,,0,0,0,0,0
48.9173,1783969900.6841,2,2,0.5000,0.4464,1.42233,-0.03161,-2.63742,1.09828,1.57085,0.11671,-0.12757,-0.48152,0.02655,,,,,,,,,,,,,,,,,,,,,,,,,,0,0,0,0,0
48.9180,1783969900.6847,2,2,0.5000,0.3753,1.42233,-0.03161,-2.63742,1.09828,1.57085,0.11671,-0.12757,-0.48152,0.02655,,,,,,,,,,,,,,,,,,,,,,,,,,0,0,0,0,0
48.9184,1783969900.6852,2,2,0.5000,0.3769,1.42233,-0.03161,-2.63742,1.09828,1.57085,0.11671,-0.12757,-0.48152,0.02655,,,,,,,,,,,,,,,,,,,,,,,,,,0,0,0,0,0
48.9244,1783969900.6911,2,2,0.5000,0.3733,1.42233,-0.03161,-2.63742,1.09828,1.57085,0.11671,-0.12757,-0.48152,0.02655,,,,,,,,,,,,,,,,,,,,,,,,,,0,0,0,0,0
48.9247,1783969900.6915,2,2,0.5000,0.3814,1.42233,-0.03161,-2.63742,1.09828,1.57085,0.11671,-0.12757,-0.48152,0.02655,,,,,,,,,,,,,,,,,,,,,,,,,,0,0,0,0,0
48.9314,1783969900.6982,2,2,0.5000,0.3980,1.42233,-0.03161,-2.63742,1.09828,1.57085,0.11671,-0.12757,-0.48152,0.02655,,,,,,,,,,,,,,,,,,,,,,,,,,0,0,0,0,0
48.9361,1783969900.7028,2,2,0.5000,0.4084,1.42233,-0.03161,-2.63742,1.09828,1.57085,0.11671,-0.12757,-0.48152,0.02655,,,,,,,,,,,,,,,,,,,,,,,,,,0,0,0,0,0
48.9365,1783969900.7033,2,2,0.5000,0.4587,1.42233,-0.03161,-2.63742,1.09828,1.57085,0.11671,-0.12757,-0.48152,0.02655,,,,,,,,,,,,,,,,,,,,,,,,,,0,0,0,0,0
48.9398,1783969900.7065,2,2,0.5000,0.4871,1.42233,-0.03161,-2.63742,1.09828,1.57085,0.11671,-0.12757,-0.48152,0.02655,,,,,,,,,,,,,,,,,,,,,,,,,,0,0,0,0,0
48.9403,1783969900.7071,2,2,0.5000,0.4862,1.42233,-0.03161,-2.63742,1.09828,1.57085,0.11671,-0.12757,-0.48152,0.02655,,,,,,,,,,,,,,,,,,,,,,,,,,0,0,0,0,0
48.9406,1783969900.7074,2,2,0.5000,0.4845,1.42233,-0.03161,-2.63742,1.09828,1.57085,0.11671,-0.12757,-0.48152,0.02655,,,,,,,,,,,,,,,,,,,,,,,,,,0,0,0,0,0
48.9527,1783969900.7195,2,2,0.5000,0.5194,1.42233,-0.03161,-2.63742,1.09828,1.57085,0.11671,-0.12757,-0.48152,0.02655,,,,,,,,,,,,,,,,,,,,,,,,,,0,0,0,0,0
48.9555,1783969900.7222,2,2,0.5000,0.4957,1.42233,-0.03161,-2.63742,1.09828,1.57085,0.11671,-0.12757,-0.48152,0.02655,,,,,,,,,,,,,,,,,,,,,,,,,,0,0,0,0,0
48.9558,1783969900.7226,2,2,0.5000,0.4587,1.42233,-0.03161,-2.63742,1.09828,1.57085,0.11671,-0.12757,-0.48152,0.02655,,,,,,,,,,,,,,,,,,,,,,,,,,0,0,0,0,0
48.9562,1783969900.7230,2,2,0.5000,0.4561,1.42233,-0.03161,-2.63742,1.09828,1.57085,0.11671,-0.12757,-0.48152,0.02655,,,,,,,,,,,,,,,,,,,,,,,,,,0,0,0,0,0
48.9565,1783969900.7233,2,2,0.5000,0.4494,1.42233,-0.03161,-2.63742,1.09828,1.57085,0.11671,-0.12757,-0.48152,0.02655,,,,,,,,,,,,,,,,,,,,,,,,,,0,0,0,0,0
48.9568,1783969900.7236,2,2,0.5000,0.4489,1.42233,-0.03161,-2.63742,1.09828,1.57085,0.11671,-0.12757,-0.48152,0.02655,,,,,,,,,,,,,,,,,,,,,,,,,,0,0,0,0,0
48.9571,1783969900.7239,2,2,0.5000,0.4634,1.42233,-0.03161,-2.63742,1.09828,1.57085,0.11671,-0.12757,-0.48152,0.02655,,,,,,,,,,,,,,,,,,,,,,,,,,0,0,0,0,0
48.9576,1783969900.7244,2,2,0.5000,0.4472,1.42233,-0.03161,-2.63742,1.09828,1.57085,0.11671,-0.12757,-0.48152,0.02655,,,,,,,,,,,,,,,,,,,,,,,,,,0,0,0,0,0
48.9579,1783969900.7247,2,2,0.5000,0.4482,1.42233,-0.03161,-2.63742,1.09828,1.57085,0.11671,-0.12757,-0.48152,0.02655,,,,,,,,,,,,,,,,,,,,,,,,,,0,0,0,0,0
48.9655,1783969900.7323,2,2,0.5000,0.4189,1.42233,-0.03161,-2.63742,1.09828,1.57085,0.11671,-0.12757,-0.48152,0.02655,,,,,,,,,,,,,,,,,,,,,,,,,,0,0,0,0,0
48.9672,1783969900.7340,2,2,0.5000,0.4341,1.42233,-0.03161,-2.63742,1.09828,1.57085,0.11671,-0.12757,-0.48152,0.02655,,,,,,,,,,,,,,,,,,,,,,,,,,0,0,0,0,0
48.9674,1783969900.7342,2,2,0.5000,0.4638,1.42233,-0.03161,-2.63742,1.09828,1.57085,0.11671,-0.12757,-0.48152,0.02655,,,,,,,,,,,,,,,,,,,,,,,,,,0,0,0,0,0
48.9677,1783969900.7345,2,2,0.5000,0.5106,1.42233,-0.03161,-2.63742,1.09828,1.57085,0.11671,-0.12757,-0.48152,0.02655,,,,,,,,,,,,,,,,,,,,,,,,,,0,0,0,0,0
48.9680,1783969900.7347,2,2,0.5000,0.4902,1.42233,-0.03161,-2.63742,1.09828,1.57085,0.11671,-0.12757,-0.48152,0.02655,,,,,,,,,,,,,,,,,,,,,,,,,,0,0,0,0,0
48.9690,1783969900.7358,2,2,0.5000,0.5088,1.42233,-0.03161,-2.63742,1.09828,1.57085,0.11671,-0.12757,-0.48152,0.02655,,,,,,,,,,,,,,,,,,,,,,,,,,0,0,0,0,0
48.9798,1783969900.7466,2,2,0.5000,0.5128,1.42233,-0.03161,-2.63742,1.09828,1.57085,0.11671,-0.12757,-0.48152,0.02655,,,,,,,,,,,,,,,,,,,,,,,,,,0,0,0,0,0
48.9899,1783969900.7567,2,2,0.5000,0.5083,1.42233,-0.03162,-2.63742,1.09828,1.57085,0.11671,-0.12757,-0.48152,0.02655,,,,,,,,,,,,,,,,,,,,,,,,,,0,0,0,0,0
48.9903,1783969900.7570,2,2,0.5000,0.5120,1.42233,-0.03162,-2.63742,1.09828,1.57085,0.11671,-0.12757,-0.48152,0.02655,,,,,,,,,,,,,,,,,,,,,,,,,,0,0,0,0,0
49.0017,1783969900.7685,2,2,0.5000,0.5091,1.42233,-0.03162,-2.63742,1.09828,1.57085,0.11671,-0.12757,-0.48152,0.02655,,,,,,,,,,,,,,,,,,,,,,,,,,0,0,0,0,0
49.0131,1783969900.7799,2,2,0.5000,0.5266,1.42233,-0.03162,-2.63742,1.09828,1.57085,0.11671,-0.12757,-0.48152,0.02655,,,,,,,,,,,,,,,,,,,,,,,,,,0,0,0,0,0
49.0219,1783969900.7887,2,2,0.5000,0.5331,1.42233,-0.03162,-2.63742,1.09828,1.57085,0.11671,-0.12757,-0.48152,0.02655,,,,,,,,,,,,,,,,,,,,,,,,,,0,0,0,0,0
49.0223,1783969900.7891,2,2,0.5000,0.5293,1.42233,-0.03162,-2.63742,1.09828,1.57085,0.11671,-0.12757,-0.48152,0.02655,,,,,,,,,,,,,,,,,,,,,,,,,,0,0,0,0,0
49.0340,1783969900.8008,2,2,0.5000,0.5410,1.42233,-0.03162,-2.63742,1.09828,1.57085,0.11671,-0.12757,-0.48152,0.02655,,,,,,,,,,,,,,,,,,,,,,,,,,0,0,0,0,0
49.0344,1783969900.8011,2,2,0.5000,0.5444,1.42233,-0.03162,-2.63742,1.09828,1.57085,0.11671,-0.12757,-0.48152,0.02655,,,,,,,,,,,,,,,,,,,,,,,,,,0,0,0,0,0
49.0393,1783969900.8061,2,2,0.5000,0.5479,1.42233,-0.03162,-2.63742,1.09828,1.57085,0.11671,-0.12757,-0.48152,0.02655,,,,,,,,,,,,,,,,,,,,,,,,,,0,0,0,0,0
49.0398,1783969900.8066,2,2,0.5000,0.5569,1.42233,-0.03162,-2.63742,1.09828,1.57085,0.11671,-0.12757,-0.48152,0.02655,,,,,,,,,,,,,,,,,,,,,,,,,,0,0,0,0,0
49.0548,1783969900.8215,2,2,0.5000,0.5785,1.42233,-0.03162,-2.63742,1.09828,1.57085,0.11671,-0.12757,-0.48152,0.02655,,,,,,,,,,,,,,,,,,,,,,,,,,0,0,0,0,0
49.0763,1783969900.8431,2,2,0.5000,0.5812,1.42233,-0.03162,-2.63742,1.09828,1.57085,0.11671,-0.12757,-0.48152,0.02655,,,,,,,,,,,,,,,,,,,,,,,,,,0,0,0,0,0
49.0766,1783969900.8434,2,2,0.5000,0.5905,1.42233,-0.03162,-2.63742,1.09828,1.57085,0.11671,-0.12757,-0.48152,0.02655,,,,,,,,,,,,,,,,,,,,,,,,,,0,0,0,0,0
49.0836,1783969900.8503,2,2,0.5000,0.6002,1.42233,-0.03162,-2.63742,1.09828,1.57085,0.11671,-0.12757,-0.48152,0.02655,,,,,,,,,,,,,,,,,,,,,,,,,,0,0,0,0,0
49.0839,1783969900.8507,2,2,0.5000,0.6009,1.42233,-0.03162,-2.63742,1.09828,1.57085,0.11671,-0.12757,-0.48152,0.02655,,,,,,,,,,,,,,,,,,,,,,,,,,0,0,0,0,0
49.0991,1783969900.8659,2,2,0.5000,0.5906,1.42233,-0.03162,-2.63742,1.09828,1.57085,0.11671,-0.12757,-0.48152,0.02655,,,,,,,,,,,,,,,,,,,,,,,,,,0,0,0,0,0
49.1005,1783969900.8673,2,2,0.5000,0.6080,1.42233,-0.03162,-2.63742,1.09828,1.57085,0.11671,-0.12757,-0.48152,0.02655,,,,,,,,,,,,,,,,,,,,,,,,,,0,0,0,0,0
49.1007,1783969900.8675,2,2,0.5000,0.6167,1.42233,-0.03162,-2.63742,1.09828,1.57085,0.11671,-0.12757,-0.48152,0.02655,,,,,,,,,,,,,,,,,,,,,,,,,,0,0,0,0,0
49.1124,1783969900.8791,2,2,0.5000,0.6060,1.42233,-0.03162,-2.63742,1.09828,1.57085,0.11671,-0.12757,-0.48152,0.02655,,,,,,,,,,,,,,,,,,,,,,,,,,0,0,0,0,0
49.1192,1783969900.8860,2,2,0.5000,0.5783,1.42233,-0.03162,-2.63742,1.09828,1.57085,0.11671,-0.12757,-0.48152,0.02655,,,,,,,,,,,,,,,,,,,,,,,,,,0,0,0,0,0
49.1362,1783969900.9030,2,2,0.5000,0.5769,1.42233,-0.03162,-2.63742,1.09828,1.57085,0.11671,-0.12757,-0.48152,0.02655,,,,,,,,,,,,,,,,,,,,,,,,,,0,0,0,0,0
49.1366,1783969900.9033,2,2,0.5000,0.5745,1.42233,-0.03162,-2.63742,1.09828,1.57085,0.11671,-0.12757,-0.48152,0.02655,,,,,,,,,,,,,,,,,,,,,,,,,,0,0,0,0,0
49.1415,1783969900.9082,2,2,0.5000,0.5368,1.42233,-0.03162,-2.63742,1.09828,1.57085,0.11671,-0.12757,-0.48152,0.02655,,,,,,,,,,,,,,,,,,,,,,,,,,0,0,0,0,0
49.1501,1783969900.9168,2,2,0.5000,0.5481,1.42233,-0.03162,-2.63742,1.09828,1.57085,0.11671,-0.12757,-0.48152,0.02655,,,,,,,,,,,,,,,,,,,,,,,,,,0,0,0,0,0
49.1671,1783969900.9339,2,2,0.5000,0.5746,1.42233,-0.03162,-2.63742,1.09828,1.57085,0.11671,-0.12757,-0.48152,0.02655,,,,,,,,,,,,,,,,,,,,,,,,,,0,0,0,0,0
49.1716,1783969900.9383,2,2,0.5000,0.5704,1.42233,-0.03162,-2.63742,1.09828,1.57085,0.11671,-0.12757,-0.48152,0.02655,,,,,,,,,,,,,,,,,,,,,,,,,,0,0,0,0,0
49.1795,1783969900.9463,2,2,0.5000,0.5896,1.42233,-0.03162,-2.63742,1.09828,1.57085,0.11671,-0.12757,-0.48152,0.02655,,,,,,,,,,,,,,,,,,,,,,,,,,0,0,0,0,0
49.1950,1783969900.9618,2,2,0.5000,0.6064,1.42233,-0.03162,-2.63742,1.09828,1.57085,0.11671,-0.12757,-0.48152,0.02655,,,,,,,,,,,,,,,,,,,,,,,,,,0,0,0,0,0
49.2047,1783969900.9715,2,2,0.5000,0.5971,1.42233,-0.03162,-2.63742,1.09828,1.57085,0.11671,-0.12757,-0.48152,0.02655,,,,,,,,,,,,,,,,,,,,,,,,,,0,0,0,0,0
49.2453,1783969901.0120,2,2,0.5000,0.5928,1.42233,-0.03162,-2.63742,1.09828,1.57085,0.11671,-0.12757,-0.48152,0.02655,,,,,,,,,,,,,,,,,,,,,,,,,,0,0,0,0,0
49.2459,1783969901.0127,2,2,0.5000,0.5945,1.42233,-0.03162,-2.63742,1.09828,1.57085,0.11671,-0.12757,-0.48152,0.02655,,,,,,,,,,,,,,,,,,,,,,,,,,0,0,0,0,0
49.2462,1783969901.0129,2,2,0.5000,0.5926,1.42233,-0.03162,-2.63742,1.09828,1.57085,0.11671,-0.12757,-0.48152,0.02655,,,,,,,,,,,,,,,,,,,,,,,,,,0,0,0,0,0
49.2753,1783969901.0421,2,2,0.5000,0.6291,1.42233,-0.03162,-2.63742,1.09828,1.57085,0.11671,-0.12757,-0.48152,0.02655,,,,,,,,,,,,,,,,,,,,,,,,,,0,0,0,0,0
49.2764,1783969901.0432,2,2,0.5000,0.6452,1.42233,-0.03162,-2.63742,1.09828,1.57085,0.11671,-0.12757,-0.48152,0.02655,,,,,,,,,,,,,,,,,,,,,,,,,,0,0,0,0,0
49.3120,1783969901.0787,2,2,0.5000,0.6436,1.42233,-0.03162,-2.63742,1.09828,1.57085,0.11671,-0.12757,-0.48152,0.02655,,,,,,,,,,,,,,,,,,,,,,,,,,0,0,0,0,0
49.3123,1783969901.0790,2,2,0.5000,0.6320,1.42233,-0.03162,-2.63742,1.09828,1.57085,0.11671,-0.12757,-0.48152,0.02655,,,,,,,,,,,,,,,,,,,,,,,,,,0,0,0,0,0
49.3207,1783969901.0875,2,2,0.5000,0.6165,1.42233,-0.03162,-2.63742,1.09828,1.57085,0.11671,-0.12757,-0.48152,0.02655,,,,,,,,,,,,,,,,,,,,,,,,,,0,0,0,0,0
49.3210,1783969901.0878,2,2,0.5000,0.6150,1.42233,-0.03162,-2.63742,1.09828,1.57085,0.11671,-0.12757,-0.48152,0.02655,,,,,,,,,,,,,,,,,,,,,,,,,,0,0,0,0,0
49.3225,1783969901.0893,2,2,0.5000,0.5810,1.42233,-0.03162,-2.63742,1.09828,1.57085,0.11671,-0.12757,-0.48152,0.02655,,,,,,,,,,,,,,,,,,,,,,,,,,0,0,0,0,0
49.3229,1783969901.0897,2,2,0.5000,0.5758,1.42233,-0.03162,-2.63742,1.09828,1.57085,0.11671,-0.12757,-0.48152,0.02655,,,,,,,,,,,,,,,,,,,,,,,,,,0,0,0,0,0
49.3239,1783969901.0906,2,2,0.5000,0.5755,1.42233,-0.03162,-2.63742,1.09828,1.57085,0.11671,-0.12757,-0.48152,0.02655,,,,,,,,,,,,,,,,,,,,,,,,,,0,0,0,0,0
49.3252,1783969901.0920,2,2,0.5000,0.5524,1.42233,-0.03162,-2.63742,1.09828,1.57085,0.11671,-0.12757,-0.48152,0.02655,,,,,,,,,,,,,,,,,,,,,,,,,,0,0,0,0,0
49.3259,1783969901.0927,2,2,0.5000,0.5632,1.42233,-0.03162,-2.63742,1.09828,1.57085,0.11671,-0.12757,-0.48152,0.02655,,,,,,,,,,,,,,,,,,,,,,,,,,0,0,0,0,0
49.3266,1783969901.0934,2,2,0.5000,0.5756,1.42233,-0.03162,-2.63742,1.09828,1.57085,0.11671,-0.12757,-0.48152,0.02655,,,,,,,,,,,,,,,,,,,,,,,,,,0,0,0,0,0
49.3270,1783969901.0937,2,2,0.5000,0.5768,1.42233,-0.03162,-2.63742,1.09828,1.57085,0.11671,-0.12757,-0.48152,0.02655,,,,,,,,,,,,,,,,,,,,,,,,,,0,0,0,0,0
49.3317,1783969901.0985,2,2,0.5000,0.5827,1.42233,-0.03162,-2.63742,1.09828,1.57085,0.11671,-0.12757,-0.48152,0.02655,,,,,,,,,,,,,,,,,,,,,,,,,,0,0,0,0,0
49.3319,1783969901.0987,2,2,0.5000,0.5914,1.42233,-0.03162,-2.63742,1.09828,1.57085,0.11671,-0.12757,-0.48152,0.02655,,,,,,,,,,,,,,,,,,,,,,,,,,0,0,0,0,0
49.3430,1783969901.1098,2,2,0.5000,0.5869,1.42233,-0.03162,-2.63742,1.09828,1.57085,0.11671,-0.12757,-0.48152,0.02655,,,,,,,,,,,,,,,,,,,,,,,,,,0,0,0,0,0
49.3433,1783969901.1100,2,2,0.5000,0.5864,1.42233,-0.03162,-2.63742,1.09828,1.57085,0.11671,-0.12757,-0.48152,0.02655,,,,,,,,,,,,,,,,,,,,,,,,,,0,0,0,0,0
49.3454,1783969901.1122,2,2,0.5000,0.5781,1.42233,-0.03162,-2.63742,1.09828,1.57085,0.11671,-0.12757,-0.48152,0.02655,,,,,,,,,,,,,,,,,,,,,,,,,,0,0,0,0,0
49.3460,1783969901.1127,2,2,0.5000,0.5854,1.42233,-0.03162,-2.63742,1.09828,1.57085,0.11671,-0.12757,-0.48152,0.02655,,,,,,,,,,,,,,,,,,,,,,,,,,0,0,0,0,0
49.3501,1783969901.1168,2,2,0.5000,0.5834,1.42233,-0.03162,-2.63742,1.09828,1.57085,0.11671,-0.12757,-0.48152,0.02655,,,,,,,,,,,,,,,,,,,,,,,,,,0,0,0,0,0
49.3713,1783969901.1381,2,2,0.5000,0.6018,1.42233,-0.03162,-2.63742,1.09828,1.57085,0.11671,-0.12757,-0.48152,0.02655,,,,,,,,,,,,,,,,,,,,,,,,,,0,0,0,0,0
49.3807,1783969901.1475,2,2,0.5000,0.6029,1.42233,-0.03162,-2.63742,1.09828,1.57085,0.11671,-0.12757,-0.48152,0.02655,,,,,,,,,,,,,,,,,,,,,,,,,,0,0,0,0,0
49.3809,1783969901.1477,2,2,0.5000,0.6008,1.42233,-0.03162,-2.63742,1.09828,1.57085,0.11671,-0.12757,-0.48152,0.02655,,,,,,,,,,,,,,,,,,,,,,,,,,0,0,0,0,0
49.3813,1783969901.1481,2,2,0.5000,0.5962,1.42233,-0.03162,-2.63742,1.09828,1.57085,0.11671,-0.12757,-0.48152,0.02655,,,,,,,,,,,,,,,,,,,,,,,,,,0,0,0,0,0
49.3816,1783969901.1484,2,2,0.5000,0.5935,1.42233,-0.03162,-2.63742,1.09828,1.57085,0.11671,-0.12757,-0.48152,0.02655,,,,,,,,,,,,,,,,,,,,,,,,,,0,0,0,0,0
49.4031,1783969901.1699,2,2,0.5000,0.5746,1.42233,-0.03162,-2.63742,1.09828,1.57085,0.11671,-0.12757,-0.48152,0.02655,,,,,,,,,,,,,,,,,,,,,,,,,,0,0,0,0,0
49.4036,1783969901.1704,2,2,0.5000,0.5754,1.42233,-0.03162,-2.63742,1.09828,1.57085,0.11671,-0.12757,-0.48152,0.02655,,,,,,,,,,,,,,,,,,,,,,,,,,0,0,0,0,0
49.4050,1783969901.1718,2,2,0.5000,0.5639,1.42233,-0.03162,-2.63742,1.09828,1.57085,0.11671,-0.12757,-0.48152,0.02655,,,,,,,,,,,,,,,,,,,,,,,,,,0,0,0,0,0
49.4093,1783969901.1761,2,2,0.5000,0.5480,1.42233,-0.03162,-2.63742,1.09828,1.57085,0.11671,-0.12757,-0.48152,0.02655,,,,,,,,,,,,,,,,,,,,,,,,,,0,0,0,0,0
49.4099,1783969901.1767,2,2,0.5000,0.5470,1.42233,-0.03162,-2.63742,1.09828,1.57085,0.11671,-0.12757,-0.48152,0.02655,,,,,,,,,,,,,,,,,,,,,,,,,,0,0,0,0,0
49.4225,1783969901.1893,2,2,0.5000,0.5011,1.42233,-0.03162,-2.63742,1.09828,1.57085,0.11671,-0.12757,-0.48152,0.02655,,,,,,,,,,,,,,,,,,,,,,,,,,0,0,0,0,0
49.4227,1783969901.1895,2,2,0.5000,0.5116,1.42233,-0.03162,-2.63742,1.09828,1.57085,0.11671,-0.12757,-0.48152,0.02655,,,,,,,,,,,,,,,,,,,,,,,,,,0,0,0,0,0
49.4313,1783969901.1981,2,2,0.5000,0.5477,1.42233,-0.03162,-2.63742,1.09828,1.57085,0.11671,-0.12757,-0.48152,0.02655,,,,,,,,,,,,,,,,,,,,,,,,,,0,0,0,0,0
49.4409,1783969901.2077,2,2,0.5000,0.5623,1.42233,-0.03162,-2.63742,1.09828,1.57085,0.11671,-0.12757,-0.48152,0.02655,,,,,,,,,,,,,,,,,,,,,,,,,,0,0,0,0,0
49.4539,1783969901.2207,2,2,0.5000,0.5601,1.42233,-0.03162,-2.63742,1.09828,1.57085,0.11671,-0.12757,-0.48152,0.02655,,,,,,,,,,,,,,,,,,,,,,,,,,0,0,0,0,0
49.4663,1783969901.2331,2,2,0.5000,0.5541,1.42233,-0.03162,-2.63742,1.09828,1.57085,0.11671,-0.12757,-0.48152,0.02655,,,,,,,,,,,,,,,,,,,,,,,,,,0,0,0,0,0
49.4665,1783969901.2333,2,2,0.5000,0.5546,1.42233,-0.03162,-2.63742,1.09828,1.57085,0.11671,-0.12757,-0.48152,0.02655,,,,,,,,,,,,,,,,,,,,,,,,,,0,0,0,0,0
49.4783,1783969901.2451,2,2,0.5000,0.5590,1.42233,-0.03162,-2.63742,1.09828,1.57085,0.11671,-0.12757,-0.48152,0.02655,,,,,,,,,,,,,,,,,,,,,,,,,,0,0,0,0,0
49.4842,1783969901.2510,2,2,0.5000,0.5686,1.42233,-0.03162,-2.63742,1.09829,1.57085,0.11671,-0.12757,-0.48152,0.02655,,,,,,,,,,,,,,,,,,,,,,,,,,0,0,0,0,0
49.4946,1783969901.2613,2,2,0.5000,0.5560,1.42233,-0.03162,-2.63742,1.09829,1.57085,0.11671,-0.12757,-0.48152,0.02655,,,,,,,,,,,,,,,,,,,,,,,,,,0,0,0,0,0
49.5034,1783969901.2702,2,2,0.5000,0.5576,1.42233,-0.03162,-2.63742,1.09829,1.57085,0.11671,-0.12757,-0.48152,0.02655,,,,,,,,,,,,,,,,,,,,,,,,,,0,0,0,0,0
49.5104,1783969901.2772,2,2,0.5000,0.5552,1.42233,-0.03162,-2.63742,1.09829,1.57085,0.11671,-0.12757,-0.48152,0.02655,,,,,,,,,,,,,,,,,,,,,,,,,,0,0,0,0,0
49.5223,1783969901.2891,2,2,0.5000,0.5147,1.42233,-0.03162,-2.63742,1.09829,1.57085,0.11671,-0.12757,-0.48152,0.02655,,,,,,,,,,,,,,,,,,,,,,,,,,0,0,0,0,0
49.5400,1783969901.3067,2,2,0.5000,0.5205,1.42233,-0.03162,-2.63742,1.09829,1.57085,0.11671,-0.12757,-0.48152,0.02655,,,,,,,,,,,,,,,,,,,,,,,,,,0,0,0,0,0
49.5460,1783969901.3128,2,2,0.5000,0.5105,1.42233,-0.03162,-2.63742,1.09829,1.57085,0.11671,-0.12757,-0.48152,0.02655,,,,,,,,,,,,,,,,,,,,,,,,,,0,0,0,0,0
49.5491,1783969901.3159,2,2,0.5000,0.5208,1.42233,-0.03162,-2.63742,1.09829,1.57085,0.11671,-0.12757,-0.48152,0.02655,,,,,,,,,,,,,,,,,,,,,,,,,,0,0,0,0,0
49.5496,1783969901.3164,2,2,0.5000,0.5117,1.42233,-0.03162,-2.63742,1.09829,1.57085,0.11671,-0.12757,-0.48152,0.02655,,,,,,,,,,,,,,,,,,,,,,,,,,0,0,0,0,0
49.5802,1783969901.3469,2,2,0.5000,0.5231,1.42233,-0.03162,-2.63742,1.09829,1.57085,0.11671,-0.12757,-0.48152,0.02655,,,,,,,,,,,,,,,,,,,,,,,,,,0,0,0,0,0
49.5850,1783969901.3518,2,2,0.5000,0.5525,1.42233,-0.03162,-2.63742,1.09829,1.57085,0.11671,-0.12757,-0.48152,0.02655,,,,,,,,,,,,,,,,,,,,,,,,,,0,0,0,0,0
49.5853,1783969901.3521,2,2,0.5000,0.5539,1.42233,-0.03162,-2.63742,1.09829,1.57085,0.11671,-0.12757,-0.48152,0.02655,,,,,,,,,,,,,,,,,,,,,,,,,,0,0,0,0,0
49.5862,1783969901.3530,2,2,0.5000,0.5588,1.42233,-0.03162,-2.63742,1.09829,1.57085,0.11671,-0.12757,-0.48152,0.02655,,,,,,,,,,,,,,,,,,,,,,,,,,0,0,0,0,0
49.5865,1783969901.3532,2,2,0.5000,0.5529,1.42233,-0.03162,-2.63742,1.09829,1.57085,0.11671,-0.12757,-0.48152,0.02655,,,,,,,,,,,,,,,,,,,,,,,,,,0,0,0,0,0
49.5903,1783969901.3571,2,2,0.5000,0.5510,1.42233,-0.03162,-2.63742,1.09829,1.57085,0.11671,-0.12757,-0.48152,0.02655,,,,,,,,,,,,,,,,,,,,,,,,,,0,0,0,0,0
49.5990,1783969901.3658,2,2,0.5000,0.5484,1.42233,-0.03162,-2.63742,1.09829,1.57085,0.11671,-0.12757,-0.48152,0.02655,,,,,,,,,,,,,,,,,,,,,,,,,,0,0,0,0,0
49.6244,1783969901.3912,2,2,0.5000,0.5443,1.42233,-0.03162,-2.63742,1.09829,1.57085,0.11671,-0.12757,-0.48152,0.02655,,,,,,,,,,,,,,,,,,,,,,,,,,0,0,0,0,0
49.6248,1783969901.3915,2,2,0.5000,0.5616,1.42233,-0.03162,-2.63742,1.09829,1.57085,0.11671,-0.12757,-0.48152,0.02655,,,,,,,,,,,,,,,,,,,,,,,,,,0,0,0,0,0
49.6261,1783969901.3929,2,2,0.5000,0.5606,1.42233,-0.03162,-2.63742,1.09829,1.57085,0.11671,-0.12757,-0.48152,0.02655,,,,,,,,,,,,,,,,,,,,,,,,,,0,0,0,0,0
49.6295,1783969901.3962,2,2,0.5000,0.5447,1.42233,-0.03162,-2.63742,1.09829,1.57085,0.11671,-0.12757,-0.48152,0.02655,,,,,,,,,,,,,,,,,,,,,,,,,,0,0,0,0,0
49.6462,1783969901.4129,2,2,0.5000,0.5193,1.42233,-0.03162,-2.63742,1.09829,1.57085,0.11671,-0.12757,-0.48152,0.02655,,,,,,,,,,,,,,,,,,,,,,,,,,0,0,0,0,0
49.6600,1783969901.4268,2,2,0.5000,0.5168,1.42233,-0.03162,-2.63742,1.09829,1.57085,0.11671,-0.12757,-0.48152,0.02655,,,,,,,,,,,,,,,,,,,,,,,,,,0,0,0,0,0
49.6675,1783969901.4343,2,2,0.5000,0.5138,1.42233,-0.03162,-2.63742,1.09829,1.57085,0.11671,-0.12757,-0.48152,0.02655,,,,,,,,,,,,,,,,,,,,,,,,,,0,0,0,0,0
49.6747,1783969901.4415,2,2,0.5000,0.4587,1.42233,-0.03162,-2.63742,1.09829,1.57085,0.11671,-0.12757,-0.48152,0.02655,,,,,,,,,,,,,,,,,,,,,,,,,,0,0,0,0,0
49.6836,1783969901.4503,2,2,0.5000,0.4837,1.42233,-0.03162,-2.63742,1.09829,1.57085,0.11671,-0.12757,-0.48152,0.02655,,,,,,,,,,,,,,,,,,,,,,,,,,0,0,0,0,0
49.6936,1783969901.4604,2,2,0.5000,0.4728,1.42233,-0.03162,-2.63742,1.09829,1.57085,0.11671,-0.12757,-0.48152,0.02655,,,,,,,,,,,,,,,,,,,,,,,,,,0,0,0,0,0
49.7064,1783969901.4732,2,2,0.5000,0.5085,1.42233,-0.03162,-2.63742,1.09829,1.57085,0.11671,-0.12757,-0.48152,0.02655,,,,,,,,,,,,,,,,,,,,,,,,,,0,0,0,0,0
49.7172,1783969901.4840,2,2,0.5000,0.5060,1.42233,-0.03162,-2.63742,1.09829,1.57085,0.11671,-0.12757,-0.48152,0.02655,,,,,,,,,,,,,,,,,,,,,,,,,,0,0,0,0,0
49.7264,1783969901.4932,2,2,0.5000,0.5027,1.42233,-0.03162,-2.63742,1.09829,1.57085,0.11671,-0.12757,-0.48152,0.02655,,,,,,,,,,,,,,,,,,,,,,,,,,0,0,0,0,0
49.7323,1783969901.4991,2,2,0.5000,0.5144,1.42233,-0.03162,-2.63742,1.09829,1.57085,0.11671,-0.12757,-0.48152,0.02655,,,,,,,,,,,,,,,,,,,,,,,,,,0,0,0,0,0
49.7514,1783969901.5182,2,2,0.5000,0.5104,1.42233,-0.03162,-2.63742,1.09829,1.57085,0.11671,-0.12757,-0.48152,0.02655,,,,,,,,,,,,,,,,,,,,,,,,,,0,0,0,0,0
49.7548,1783969901.5215,2,2,0.5000,0.5381,1.42233,-0.03162,-2.63742,1.09829,1.57085,0.11671,-0.12757,-0.48152,0.02655,,,,,,,,,,,,,,,,,,,,,,,,,,0,0,0,0,0
49.7705,1783969901.5373,2,2,0.5000,0.5453,1.42233,-0.03162,-2.63742,1.09829,1.57085,0.11671,-0.12757,-0.48152,0.02655,,,,,,,,,,,,,,,,,,,,,,,,,,0,0,0,0,0
49.7745,1783969901.5413,2,2,0.5000,0.5335,1.42233,-0.03162,-2.63742,1.09829,1.57085,0.11671,-0.12757,-0.48152,0.02655,,,,,,,,,,,,,,,,,,,,,,,,,,0,0,0,0,0
49.7748,1783969901.5415,2,2,0.5000,0.5314,1.42233,-0.03162,-2.63742,1.09829,1.57085,0.11671,-0.12757,-0.48152,0.02655,,,,,,,,,,,,,,,,,,,,,,,,,,0,0,0,0,0
49.7850,1783969901.5518,2,2,0.5000,0.5169,1.42233,-0.03162,-2.63742,1.09829,1.57085,0.11671,-0.12757,-0.48152,0.02655,,,,,,,,,,,,,,,,,,,,,,,,,,0,0,0,0,0
49.7894,1783969901.5562,2,2,0.5000,0.4631,1.42233,-0.03162,-2.63742,1.09829,1.57085,0.11671,-0.12757,-0.48152,0.02655,,,,,,,,,,,,,,,,,,,,,,,,,,0,0,0,0,0
49.8005,1783969901.5673,2,2,0.5000,0.4629,1.42233,-0.03162,-2.63742,1.09829,1.57085,0.11671,-0.12757,-0.48152,0.02655,,,,,,,,,,,,,,,,,,,,,,,,,,0,0,0,0,0
49.8192,1783969901.5860,2,2,0.5000,0.4840,1.42233,-0.03162,-2.63742,1.09829,1.57085,0.11671,-0.12757,-0.48152,0.02655,,,,,,,,,,,,,,,,,,,,,,,,,,0,0,0,0,0
49.8207,1783969901.5875,2,2,0.5000,0.5255,1.42233,-0.03162,-2.63742,1.09829,1.57085,0.11671,-0.12757,-0.48152,0.02655,,,,,,,,,,,,,,,,,,,,,,,,,,0,0,0,0,0
49.8330,1783969901.5998,2,2,0.5000,0.5534,1.42233,-0.03162,-2.63742,1.09829,1.57085,0.11671,-0.12757,-0.48152,0.02655,,,,,,,,,,,,,,,,,,,,,,,,,,0,0,0,0,0
49.8443,1783969901.6111,2,2,0.5000,0.5276,1.42233,-0.03162,-2.63742,1.09829,1.57085,0.11671,-0.12757,-0.48152,0.02655,,,,,,,,,,,,,,,,,,,,,,,,,,0,0,0,0,0
49.8534,1783969901.6201,2,2,0.5000,0.5271,1.42233,-0.03162,-2.63742,1.09829,1.57085,0.11671,-0.12757,-0.48152,0.02655,,,,,,,,,,,,,,,,,,,,,,,,,,0,0,0,0,0
49.8594,1783969901.6262,2,2,0.5000,0.5339,1.42233,-0.03162,-2.63742,1.09829,1.57085,0.11671,-0.12757,-0.48152,0.02655,,,,,,,,,,,,,,,,,,,,,,,,,,0,0,0,0,0
49.8955,1783969901.6622,2,2,0.5000,0.5385,1.42233,-0.03162,-2.63742,1.09829,1.57085,0.11671,-0.12757,-0.48152,0.02655,,,,,,,,,,,,,,,,,,,,,,,,,,0,0,0,0,0
49.8967,1783969901.6634,2,2,0.5000,0.5511,1.42233,-0.03162,-2.63742,1.09829,1.57085,0.11671,-0.12757,-0.48152,0.02655,,,,,,,,,,,,,,,,,,,,,,,,,,0,0,0,0,0
49.8974,1783969901.6642,2,2,0.5000,0.5527,1.42233,-0.03162,-2.63742,1.09829,1.57085,0.11671,-0.12757,-0.48152,0.02655,,,,,,,,,,,,,,,,,,,,,,,,,,0,0,0,0,0
49.9064,1783969901.6732,2,2,0.5000,0.5344,1.42233,-0.03162,-2.63742,1.09829,1.57085,0.11671,-0.12757,-0.48152,0.02655,,,,,,,,,,,,,,,,,,,,,,,,,,0,0,0,0,0
49.9148,1783969901.6816,2,2,0.5000,0.5159,1.42233,-0.03162,-2.63742,1.09829,1.57085,0.11671,-0.12757,-0.48152,0.02655,,,,,,,,,,,,,,,,,,,,,,,,,,0,0,0,0,0
49.9213,1783969901.6881,2,2,0.5000,0.4971,1.42233,-0.03162,-2.63742,1.09829,1.57085,0.11671,-0.12757,-0.48152,0.02655,,,,,,,,,,,,,,,,,,,,,,,,,,0,0,0,0,0
49.9351,1783969901.7019,2,2,0.5000,0.4914,1.42233,-0.03162,-2.63742,1.09829,1.57085,0.11671,-0.12757,-0.48152,0.02655,,,,,,,,,,,,,,,,,,,,,,,,,,0,0,0,0,0
49.9403,1783969901.7071,2,2,0.5000,0.4779,1.42233,-0.03162,-2.63742,1.09829,1.57085,0.11671,-0.12757,-0.48152,0.02655,,,,,,,,,,,,,,,,,,,,,,,,,,0,0,0,0,0
49.9493,1783969901.7161,2,2,0.5000,0.4973,1.42233,-0.03162,-2.63742,1.09829,1.57085,0.11671,-0.12757,-0.48152,0.02655,,,,,,,,,,,,,,,,,,,,,,,,,,0,0,0,0,0
49.9601,1783969901.7269,2,2,0.5000,0.5148,1.42233,-0.03162,-2.63742,1.09829,1.57085,0.11671,-0.12757,-0.48152,0.02655,,,,,,,,,,,,,,,,,,,,,,,,,,0,0,0,0,0
49.9807,1783969901.7475,2,2,0.5000,0.5151,1.42233,-0.03162,-2.63742,1.09829,1.57085,0.11671,-0.12757,-0.48152,0.02655,,,,,,,,,,,,,,,,,,,,,,,,,,0,0,0,0,0
49.9878,1783969901.7546,2,2,0.5000,0.5052,1.42233,-0.03162,-2.63742,1.09829,1.57085,0.11671,-0.12757,-0.48152,0.02655,,,,,,,,,,,,,,,,,,,,,,,,,,0,0,0,0,0
49.9910,1783969901.7578,2,2,0.5000,0.4785,1.42233,-0.03162,-2.63742,1.09829,1.57085,0.11671,-0.12757,-0.48152,0.02655,,,,,,,,,,,,,,,,,,,,,,,,,,0,0,0,0,0
50.0001,1783969901.7668,2,2,0.5000,0.4810,1.42233,-0.03162,-2.63742,1.09829,1.57085,0.11671,-0.12757,-0.48152,0.02655,,,,,,,,,,,,,,,,,,,,,,,,,,0,0,0,0,0
50.0005,1783969901.7673,2,2,0.5000,0.4864,1.42233,-0.03162,-2.63742,1.09829,1.57085,0.11671,-0.12757,-0.48152,0.02655,,,,,,,,,,,,,,,,,,,,,,,,,,0,0,0,0,0
50.0091,1783969901.7759,2,2,0.5000,0.5221,1.42233,-0.03162,-2.63742,1.09829,1.57085,0.11671,-0.12757,-0.48152,0.02655,,,,,,,,,,,,,,,,,,,,,,,,,,0,0,0,0,0
50.0238,1783969901.7906,2,2,0.5000,0.5250,1.42233,-0.03162,-2.63742,1.09829,1.57085,0.11671,-0.12757,-0.48152,0.02655,,,,,,,,,,,,,,,,,,,,,,,,,,0,0,0,0,0
50.0368,1783969901.8035,2,2,0.5000,0.5363,1.42233,-0.03162,-2.63742,1.09829,1.57085,0.11671,-0.12757,-0.48152,0.02655,,,,,,,,,,,,,,,,,,,,,,,,,,0,0,0,0,0
50.0371,1783969901.8039,2,2,0.5000,0.5438,1.42233,-0.03162,-2.63742,1.09829,1.57085,0.11671,-0.12757,-0.48152,0.02655,,,,,,,,,,,,,,,,,,,,,,,,,,0,0,0,0,0
50.0439,1783969901.8107,2,2,0.5000,0.5236,1.42233,-0.03162,-2.63742,1.09829,1.57085,0.11671,-0.12757,-0.48152,0.02655,,,,,,,,,,,,,,,,,,,,,,,,,,0,0,0,0,0
50.0559,1783969901.8227,2,2,0.5000,0.5092,1.42233,-0.03162,-2.63742,1.09829,1.57085,0.11671,-0.12757,-0.48152,0.02655,,,,,,,,,,,,,,,,,,,,,,,,,,0,0,0,0,0
50.0707,1783969901.8375,2,2,0.5000,0.4939,1.42233,-0.03162,-2.63742,1.09829,1.57085,0.11671,-0.12757,-0.48152,0.02655,,,,,,,,,,,,,,,,,,,,,,,,,,0,0,0,0,0
50.0771,1783969901.8439,2,2,0.5000,0.5008,1.42233,-0.03162,-2.63742,1.09829,1.57085,0.11671,-0.12757,-0.48152,0.02655,,,,,,,,,,,,,,,,,,,,,,,,,,0,0,0,0,0
50.0936,1783969901.8604,2,2,0.5000,0.5162,1.42233,-0.03162,-2.63742,1.09829,1.57085,0.11671,-0.12757,-0.48152,0.02655,,,,,,,,,,,,,,,,,,,,,,,,,,0,0,0,0,0
50.0939,1783969901.8607,2,2,0.5000,0.5232,1.42233,-0.03162,-2.63742,1.09829,1.57085,0.11671,-0.12757,-0.48152,0.02655,,,,,,,,,,,,,,,,,,,,,,,,,,0,0,0,0,0
50.1025,1783969901.8693,2,2,0.5000,0.5306,1.42233,-0.03162,-2.63742,1.09829,1.57085,0.11671,-0.12757,-0.48152,0.02655,,,,,,,,,,,,,,,,,,,,,,,,,,0,0,0,0,0
50.1028,1783969901.8696,2,2,0.5000,0.5309,1.42233,-0.03162,-2.63742,1.09829,1.57085,0.11671,-0.12757,-0.48152,0.02655,,,,,,,,,,,,,,,,,,,,,,,,,,0,0,0,0,0
50.1118,1783969901.8786,2,2,0.5000,0.5204,1.42233,-0.03162,-2.63742,1.09829,1.57085,0.11671,-0.12757,-0.48152,0.02655,,,,,,,,,,,,,,,,,,,,,,,,,,0,0,0,0,0
50.1211,1783969901.8879,2,2,0.5000,0.4955,1.42233,-0.03162,-2.63742,1.09829,1.57085,0.11671,-0.12757,-0.48152,0.02655,,,,,,,,,,,,,,,,,,,,,,,,,,0,0,0,0,0
50.1357,1783969901.9025,2,2,0.5000,0.5014,1.42233,-0.03162,-2.63742,1.09829,1.57085,0.11671,-0.12757,-0.48152,0.02655,,,,,,,,,,,,,,,,,,,,,,,,,,0,0,0,0,0
50.1457,1783969901.9124,2,2,0.5000,0.4989,1.42233,-0.03162,-2.63742,1.09829,1.57085,0.11671,-0.12757,-0.48152,0.02655,,,,,,,,,,,,,,,,,,,,,,,,,,0,0,0,0,0
50.1607,1783969901.9275,2,2,0.5000,0.5086,1.42233,-0.03162,-2.63742,1.09829,1.57085,0.11671,-0.12757,-0.48152,0.02655,,,,,,,,,,,,,,,,,,,,,,,,,,0,0,0,0,0
50.1642,1783969901.9310,2,2,0.5000,0.5072,1.42233,-0.03162,-2.63742,1.09829,1.57085,0.11671,-0.12757,-0.48152,0.02655,,,,,,,,,,,,,,,,,,,,,,,,,,0,0,0,0,0
50.1828,1783969901.9496,2,2,0.5000,0.5089,1.42233,-0.03162,-2.63742,1.09829,1.57085,0.11671,-0.12757,-0.48152,0.02655,,,,,,,,,,,,,,,,,,,,,,,,,,0,0,0,0,0
50.1831,1783969901.9498,2,2,0.5000,0.4985,1.42233,-0.03162,-2.63742,1.09829,1.57085,0.11671,-0.12757,-0.48152,0.02655,,,,,,,,,,,,,,,,,,,,,,,,,,0,0,0,0,0
50.3045,1783969902.0712,2,2,0.5000,0.4703,1.42233,-0.03162,-2.63742,1.09829,1.57085,0.11671,-0.12757,-0.48152,0.02655,,,,,,,,,,,,,,,,,,,,,,,,,,0,0,0,0,0
50.3088,1783969902.0756,2,2,0.5000,0.4860,1.42233,-0.03162,-2.63742,1.09829,1.57085,0.11671,-0.12757,-0.48152,0.02655,,,,,,,,,,,,,,,,,,,,,,,,,,0,0,0,0,0
50.3091,1783969902.0759,2,2,0.5000,0.4856,1.42233,-0.03162,-2.63742,1.09829,1.57085,0.11671,-0.12757,-0.48152,0.02655,,,,,,,,,,,,,,,,,,,,,,,,,,0,0,0,0,0
50.3125,1783969902.0792,2,2,0.5000,0.4910,1.42233,-0.03162,-2.63742,1.09829,1.57085,0.11671,-0.12757,-0.48152,0.02655,,,,,,,,,,,,,,,,,,,,,,,,,,0,0,0,0,0
50.3147,1783969902.0815,2,2,0.5000,0.4875,1.42233,-0.03162,-2.63742,1.09829,1.57085,0.11671,-0.12757,-0.48152,0.02655,,,,,,,,,,,,,,,,,,,,,,,,,,0,0,0,0,0
50.3152,1783969902.0820,2,2,0.5000,0.5213,1.42233,-0.03162,-2.63742,1.09829,1.57085,0.11671,-0.12757,-0.48152,0.02655,,,,,,,,,,,,,,,,,,,,,,,,,,0,0,0,0,0
50.3155,1783969902.0823,2,2,0.5000,0.5420,1.42233,-0.03162,-2.63742,1.09829,1.57085,0.11671,-0.12757,-0.48152,0.02655,,,,,,,,,,,,,,,,,,,,,,,,,,0,0,0,0,0
50.3157,1783969902.0825,2,2,0.5000,0.5362,1.42233,-0.03162,-2.63742,1.09829,1.57085,0.11671,-0.12757,-0.48152,0.02655,,,,,,,,,,,,,,,,,,,,,,,,,,0,0,0,0,0
50.3226,1783969902.0894,2,2,0.5000,0.5307,1.42233,-0.03162,-2.63742,1.09829,1.57085,0.11671,-0.12757,-0.48152,0.02655,,,,,,,,,,,,,,,,,,,,,,,,,,0,0,0,0,0
50.3258,1783969902.0926,2,2,0.5000,0.4360,1.42233,-0.03162,-2.63742,1.09829,1.57085,0.11671,-0.12757,-0.48152,0.02655,,,,,,,,,,,,,,,,,,,,,,,,,,0,0,0,0,0
50.3263,1783969902.0930,2,2,0.5000,0.4812,1.42233,-0.03162,-2.63742,1.09829,1.57085,0.11671,-0.12757,-0.48152,0.02655,,,,,,,,,,,,,,,,,,,,,,,,,,0,0,0,0,0
50.3270,1783969902.0938,2,2,0.5000,0.4874,1.42233,-0.03162,-2.63742,1.09829,1.57085,0.11671,-0.12757,-0.48152,0.02655,,,,,,,,,,,,,,,,,,,,,,,,,,0,0,0,0,0
50.3314,1783969902.0982,2,2,0.5000,0.4846,1.42233,-0.03162,-2.63742,1.09829,1.57085,0.11671,-0.12757,-0.48152,0.02655,,,,,,,,,,,,,,,,,,,,,,,,,,0,0,0,0,0
50.3413,1783969902.1080,2,2,0.5000,0.4889,1.42233,-0.03162,-2.63742,1.09829,1.57085,0.11671,-0.12757,-0.48152,0.02655,,,,,,,,,,,,,,,,,,,,,,,,,,0,0,0,0,0
50.3507,1783969902.1174,2,2,0.5000,0.5094,1.42233,-0.03162,-2.63742,1.09829,1.57085,0.11671,-0.12757,-0.48152,0.02655,,,,,,,,,,,,,,,,,,,,,,,,,,0,0,0,0,0
50.3642,1783969902.1310,2,2,0.5000,0.5316,1.42233,-0.03162,-2.63742,1.09829,1.57085,0.11671,-0.12757,-0.48152,0.02655,,,,,,,,,,,,,,,,,,,,,,,,,,0,0,0,0,0
50.3692,1783969902.1360,2,2,0.5000,0.5310,1.42233,-0.03162,-2.63742,1.09829,1.57085,0.11671,-0.12757,-0.48152,0.02655,,,,,,,,,,,,,,,,,,,,,,,,,,0,0,0,0,0
50.3696,1783969902.1364,2,2,0.5000,0.5286,1.42233,-0.03162,-2.63742,1.09829,1.57085,0.11671,-0.12757,-0.48152,0.02655,,,,,,,,,,,,,,,,,,,,,,,,,,0,0,0,0,0
50.3867,1783969902.1535,2,2,0.5000,0.5361,1.42233,-0.03162,-2.63742,1.09829,1.57085,0.11671,-0.12757,-0.48152,0.02655,,,,,,,,,,,,,,,,,,,,,,,,,,0,0,0,0,0
50.3869,1783969902.1537,2,2,0.5000,0.5337,1.42233,-0.03162,-2.63742,1.09829,1.57085,0.11671,-0.12757,-0.48152,0.02655,,,,,,,,,,,,,,,,,,,,,,,,,,0,0,0,0,0
50.4068,1783969902.1736,2,2,0.5000,0.5002,1.42233,-0.03162,-2.63742,1.09829,1.57085,0.11671,-0.12757,-0.48152,0.02655,,,,,,,,,,,,,,,,,,,,,,,,,,0,0,0,0,0
50.4154,1783969902.1822,2,2,0.5000,0.4765,1.42233,-0.03162,-2.63742,1.09829,1.57085,0.11671,-0.12757,-0.48152,0.02655,,,,,,,,,,,,,,,,,,,,,,,,,,0,0,0,0,0
50.4266,1783969902.1934,2,2,0.5000,0.4672,1.42233,-0.03162,-2.63742,1.09829,1.57085,0.11671,-0.12757,-0.48152,0.02655,,,,,,,,,,,,,,,,,,,,,,,,,,0,0,0,0,0
50.4269,1783969902.1937,2,2,0.5000,0.4695,1.42233,-0.03162,-2.63742,1.09829,1.57085,0.11671,-0.12757,-0.48152,0.02655,,,,,,,,,,,,,,,,,,,,,,,,,,0,0,0,0,0
50.4291,1783969902.1959,2,2,0.5000,0.4711,1.42233,-0.03162,-2.63742,1.09829,1.57085,0.11671,-0.12757,-0.48152,0.02655,,,,,,,,,,,,,,,,,,,,,,,,,,0,0,0,0,0
50.4433,1783969902.2101,2,2,0.5000,0.4728,1.42233,-0.03162,-2.63742,1.09829,1.57085,0.11671,-0.12757,-0.48152,0.02655,,,,,,,,,,,,,,,,,,,,,,,,,,0,0,0,0,0
50.4491,1783969902.2159,2,2,0.5000,0.4822,1.42233,-0.03162,-2.63742,1.09829,1.57085,0.11671,-0.12757,-0.48152,0.02655,,,,,,,,,,,,,,,,,,,,,,,,,,0,0,0,0,0
50.4648,1783969902.2316,2,2,0.5000,0.4738,1.42233,-0.03162,-2.63742,1.09829,1.57085,0.11671,-0.12757,-0.48152,0.02655,,,,,,,,,,,,,,,,,,,,,,,,,,0,0,0,0,0
50.4701,1783969902.2369,2,2,0.5000,0.5058,1.42233,-0.03162,-2.63742,1.09829,1.57085,0.11671,-0.12757,-0.48152,0.02655,,,,,,,,,,,,,,,,,,,,,,,,,,0,0,0,0,0
50.4806,1783969902.2474,2,2,0.5000,0.5370,1.42233,-0.03162,-2.63742,1.09829,1.57085,0.11671,-0.12757,-0.48152,0.02655,,,,,,,,,,,,,,,,,,,,,,,,,,0,0,0,0,0
50.4929,1783969902.2597,2,2,0.5000,0.5224,1.42233,-0.03162,-2.63742,1.09829,1.57085,0.11671,-0.12757,-0.48152,0.02655,,,,,,,,,,,,,,,,,,,,,,,,,,0,0,0,0,0
50.5003,1783969902.2671,2,2,0.5000,0.5111,1.42233,-0.03162,-2.63742,1.09829,1.57085,0.11671,-0.12757,-0.48152,0.02655,,,,,,,,,,,,,,,,,,,,,,,,,,0,0,0,0,0
50.5109,1783969902.2776,2,2,0.5000,0.5021,1.42233,-0.03162,-2.63742,1.09829,1.57085,0.11671,-0.12757,-0.48152,0.02655,,,,,,,,,,,,,,,,,,,,,,,,,,0,0,0,0,0
50.5268,1783969902.2936,2,2,0.5000,0.4504,1.42233,-0.03162,-2.63742,1.09829,1.57085,0.11671,-0.12757,-0.48152,0.02655,,,,,,,,,,,,,,,,,,,,,,,,,,0,0,0,0,0
50.5356,1783969902.3023,2,2,0.5000,0.4649,1.42233,-0.03162,-2.63742,1.09829,1.57085,0.11671,-0.12757,-0.48152,0.02655,,,,,,,,,,,,,,,,,,,,,,,,,,0,0,0,0,0
50.5359,1783969902.3027,2,2,0.5000,0.4659,1.42233,-0.03162,-2.63742,1.09829,1.57085,0.11671,-0.12757,-0.48152,0.02655,,,,,,,,,,,,,,,,,,,,,,,,,,0,0,0,0,0
50.5457,1783969902.3125,2,2,0.5000,0.4618,1.42233,-0.03162,-2.63742,1.09829,1.57085,0.11671,-0.12757,-0.48152,0.02655,,,,,,,,,,,,,,,,,,,,,,,,,,0,0,0,0,0
50.5493,1783969902.3161,2,2,0.5000,0.4830,1.42233,-0.03162,-2.63742,1.09829,1.57085,0.11671,-0.12757,-0.48152,0.02655,,,,,,,,,,,,,,,,,,,,,,,,,,0,0,0,0,0
50.5601,1783969902.3268,2,2,0.5000,0.4917,1.42233,-0.03162,-2.63742,1.09829,1.57085,0.11671,-0.12757,-0.48152,0.02655,,,,,,,,,,,,,,,,,,,,,,,,,,0,0,0,0,0
50.5603,1783969902.3271,2,2,0.5000,0.4991,1.42233,-0.03162,-2.63742,1.09829,1.57085,0.11671,-0.12757,-0.48152,0.02655,,,,,,,,,,,,,,,,,,,,,,,,,,0,0,0,0,0
50.5714,1783969902.3382,2,2,0.5000,0.4827,1.42233,-0.03162,-2.63742,1.09829,1.57085,0.11671,-0.12757,-0.48152,0.02655,,,,,,,,,,,,,,,,,,,,,,,,,,0,0,0,0,0
50.6019,1783969902.3687,2,2,0.5000,0.4795,1.42233,-0.03162,-2.63742,1.09829,1.57085,0.11671,-0.12757,-0.48152,0.02655,,,,,,,,,,,,,,,,,,,,,,,,,,0,0,0,0,0
50.6026,1783969902.3694,2,2,0.5000,0.4711,1.42233,-0.03162,-2.63742,1.09829,1.57085,0.11671,-0.12757,-0.48152,0.02655,,,,,,,,,,,,,,,,,,,,,,,,,,0,0,0,0,0
50.6030,1783969902.3697,2,2,0.5000,0.4735,1.42233,-0.03162,-2.63742,1.09829,1.57085,0.11671,-0.12757,-0.48152,0.02655,,,,,,,,,,,,,,,,,,,,,,,,,,0,0,0,0,0
50.6032,1783969902.3700,2,2,0.5000,0.4842,1.42233,-0.03162,-2.63742,1.09829,1.57085,0.11671,-0.12757,-0.48152,0.02655,,,,,,,,,,,,,,,,,,,,,,,,,,0,0,0,0,0
50.6035,1783969902.3703,2,2,0.5000,0.4851,1.42233,-0.03162,-2.63742,1.09829,1.57085,0.11671,-0.12757,-0.48152,0.02655,,,,,,,,,,,,,,,,,,,,,,,,,,0,0,0,0,0
50.6089,1783969902.3756,2,2,0.5000,0.4789,1.42233,-0.03162,-2.63742,1.09829,1.57085,0.11671,-0.12757,-0.48152,0.02655,,,,,,,,,,,,,,,,,,,,,,,,,,0,0,0,0,0
50.6092,1783969902.3760,2,2,0.5000,0.4801,1.42233,-0.03162,-2.63742,1.09829,1.57085,0.11671,-0.12757,-0.48152,0.02655,,,,,,,,,,,,,,,,,,,,,,,,,,0,0,0,0,0
50.6207,1783969902.3874,2,2,0.5000,0.4791,1.42233,-0.03162,-2.63742,1.09829,1.57085,0.11671,-0.12757,-0.48152,0.02655,,,,,,,,,,,,,,,,,,,,,,,,,,0,0,0,0,0
50.6352,1783969902.4020,2,2,0.5000,0.4683,1.42233,-0.03162,-2.63742,1.09829,1.57085,0.11671,-0.12757,-0.48152,0.02655,,,,,,,,,,,,,,,,,,,,,,,,,,0,0,0,0,0
50.6356,1783969902.4023,2,2,0.5000,0.4804,1.42233,-0.03162,-2.63742,1.09829,1.57085,0.11671,-0.12757,-0.48152,0.02655,,,,,,,,,,,,,,,,,,,,,,,,,,0,0,0,0,0
50.6397,1783969902.4065,2,2,0.5000,0.4841,1.42233,-0.03162,-2.63742,1.09829,1.57085,0.11671,-0.12757,-0.48152,0.02655,,,,,,,,,,,,,,,,,,,,,,,,,,0,0,0,0,0
50.6400,1783969902.4068,2,2,0.5000,0.4716,1.42233,-0.03162,-2.63742,1.09829,1.57085,0.11671,-0.12757,-0.48152,0.02655,,,,,,,,,,,,,,,,,,,,,,,,,,0,0,0,0,0
50.6632,1783969902.4299,2,2,0.5000,0.4706,1.42233,-0.03162,-2.63742,1.09829,1.57085,0.11671,-0.12757,-0.48152,0.02655,,,,,,,,,,,,,,,,,,,,,,,,,,0,0,0,0,0
50.6636,1783969902.4304,2,2,0.5000,0.4573,1.42233,-0.03162,-2.63742,1.09829,1.57085,0.11671,-0.12757,-0.48152,0.02655,,,,,,,,,,,,,,,,,,,,,,,,,,0,0,0,0,0
50.6640,1783969902.4308,2,2,0.5000,0.4593,1.42233,-0.03162,-2.63742,1.09829,1.57085,0.11671,-0.12757,-0.48152,0.02655,,,,,,,,,,,,,,,,,,,,,,,,,,0,0,0,0,0
50.6645,1783969902.4312,2,2,0.5000,0.4661,1.42233,-0.03162,-2.63742,1.09829,1.57085,0.11671,-0.12757,-0.48152,0.02655,,,,,,,,,,,,,,,,,,,,,,,,,,0,0,0,0,0
50.6728,1783969902.4396,2,2,0.5000,0.4630,1.42233,-0.03162,-2.63742,1.09829,1.57085,0.11671,-0.12757,-0.48152,0.02655,,,,,,,,,,,,,,,,,,,,,,,,,,0,0,0,0,0
50.7028,1783969902.4696,2,2,0.5000,0.4668,1.42233,-0.03162,-2.63742,1.09829,1.57085,0.11671,-0.12757,-0.48152,0.02655,,,,,,,,,,,,,,,,,,,,,,,,,,0,0,0,0,0
50.7031,1783969902.4699,2,2,0.5000,0.4802,1.42233,-0.03162,-2.63742,1.09829,1.57085,0.11671,-0.12757,-0.48152,0.02655,,,,,,,,,,,,,,,,,,,,,,,,,,0,0,0,0,0
50.7603,1783969902.5271,2,2,0.5000,0.4666,1.42233,-0.03162,-2.63742,1.09829,1.57085,0.11671,-0.12757,-0.48152,0.02655,,,,,,,,,,,,,,,,,,,,,,,,,,0,0,0,0,0
50.8075,1783969902.5743,2,2,0.5000,0.4604,1.42233,-0.03162,-2.63742,1.09829,1.57085,0.11671,-0.12757,-0.48152,0.02655,,,,,,,,,,,,,,,,,,,,,,,,,,0,0,0,0,0
50.8152,1783969902.5820,2,2,0.5000,0.4540,1.42233,-0.03162,-2.63742,1.09829,1.57085,0.11671,-0.12757,-0.48152,0.02655,,,,,,,,,,,,,,,,,,,,,,,,,,0,0,0,0,0
50.8155,1783969902.5823,2,2,0.5000,0.4632,1.42233,-0.03162,-2.63742,1.09829,1.57085,0.11671,-0.12757,-0.48152,0.02655,,,,,,,,,,,,,,,,,,,,,,,,,,0,0,0,0,0
50.8168,1783969902.5836,2,2,0.5000,0.5222,1.42233,-0.03162,-2.63742,1.09829,1.57085,0.11671,-0.12757,-0.48152,0.02655,,,,,,,,,,,,,,,,,,,,,,,,,,0,0,0,0,0
50.8230,1783969902.5898,2,2,0.5000,0.5206,1.42233,-0.03162,-2.63742,1.09829,1.57085,0.11671,-0.12757,-0.48152,0.02655,,,,,,,,,,,,,,,,,,,,,,,,,,0,0,0,0,0
50.8234,1783969902.5901,2,2,0.5000,0.4895,1.42233,-0.03162,-2.63742,1.09829,1.57085,0.11671,-0.12757,-0.48152,0.02655,,,,,,,,,,,,,,,,,,,,,,,,,,0,0,0,0,0
50.8236,1783969902.5904,2,2,0.5000,0.4898,1.42233,-0.03162,-2.63742,1.09829,1.57085,0.11671,-0.12757,-0.48152,0.02655,,,,,,,,,,,,,,,,,,,,,,,,,,0,0,0,0,0
50.8249,1783969902.5916,2,2,0.5000,0.5005,1.42233,-0.03162,-2.63742,1.09829,1.57085,0.11671,-0.12757,-0.48152,0.02655,,,,,,,,,,,,,,,,,,,,,,,,,,0,0,0,0,0
50.8252,1783969902.5920,2,2,0.5000,0.5080,1.42233,-0.03162,-2.63742,1.09829,1.57085,0.11671,-0.12757,-0.48152,0.02655,,,,,,,,,,,,,,,,,,,,,,,,,,0,0,0,0,0
50.8262,1783969902.5930,2,2,0.5000,0.4894,1.42233,-0.03162,-2.63742,1.09829,1.57085,0.11671,-0.12757,-0.48152,0.02655,,,,,,,,,,,,,,,,,,,,,,,,,,0,0,0,0,0
50.8275,1783969902.5942,2,2,0.5000,0.4849,1.42233,-0.03162,-2.63742,1.09829,1.57085,0.11671,-0.12757,-0.48152,0.02655,,,,,,,,,,,,,,,,,,,,,,,,,,0,0,0,0,0
50.8278,1783969902.5946,2,2,0.5000,0.4930,1.42233,-0.03162,-2.63742,1.09829,1.57085,0.11671,-0.12757,-0.48152,0.02655,,,,,,,,,,,,,,,,,,,,,,,,,,0,0,0,0,0
50.8394,1783969902.6062,2,2,0.5000,0.4661,1.42233,-0.03162,-2.63742,1.09829,1.57085,0.11671,-0.12757,-0.48152,0.02655,,,,,,,,,,,,,,,,,,,,,,,,,,0,0,0,0,0
50.8405,1783969902.6073,2,2,0.5000,0.4389,1.42233,-0.03162,-2.63742,1.09829,1.57085,0.11671,-0.12757,-0.48152,0.02655,,,,,,,,,,,,,,,,,,,,,,,,,,0,0,0,0,0
50.8427,1783969902.6095,2,2,0.5000,0.4437,1.42233,-0.03162,-2.63742,1.09829,1.57085,0.11671,-0.12757,-0.48152,0.02655,,,,,,,,,,,,,,,,,,,,,,,,,,0,0,0,0,0
50.8429,1783969902.6097,2,2,0.5000,0.4482,1.42233,-0.03162,-2.63742,1.09829,1.57085,0.11671,-0.12757,-0.48152,0.02655,,,,,,,,,,,,,,,,,,,,,,,,,,0,0,0,0,0
50.8437,1783969902.6104,2,2,0.5000,0.4542,1.42233,-0.03162,-2.63742,1.09829,1.57085,0.11671,-0.12757,-0.48152,0.02655,,,,,,,,,,,,,,,,,,,,,,,,,,0,0,0,0,0
50.8439,1783969902.6107,2,2,0.5000,0.4381,1.42233,-0.03162,-2.63742,1.09829,1.57085,0.11671,-0.12757,-0.48152,0.02655,,,,,,,,,,,,,,,,,,,,,,,,,,0,0,0,0,0
50.8443,1783969902.6111,2,2,0.5000,0.4365,1.42233,-0.03162,-2.63742,1.09829,1.57085,0.11671,-0.12757,-0.48152,0.02655,,,,,,,,,,,,,,,,,,,,,,,,,,0,0,0,0,0
50.8517,1783969902.6185,2,2,0.5000,0.4431,1.42233,-0.03162,-2.63742,1.09829,1.57085,0.11671,-0.12757,-0.48152,0.02655,,,,,,,,,,,,,,,,,,,,,,,,,,0,0,0,0,0
50.8521,1783969902.6188,2,2,0.5000,0.4440,1.42233,-0.03162,-2.63742,1.09829,1.57085,0.11671,-0.12757,-0.48152,0.02655,,,,,,,,,,,,,,,,,,,,,,,,,,0,0,0,0,0
50.8630,1783969902.6298,2,2,0.5000,0.4444,1.42233,-0.03162,-2.63742,1.09829,1.57085,0.11671,-0.12757,-0.48152,0.02655,,,,,,,,,,,,,,,,,,,,,,,,,,0,0,0,0,0
50.8825,1783969902.6493,2,2,0.5000,0.4414,1.42233,-0.03162,-2.63742,1.09829,1.57085,0.11671,-0.12757,-0.48152,0.02655,,,,,,,,,,,,,,,,,,,,,,,,,,0,0,0,0,0
50.9042,1783969902.6710,2,2,0.5000,0.4730,1.42233,-0.03162,-2.63742,1.09829,1.57085,0.11671,-0.12757,-0.48152,0.02655,,,,,,,,,,,,,,,,,,,,,,,,,,0,0,0,0,0
50.9157,1783969902.6824,2,2,0.5000,0.4599,1.42233,-0.03162,-2.63742,1.09829,1.57085,0.11671,-0.12757,-0.48152,0.02655,,,,,,,,,,,,,,,,,,,,,,,,,,0,0,0,0,0
50.9161,1783969902.6828,2,2,0.5000,0.4736,1.42233,-0.03162,-2.63742,1.09829,1.57085,0.11671,-0.12757,-0.48152,0.02655,,,,,,,,,,,,,,,,,,,,,,,,,,0,0,0,0,0
50.9165,1783969902.6832,2,2,0.5000,0.4734,1.42233,-0.03162,-2.63742,1.09829,1.57085,0.11671,-0.12757,-0.48152,0.02655,,,,,,,,,,,,,,,,,,,,,,,,,,0,0,0,0,0
50.9193,1783969902.6861,2,2,0.5000,0.4713,1.42233,-0.03162,-2.63742,1.09829,1.57085,0.11671,-0.12757,-0.48152,0.02655,,,,,,,,,,,,,,,,,,,,,,,,,,0,0,0,0,0
50.9196,1783969902.6864,2,2,0.5000,0.4684,1.42233,-0.03162,-2.63742,1.09829,1.57085,0.11671,-0.12757,-0.48152,0.02655,,,,,,,,,,,,,,,,,,,,,,,,,,0,0,0,0,0
50.9317,1783969902.6985,2,2,0.5000,0.4618,1.42233,-0.03162,-2.63742,1.09829,1.57085,0.11671,-0.12757,-0.48152,0.02655,,,,,,,,,,,,,,,,,,,,,,,,,,0,0,0,0,0
50.9456,1783969902.7124,2,2,0.5000,0.4436,1.42233,-0.03162,-2.63742,1.09829,1.57085,0.11671,-0.12757,-0.48152,0.02655,,,,,,,,,,,,,,,,,,,,,,,,,,0,0,0,0,0
50.9557,1783969902.7225,2,2,0.5000,0.4564,1.42233,-0.03162,-2.63742,1.09829,1.57085,0.11671,-0.12757,-0.48152,0.02655,,,,,,,,,,,,,,,,,,,,,,,,,,0,0,0,0,0
50.9559,1783969902.7227,2,2,0.5000,0.4555,1.42233,-0.03162,-2.63742,1.09829,1.57085,0.11671,-0.12757,-0.48152,0.02655,,,,,,,,,,,,,,,,,,,,,,,,,,0,0,0,0,0
50.9596,1783969902.7264,2,2,0.5000,0.4443,1.42233,-0.03162,-2.63742,1.09829,1.57085,0.11671,-0.12757,-0.48152,0.02655,,,,,,,,,,,,,,,,,,,,,,,,,,0,0,0,0,0
50.9601,1783969902.7268,2,2,0.5000,0.4528,1.42233,-0.03162,-2.63742,1.09829,1.57085,0.11671,-0.12757,-0.48152,0.02655,,,,,,,,,,,,,,,,,,,,,,,,,,0,0,0,0,0
50.9781,1783969902.7448,2,2,0.5000,0.4529,1.42233,-0.03162,-2.63742,1.09829,1.57085,0.11671,-0.12757,-0.48152,0.02655,,,,,,,,,,,,,,,,,,,,,,,,,,0,0,0,0,0
50.9851,1783969902.7519,2,2,0.5000,0.4528,1.42233,-0.03162,-2.63742,1.09829,1.57085,0.11671,-0.12757,-0.48152,0.02655,,,,,,,,,,,,,,,,,,,,,,,,,,0,0,0,0,0
50.9855,1783969902.7523,2,2,0.5000,0.4576,1.42233,-0.03162,-2.63742,1.09829,1.57085,0.11671,-0.12757,-0.48152,0.02655,,,,,,,,,,,,,,,,,,,,,,,,,,0,0,0,0,0
51.0050,1783969902.7718,2,2,0.5000,0.4668,1.42233,-0.03162,-2.63742,1.09829,1.57085,0.11671,-0.12757,-0.48152,0.02655,,,,,,,,,,,,,,,,,,,,,,,,,,0,0,0,0,0
51.0227,1783969902.7895,2,2,0.5000,0.4738,1.42233,-0.03162,-2.63742,1.09829,1.57085,0.11671,-0.12757,-0.48152,0.02655,,,,,,,,,,,,,,,,,,,,,,,,,,0,0,0,0,0
51.0378,1783969902.8046,2,2,0.5000,0.4812,1.42233,-0.03162,-2.63742,1.09829,1.57085,0.11671,-0.12757,-0.48152,0.02655,,,,,,,,,,,,,,,,,,,,,,,,,,0,0,0,0,0
51.0507,1783969902.8175,2,2,0.5000,0.4600,1.42233,-0.03162,-2.63742,1.09829,1.57085,0.11671,-0.12757,-0.48152,0.02655,,,,,,,,,,,,,,,,,,,,,,,,,,0,0,0,0,0
51.0531,1783969902.8199,2,2,0.5000,0.4432,1.42233,-0.03162,-2.63742,1.09829,1.57085,0.11671,-0.12757,-0.48152,0.02655,,,,,,,,,,,,,,,,,,,,,,,,,,0,0,0,0,0
51.0571,1783969902.8239,2,2,0.5000,0.4419,1.42233,-0.03162,-2.63742,1.09829,1.57085,0.11671,-0.12757,-0.48152,0.02655,,,,,,,,,,,,,,,,,,,,,,,,,,0,0,0,0,0
51.0576,1783969902.8244,2,2,0.5000,0.4381,1.42233,-0.03162,-2.63742,1.09829,1.57085,0.11671,-0.12757,-0.48152,0.02655,,,,,,,,,,,,,,,,,,,,,,,,,,0,0,0,0,0
51.0591,1783969902.8258,2,2,0.5000,0.4416,1.42233,-0.03162,-2.63742,1.09829,1.57085,0.11671,-0.12757,-0.48152,0.02655,,,,,,,,,,,,,,,,,,,,,,,,,,0,0,0,0,0
51.0593,1783969902.8261,2,2,0.5000,0.4485,1.42233,-0.03162,-2.63742,1.09829,1.57085,0.11671,-0.12757,-0.48152,0.02655,,,,,,,,,,,,,,,,,,,,,,,,,,0,0,0,0,0
51.0681,1783969902.8348,2,2,0.5000,0.4475,1.42233,-0.03162,-2.63742,1.09829,1.57085,0.11671,-0.12757,-0.48152,0.02655,,,,,,,,,,,,,,,,,,,,,,,,,,0,0,0,0,0
51.0728,1783969902.8396,2,2,0.5000,0.4492,1.42233,-0.03162,-2.63742,1.09829,1.57085,0.11671,-0.12757,-0.48152,0.02655,,,,,,,,,,,,,,,,,,,,,,,,,,0,0,0,0,0
51.0807,1783969902.8475,2,2,0.5000,0.4586,1.42233,-0.03162,-2.63742,1.09829,1.57085,0.11671,-0.12757,-0.48152,0.02655,,,,,,,,,,,,,,,,,,,,,,,,,,0,0,0,0,0
51.1044,1783969902.8712,2,2,0.5000,0.4479,1.42233,-0.03162,-2.63742,1.09829,1.57085,0.11671,-0.12757,-0.48152,0.02655,,,,,,,,,,,,,,,,,,,,,,,,,,0,0,0,0,0
51.1056,1783969902.8724,2,2,0.5000,0.4506,1.42233,-0.03162,-2.63742,1.09829,1.57085,0.11671,-0.12757,-0.48152,0.02655,,,,,,,,,,,,,,,,,,,,,,,,,,0,0,0,0,0
51.1059,1783969902.8726,2,2,0.5000,0.4476,1.42233,-0.03162,-2.63742,1.09829,1.57085,0.11671,-0.12757,-0.48152,0.02655,,,,,,,,,,,,,,,,,,,,,,,,,,0,0,0,0,0
51.1149,1783969902.8817,2,2,0.5000,0.4372,1.42233,-0.03162,-2.63742,1.09829,1.57085,0.11671,-0.12757,-0.48152,0.02655,,,,,,,,,,,,,,,,,,,,,,,,,,0,0,0,0,0
51.1222,1783969902.8890,2,2,0.5000,0.4249,1.42233,-0.03162,-2.63742,1.09829,1.57085,0.11671,-0.12757,-0.48152,0.02655,,,,,,,,,,,,,,,,,,,,,,,,,,0,0,0,0,0
51.1303,1783969902.8971,2,2,0.5000,0.4489,1.42233,-0.03162,-2.63742,1.09829,1.57085,0.11671,-0.12757,-0.48152,0.02655,,,,,,,,,,,,,,,,,,,,,,,,,,0,0,0,0,0
51.1409,1783969902.9077,2,2,0.5000,0.4609,1.42233,-0.03162,-2.63742,1.09829,1.57085,0.11671,-0.12757,-0.48152,0.02655,,,,,,,,,,,,,,,,,,,,,,,,,,0,0,0,0,0
51.1599,1783969902.9267,2,2,0.5000,0.4668,1.42233,-0.03162,-2.63742,1.09829,1.57085,0.11671,-0.12757,-0.48152,0.02655,,,,,,,,,,,,,,,,,,,,,,,,,,0,0,0,0,0
51.1602,1783969902.9270,2,2,0.5000,0.4662,1.42233,-0.03162,-2.63742,1.09829,1.57085,0.11671,-0.12757,-0.48152,0.02655,,,,,,,,,,,,,,,,,,,,,,,,,,0,0,0,0,0
51.1715,1783969902.9383,2,2,0.5000,0.4646,1.42233,-0.03162,-2.63742,1.09829,1.57085,0.11671,-0.12757,-0.48152,0.02655,,,,,,,,,,,,,,,,,,,,,,,,,,0,0,0,0,0
51.1718,1783969902.9386,2,2,0.5000,0.4360,1.42233,-0.03162,-2.63742,1.09829,1.57085,0.11671,-0.12757,-0.48152,0.02655,,,,,,,,,,,,,,,,,,,,,,,,,,0,0,0,0,0
51.1830,1783969902.9498,2,2,0.5000,0.4312,1.42233,-0.03162,-2.63742,1.09829,1.57085,0.11671,-0.12757,-0.48152,0.02655,,,,,,,,,,,,,,,,,,,,,,,,,,0,0,0,0,0
51.1834,1783969902.9502,2,2,0.5000,0.4393,1.42233,-0.03162,-2.63742,1.09829,1.57085,0.11671,-0.12757,-0.48152,0.02655,,,,,,,,,,,,,,,,,,,,,,,,,,0,0,0,0,0
51.1905,1783969902.9573,2,2,0.5000,0.4356,1.42233,-0.03162,-2.63742,1.09829,1.57085,0.11671,-0.12757,-0.48152,0.02655,,,,,,,,,,,,,,,,,,,,,,,,,,0,0,0,0,0
51.2040,1783969902.9708,2,2,0.5000,0.4463,1.42233,-0.03162,-2.63742,1.09829,1.57085,0.11671,-0.12757,-0.48152,0.02655,,,,,,,,,,,,,,,,,,,,,,,,,,0,0,0,0,0
51.2367,1783969903.0034,2,2,0.5000,0.4430,1.42233,-0.03162,-2.63742,1.09829,1.57085,0.11671,-0.12757,-0.48152,0.02655,,,,,,,,,,,,,,,,,,,,,,,,,,0,0,0,0,0
51.3721,1783969903.1389,2,2,0.5000,0.4519,1.42233,-0.03162,-2.63742,1.09829,1.57085,0.11671,-0.12757,-0.48152,0.02655,,,,,,,,,,,,,,,,,,,,,,,,,,0,0,0,0,0
51.3746,1783969903.1413,2,2,0.5000,0.4612,1.42233,-0.03162,-2.63742,1.09829,1.57085,0.11671,-0.12757,-0.48152,0.02655,,,,,,,,,,,,,,,,,,,,,,,,,,0,0,0,0,0
51.3768,1783969903.1435,2,2,0.5000,0.4590,1.42233,-0.03162,-2.63742,1.09829,1.57085,0.11671,-0.12757,-0.48152,0.02655,,,,,,,,,,,,,,,,,,,,,,,,,,0,0,0,0,0
51.3773,1783969903.1441,2,2,0.5000,0.4674,1.42233,-0.03162,-2.63742,1.09829,1.57085,0.11671,-0.12757,-0.48152,0.02655,,,,,,,,,,,,,,,,,,,,,,,,,,0,0,0,0,0
51.3780,1783969903.1448,2,2,0.5000,0.4765,1.42233,-0.03162,-2.63742,1.09829,1.57085,0.11671,-0.12757,-0.48152,0.02655,,,,,,,,,,,,,,,,,,,,,,,,,,0,0,0,0,0
51.3786,1783969903.1454,2,2,0.5000,0.5015,1.42233,-0.03162,-2.63742,1.09829,1.57085,0.11671,-0.12757,-0.48152,0.02655,,,,,,,,,,,,,,,,,,,,,,,,,,0,0,0,0,0
51.3789,1783969903.1457,2,2,0.5000,0.5069,1.42233,-0.03162,-2.63742,1.09829,1.57085,0.11671,-0.12757,-0.48152,0.02655,,,,,,,,,,,,,,,,,,,,,,,,,,0,0,0,0,0
51.3801,1783969903.1468,2,2,0.5000,0.4975,1.42233,-0.03162,-2.63742,1.09829,1.57085,0.11671,-0.12757,-0.48152,0.02655,,,,,,,,,,,,,,,,,,,,,,,,,,0,0,0,0,0
51.3804,1783969903.1472,2,2,0.5000,0.4711,1.42233,-0.03162,-2.63742,1.09829,1.57085,0.11671,-0.12757,-0.48152,0.02655,,,,,,,,,,,,,,,,,,,,,,,,,,0,0,0,0,0
51.3873,1783969903.1541,2,2,0.5000,0.4423,1.42233,-0.03162,-2.63742,1.09829,1.57085,0.11671,-0.12757,-0.48152,0.02655,,,,,,,,,,,,,,,,,,,,,,,,,,0,0,0,0,0
51.3876,1783969903.1544,2,2,0.5000,0.4356,1.42233,-0.03162,-2.63742,1.09829,1.57085,0.11671,-0.12757,-0.48152,0.02655,,,,,,,,,,,,,,,,,,,,,,,,,,0,0,0,0,0
51.3948,1783969903.1615,2,2,0.5000,0.3998,1.42233,-0.03162,-2.63742,1.09829,1.57085,0.11671,-0.12757,-0.48152,0.02655,,,,,,,,,,,,,,,,,,,,,,,,,,0,0,0,0,0
51.3965,1783969903.1632,2,2,0.5000,0.4012,1.42233,-0.03162,-2.63742,1.09829,1.57085,0.11671,-0.12757,-0.48152,0.02655,,,,,,,,,,,,,,,,,,,,,,,,,,0,0,0,0,0
51.3968,1783969903.1636,2,2,0.5000,0.4097,1.42233,-0.03162,-2.63742,1.09829,1.57085,0.11671,-0.12757,-0.48152,0.02655,,,,,,,,,,,,,,,,,,,,,,,,,,0,0,0,0,0
51.3972,1783969903.1640,2,2,0.5000,0.4263,1.42233,-0.03162,-2.63742,1.09829,1.57085,0.11671,-0.12757,-0.48152,0.02655,,,,,,,,,,,,,,,,,,,,,,,,,,0,0,0,0,0
51.3974,1783969903.1642,2,2,0.5000,0.4557,1.42233,-0.03162,-2.63742,1.09829,1.57085,0.11671,-0.12757,-0.48152,0.02655,,,,,,,,,,,,,,,,,,,,,,,,,,0,0,0,0,0
51.3977,1783969903.1645,2,2,0.5000,0.4318,1.42233,-0.03162,-2.63742,1.09829,1.57085,0.11671,-0.12757,-0.48152,0.02655,,,,,,,,,,,,,,,,,,,,,,,,,,0,0,0,0,0
51.3980,1783969903.1648,2,2,0.5000,0.4285,1.42233,-0.03162,-2.63742,1.09829,1.57085,0.11671,-0.12757,-0.48152,0.02655,,,,,,,,,,,,,,,,,,,,,,,,,,0,0,0,0,0
51.4300,1783969903.1968,2,2,0.5000,0.4179,1.42233,-0.03162,-2.63742,1.09829,1.57085,0.11671,-0.12757,-0.48152,0.02655,,,,,,,,,,,,,,,,,,,,,,,,,,0,0,0,0,0
51.4398,1783969903.2065,2,2,0.5000,0.4406,1.42233,-0.03162,-2.63742,1.09829,1.57085,0.11671,-0.12757,-0.48152,0.02655,,,,,,,,,,,,,,,,,,,,,,,,,,0,0,0,0,0
51.5444,1783969903.3112,2,2,0.5000,0.4603,1.42233,-0.03162,-2.63742,1.09829,1.57085,0.11671,-0.12757,-0.48152,0.02655,,,,,,,,,,,,,,,,,,,,,,,,,,0,0,0,0,0
51.5510,1783969903.3177,2,2,0.5000,0.4597,1.42233,-0.03162,-2.63742,1.09829,1.57085,0.11671,-0.12757,-0.48152,0.02655,,,,,,,,,,,,,,,,,,,,,,,,,,0,0,0,0,0
51.5550,1783969903.3218,2,2,0.5000,0.4583,1.42233,-0.03162,-2.63742,1.09829,1.57085,0.11671,-0.12757,-0.48152,0.02655,,,,,,,,,,,,,,,,,,,,,,,,,,0,0,0,0,0
51.5567,1783969903.3234,2,2,0.5000,0.4255,1.42233,-0.03162,-2.63742,1.09829,1.57085,0.11671,-0.12757,-0.48152,0.02655,,,,,,,,,,,,,,,,,,,,,,,,,,0,0,0,0,0
51.5602,1783969903.3269,2,2,0.5000,0.4264,1.42233,-0.03162,-2.63742,1.09829,1.57085,0.11671,-0.12757,-0.48152,0.02655,,,,,,,,,,,,,,,,,,,,,,,,,,0,0,0,0,0
51.5605,1783969903.3273,2,2,0.5000,0.4277,1.42233,-0.03162,-2.63742,1.09829,1.57085,0.11671,-0.12757,-0.48152,0.02655,,,,,,,,,,,,,,,,,,,,,,,,,,0,0,0,0,0
51.5610,1783969903.3278,2,2,0.5000,0.4262,1.42233,-0.03162,-2.63742,1.09829,1.57085,0.11671,-0.12757,-0.48152,0.02655,,,,,,,,,,,,,,,,,,,,,,,,,,0,0,0,0,0
51.5614,1783969903.3281,2,2,0.5000,0.4286,1.42233,-0.03162,-2.63742,1.09829,1.57085,0.11671,-0.12757,-0.48152,0.02655,,,,,,,,,,,,,,,,,,,,,,,,,,0,0,0,0,0
51.5639,1783969903.3307,2,2,0.5000,0.4356,1.42233,-0.03162,-2.63742,1.09829,1.57085,0.11671,-0.12757,-0.48152,0.02655,,,,,,,,,,,,,,,,,,,,,,,,,,0,0,0,0,0
51.5739,1783969903.3407,2,2,0.5000,0.4808,1.42233,-0.03162,-2.63742,1.09829,1.57085,0.11671,-0.12757,-0.48152,0.02655,,,,,,,,,,,,,,,,,,,,,,,,,,0,0,0,0,0
51.5755,1783969903.3423,2,2,0.5000,0.4801,1.42233,-0.03162,-2.63742,1.09829,1.57085,0.11671,-0.12757,-0.48152,0.02655,,,,,,,,,,,,,,,,,,,,,,,,,,0,0,0,0,0
51.5760,1783969903.3427,2,2,0.5000,0.4711,1.42233,-0.03162,-2.63742,1.09829,1.57085,0.11671,-0.12757,-0.48152,0.02655,,,,,,,,,,,,,,,,,,,,,,,,,,0,0,0,0,0
51.5765,1783969903.3433,2,2,0.5000,0.4569,1.42233,-0.03162,-2.63742,1.09829,1.57085,0.11671,-0.12757,-0.48152,0.02655,,,,,,,,,,,,,,,,,,,,,,,,,,0,0,0,0,0
51.5770,1783969903.3438,2,2,0.5000,0.4763,1.42233,-0.03162,-2.63742,1.09829,1.57085,0.11671,-0.12757,-0.48152,0.02655,,,,,,,,,,,,,,,,,,,,,,,,,,0,0,0,0,0
51.5775,1783969903.3443,2,2,0.5000,0.4902,1.42233,-0.03162,-2.63742,1.09829,1.57085,0.11671,-0.12757,-0.48152,0.02655,,,,,,,,,,,,,,,,,,,,,,,,,,0,0,0,0,0
51.5780,1783969903.3447,2,2,0.5000,0.4921,1.42233,-0.03162,-2.63742,1.09829,1.57085,0.11671,-0.12757,-0.48152,0.02655,,,,,,,,,,,,,,,,,,,,,,,,,,0,0,0,0,0
51.5804,1783969903.3472,2,2,0.5000,0.4845,1.42233,-0.03162,-2.63742,1.09829,1.57085,0.11671,-0.12757,-0.48152,0.02655,,,,,,,,,,,,,,,,,,,,,,,,,,0,0,0,0,0
51.5809,1783969903.3477,2,2,0.5000,0.4857,1.42233,-0.03162,-2.63742,1.09829,1.57085,0.11671,-0.12757,-0.48152,0.02655,,,,,,,,,,,,,,,,,,,,,,,,,,0,0,0,0,0
51.5878,1783969903.3546,2,2,0.5000,0.4462,1.42233,-0.03162,-2.63742,1.09829,1.57085,0.11671,-0.12757,-0.48152,0.02655,,,,,,,,,,,,,,,,,,,,,,,,,,0,0,0,0,0
51.5933,1783969903.3601,2,2,0.5000,0.4516,1.42233,-0.03162,-2.63742,1.09829,1.57085,0.11671,-0.12757,-0.48152,0.02655,,,,,,,,,,,,,,,,,,,,,,,,,,0,0,0,0,0
51.6029,1783969903.3697,2,2,0.5000,0.4622,1.42233,-0.03162,-2.63742,1.09829,1.57085,0.11671,-0.12757,-0.48152,0.02655,,,,,,,,,,,,,,,,,,,,,,,,,,0,0,0,0,0
51.6078,1783969903.3745,2,2,0.5000,0.4816,1.42233,-0.03162,-2.63742,1.09829,1.57085,0.11671,-0.12757,-0.48152,0.02655,,,,,,,,,,,,,,,,,,,,,,,,,,0,0,0,0,0
51.6140,1783969903.3808,2,2,0.5000,0.4898,1.42233,-0.03162,-2.63742,1.09829,1.57085,0.11671,-0.12757,-0.48152,0.02655,,,,,,,,,,,,,,,,,,,,,,,,,,0,0,0,0,0
51.6254,1783969903.3922,2,2,0.5000,0.4800,1.42233,-0.03162,-2.63742,1.09829,1.57085,0.11671,-0.12757,-0.48152,0.02655,,,,,,,,,,,,,,,,,,,,,,,,,,0,0,0,0,0
51.6332,1783969903.4000,2,2,0.5000,0.4779,1.42233,-0.03162,-2.63742,1.09829,1.57085,0.11671,-0.12757,-0.48152,0.02655,,,,,,,,,,,,,,,,,,,,,,,,,,0,0,0,0,0
51.6612,1783969903.4279,2,2,0.5000,0.4671,1.42233,-0.03162,-2.63742,1.09829,1.57085,0.11671,-0.12757,-0.48152,0.02655,,,,,,,,,,,,,,,,,,,,,,,,,,0,0,0,0,0
51.6677,1783969903.4344,2,2,0.5000,0.4961,1.42233,-0.03162,-2.63742,1.09829,1.57085,0.11671,-0.12757,-0.48152,0.02655,,,,,,,,,,,,,,,,,,,,,,,,,,0,0,0,0,0
51.6753,1783969903.4420,2,2,0.5000,0.5156,1.42233,-0.03162,-2.63742,1.09829,1.57085,0.11671,-0.12757,-0.48152,0.02655,,,,,,,,,,,,,,,,,,,,,,,,,,0,0,0,0,0
51.6756,1783969903.4424,2,2,0.5000,0.5177,1.42233,-0.03162,-2.63742,1.09829,1.57085,0.11671,-0.12757,-0.48152,0.02655,,,,,,,,,,,,,,,,,,,,,,,,,,0,0,0,0,0
51.6759,1783969903.4426,2,2,0.5000,0.5118,1.42233,-0.03162,-2.63742,1.09829,1.57085,0.11671,-0.12757,-0.48152,0.02655,,,,,,,,,,,,,,,,,,,,,,,,,,0,0,0,0,0
51.6821,1783969903.4488,2,2,0.5000,0.5105,1.42233,-0.03162,-2.63742,1.09829,1.57085,0.11671,-0.12757,-0.48152,0.02655,,,,,,,,,,,,,,,,,,,,,,,,,,0,0,0,0,0
51.6828,1783969903.4495,2,2,0.5000,0.5231,1.42233,-0.03162,-2.63742,1.09829,1.57085,0.11671,-0.12757,-0.48152,0.02655,,,,,,,,,,,,,,,,,,,,,,,,,,0,0,0,0,0
51.6934,1783969903.4602,2,2,0.5000,0.5102,1.42233,-0.03162,-2.63742,1.09829,1.57085,0.11671,-0.12757,-0.48152,0.02655,,,,,,,,,,,,,,,,,,,,,,,,,,0,0,0,0,0
51.6940,1783969903.4607,2,2,0.5000,0.4878,1.42233,-0.03162,-2.63742,1.09829,1.57085,0.11671,-0.12757,-0.48152,0.02655,,,,,,,,,,,,,,,,,,,,,,,,,,0,0,0,0,0
51.7031,1783969903.4699,2,2,0.5000,0.4914,1.42233,-0.03162,-2.63742,1.09829,1.57085,0.11671,-0.12757,-0.48152,0.02655,,,,,,,,,,,,,,,,,,,,,,,,,,0,0,0,0,0
51.7034,1783969903.4702,2,2,0.5000,0.4827,1.42233,-0.03162,-2.63742,1.09829,1.57085,0.11671,-0.12757,-0.48152,0.02655,,,,,,,,,,,,,,,,,,,,,,,,,,0,0,0,0,0
51.7158,1783969903.4826,2,2,0.5000,0.4624,1.42233,-0.03162,-2.63742,1.09829,1.57085,0.11671,-0.12757,-0.48152,0.02655,,,,,,,,,,,,,,,,,,,,,,,,,,0,0,0,0,0
51.7320,1783969903.4988,2,2,0.5000,0.4859,1.42233,-0.03162,-2.63742,1.09829,1.57085,0.11671,-0.12757,-0.48152,0.02655,,,,,,,,,,,,,,,,,,,,,,,,,,0,0,0,0,0
51.7373,1783969903.5041,2,2,0.5000,0.5125,1.42233,-0.03162,-2.63742,1.09829,1.57085,0.11671,-0.12757,-0.48152,0.02655,,,,,,,,,,,,,,,,,,,,,,,,,,0,0,0,0,0
51.7454,1783969903.5122,2,2,0.5000,0.5188,1.42233,-0.03162,-2.63742,1.09829,1.57085,0.11671,-0.12757,-0.48152,0.02655,,,,,,,,,,,,,,,,,,,,,,,,,,0,0,0,0,0
51.7458,1783969903.5126,2,2,0.5000,0.5096,1.42233,-0.03162,-2.63742,1.09829,1.57085,0.11671,-0.12757,-0.48152,0.02655,,,,,,,,,,,,,,,,,,,,,,,,,,0,0,0,0,0
51.7508,1783969903.5176,2,2,0.5000,0.5193,1.42233,-0.03162,-2.63742,1.09829,1.57085,0.11671,-0.12757,-0.48152,0.02655,,,,,,,,,,,,,,,,,,,,,,,,,,0,0,0,0,0
51.7629,1783969903.5297,2,2,0.5000,0.5046,1.42233,-0.03162,-2.63742,1.09829,1.57085,0.11671,-0.12757,-0.48152,0.02655,,,,,,,,,,,,,,,,,,,,,,,,,,0,0,0,0,0
51.7749,1783969903.5417,2,2,0.5000,0.5037,1.42233,-0.03162,-2.63742,1.09829,1.57085,0.11671,-0.12757,-0.48152,0.02655,,,,,,,,,,,,,,,,,,,,,,,,,,0,0,0,0,0
51.7830,1783969903.5497,2,2,0.5000,0.5158,1.42233,-0.03162,-2.63742,1.09829,1.57085,0.11671,-0.12757,-0.48152,0.02655,,,,,,,,,,,,,,,,,,,,,,,,,,0,0,0,0,0
51.7899,1783969903.5567,2,2,0.5000,0.5248,1.42233,-0.03162,-2.63742,1.09829,1.57085,0.11671,-0.12757,-0.48152,0.02655,,,,,,,,,,,,,,,,,,,,,,,,,,0,0,0,0,0
51.8007,1783969903.5675,2,2,0.5000,0.5412,1.42233,-0.03162,-2.63742,1.09829,1.57085,0.11671,-0.12757,-0.48152,0.02655,,,,,,,,,,,,,,,,,,,,,,,,,,0,0,0,0,0
51.8218,1783969903.5886,2,2,0.5000,0.5202,1.42233,-0.03162,-2.63742,1.09829,1.57085,0.11671,-0.12757,-0.48152,0.02655,,,,,,,,,,,,,,,,,,,,,,,,,,0,0,0,0,0
51.8249,1783969903.5917,2,2,0.5000,0.5168,1.42233,-0.03162,-2.63742,1.09829,1.57085,0.11671,-0.12757,-0.48152,0.02655,,,,,,,,,,,,,,,,,,,,,,,,,,0,0,0,0,0
51.8254,1783969903.5922,2,2,0.5000,0.4695,1.42233,-0.03162,-2.63742,1.09829,1.57085,0.11671,-0.12757,-0.48152,0.02655,,,,,,,,,,,,,,,,,,,,,,,,,,0,0,0,0,0
51.8423,1783969903.6091,2,2,0.5000,0.4730,1.42233,-0.03162,-2.63742,1.09829,1.57085,0.11671,-0.12757,-0.48152,0.02655,,,,,,,,,,,,,,,,,,,,,,,,,,0,0,0,0,0
51.8431,1783969903.6098,2,2,0.5000,0.4675,1.42233,-0.03162,-2.63742,1.09829,1.57085,0.11671,-0.12757,-0.48152,0.02655,,,,,,,,,,,,,,,,,,,,,,,,,,0,0,0,0,0
51.8498,1783969903.6166,2,2,0.5000,0.4550,1.42233,-0.03162,-2.63742,1.09829,1.57085,0.11671,-0.12757,-0.48152,0.02655,,,,,,,,,,,,,,,,,,,,,,,,,,0,0,0,0,0
51.8504,1783969903.6171,2,2,0.5000,0.4690,1.42233,-0.03162,-2.63742,1.09829,1.57085,0.11671,-0.12757,-0.48152,0.02655,,,,,,,,,,,,,,,,,,,,,,,,,,0,0,0,0,0
51.8674,1783969903.6342,2,2,0.5000,0.4962,1.42233,-0.03162,-2.63742,1.09829,1.57085,0.11671,-0.12757,-0.48152,0.02655,,,,,,,,,,,,,,,,,,,,,,,,,,0,0,0,0,0
51.8818,1783969903.6486,2,2,0.5000,0.4987,1.42233,-0.03162,-2.63742,1.09829,1.57085,0.11671,-0.12757,-0.48152,0.02655,,,,,,,,,,,,,,,,,,,,,,,,,,0,0,0,0,0
51.8878,1783969903.6546,2,2,0.5000,0.5170,1.42233,-0.03162,-2.63742,1.09829,1.57085,0.11671,-0.12757,-0.48152,0.02655,,,,,,,,,,,,,,,,,,,,,,,,,,0,0,0,0,0
51.8997,1783969903.6665,2,2,0.5000,0.5176,1.42233,-0.03162,-2.63742,1.09829,1.57085,0.11671,-0.12757,-0.48152,0.02655,,,,,,,,,,,,,,,,,,,,,,,,,,0,0,0,0,0
51.9006,1783969903.6674,2,2,0.5000,0.5036,1.42233,-0.03162,-2.63742,1.09829,1.57085,0.11671,-0.12757,-0.48152,0.02655,,,,,,,,,,,,,,,,,,,,,,,,,,0,0,0,0,0
51.9009,1783969903.6676,2,2,0.5000,0.4881,1.42233,-0.03162,-2.63742,1.09829,1.57085,0.11671,-0.12757,-0.48152,0.02655,,,,,,,,,,,,,,,,,,,,,,,,,,0,0,0,0,0
51.9062,1783969903.6729,2,2,0.5000,0.4884,1.42233,-0.03162,-2.63742,1.09829,1.57085,0.11671,-0.12757,-0.48152,0.02655,,,,,,,,,,,,,,,,,,,,,,,,,,0,0,0,0,0
51.9069,1783969903.6737,2,2,0.5000,0.4932,1.42233,-0.03162,-2.63742,1.09829,1.57085,0.11671,-0.12757,-0.48152,0.02655,,,,,,,,,,,,,,,,,,,,,,,,,,0,0,0,0,0
51.9126,1783969903.6794,2,2,0.5000,0.4872,1.42233,-0.03162,-2.63742,1.09829,1.57085,0.11671,-0.12757,-0.48152,0.02655,,,,,,,,,,,,,,,,,,,,,,,,,,0,0,0,0,0
51.9246,1783969903.6914,2,2,0.5000,0.5159,1.42233,-0.03162,-2.63742,1.09829,1.57085,0.11671,-0.12757,-0.48152,0.02655,,,,,,,,,,,,,,,,,,,,,,,,,,0,0,0,0,0
51.9338,1783969903.7005,2,2,0.5000,0.5162,1.42233,-0.03162,-2.63742,1.09829,1.57085,0.11671,-0.12757,-0.48152,0.02655,,,,,,,,,,,,,,,,,,,,,,,,,,0,0,0,0,0
51.9391,1783969903.7058,2,2,0.5000,0.4917,1.42233,-0.03162,-2.63742,1.09829,1.57085,0.11671,-0.12757,-0.48152,0.02655,,,,,,,,,,,,,,,,,,,,,,,,,,0,0,0,0,0
51.9501,1783969903.7169,2,2,0.5000,0.5015,1.42233,-0.03162,-2.63742,1.09829,1.57085,0.11671,-0.12757,-0.48152,0.02655,,,,,,,,,,,,,,,,,,,,,,,,,,0,0,0,0,0
51.9597,1783969903.7265,2,2,0.5000,0.4850,1.42233,-0.03162,-2.63742,1.09829,1.57085,0.11671,-0.12757,-0.48152,0.02655,,,,,,,,,,,,,,,,,,,,,,,,,,0,0,0,0,0
51.9708,1783969903.7376,2,2,0.5000,0.4949,1.42233,-0.03162,-2.63742,1.09829,1.57085,0.11671,-0.12757,-0.48152,0.02655,,,,,,,,,,,,,,,,,,,,,,,,,,0,0,0,0,0
51.9712,1783969903.7380,2,2,0.5000,0.4941,1.42233,-0.03162,-2.63742,1.09829,1.57085,0.11671,-0.12757,-0.48152,0.02655,,,,,,,,,,,,,,,,,,,,,,,,,,0,0,0,0,0
51.9788,1783969903.7456,2,2,0.5000,0.4929,1.42233,-0.03162,-2.63742,1.09829,1.57085,0.11671,-0.12757,-0.48152,0.02655,,,,,,,,,,,,,,,,,,,,,,,,,,0,0,0,0,0
51.9791,1783969903.7459,2,2,0.5000,0.5018,1.42233,-0.03162,-2.63742,1.09829,1.57085,0.11671,-0.12757,-0.48152,0.02655,,,,,,,,,,,,,,,,,,,,,,,,,,0,0,0,0,0
51.9911,1783969903.7579,2,2,0.5000,0.5165,1.42233,-0.03162,-2.63742,1.09829,1.57085,0.11671,-0.12757,-0.48152,0.02655,,,,,,,,,,,,,,,,,,,,,,,,,,0,0,0,0,0
51.9914,1783969903.7582,2,2,0.5000,0.5201,1.42233,-0.03162,-2.63742,1.09829,1.57085,0.11671,-0.12757,-0.48152,0.02655,,,,,,,,,,,,,,,,,,,,,,,,,,0,0,0,0,0
52.0008,1783969903.7675,2,2,0.5000,0.5122,1.42233,-0.03162,-2.63742,1.09829,1.57085,0.11671,-0.12757,-0.48152,0.02655,,,,,,,,,,,,,,,,,,,,,,,,,,0,0,0,0,0
52.0124,1783969903.7792,2,2,0.5000,0.5100,1.42233,-0.03162,-2.63742,1.09829,1.57085,0.11671,-0.12757,-0.48152,0.02655,,,,,,,,,,,,,,,,,,,,,,,,,,0,0,0,0,0
52.0255,1783969903.7922,2,2,0.5000,0.4913,1.42233,-0.03162,-2.63742,1.09829,1.57085,0.11671,-0.12757,-0.48152,0.02655,,,,,,,,,,,,,,,,,,,,,,,,,,0,0,0,0,0
52.0368,1783969903.8036,2,2,0.5000,0.5094,1.42233,-0.03162,-2.63742,1.09829,1.57085,0.11671,-0.12757,-0.48152,0.02655,,,,,,,,,,,,,,,,,,,,,,,,,,0,0,0,0,0
52.0392,1783969903.8060,2,2,0.5000,0.5151,1.42233,-0.03162,-2.63742,1.09829,1.57085,0.11671,-0.12757,-0.48152,0.02655,,,,,,,,,,,,,,,,,,,,,,,,,,0,0,0,0,0
52.0396,1783969903.8064,2,2,0.5000,0.4949,1.42233,-0.03162,-2.63742,1.09829,1.57085,0.11671,-0.12757,-0.48152,0.02655,,,,,,,,,,,,,,,,,,,,,,,,,,0,0,0,0,0
52.0520,1783969903.8187,2,2,0.5000,0.5056,1.42233,-0.03162,-2.63742,1.09829,1.57085,0.11671,-0.12757,-0.48152,0.02655,,,,,,,,,,,,,,,,,,,,,,,,,,0,0,0,0,0
52.0653,1783969903.8321,2,2,0.5000,0.5113,1.42233,-0.03162,-2.63742,1.09829,1.57085,0.11671,-0.12757,-0.48152,0.02655,,,,,,,,,,,,,,,,,,,,,,,,,,0,0,0,0,0
52.0695,1783969903.8363,2,2,0.5000,0.5201,1.42233,-0.03162,-2.63742,1.09829,1.57085,0.11671,-0.12757,-0.48152,0.02655,,,,,,,,,,,,,,,,,,,,,,,,,,0,0,0,0,0
52.0833,1783969903.8501,2,2,0.5000,0.5112,1.42233,-0.03162,-2.63742,1.09829,1.57085,0.11671,-0.12757,-0.48152,0.02655,,,,,,,,,,,,,,,,,,,,,,,,,,0,0,0,0,0
52.0971,1783969903.8638,2,2,0.5000,0.5101,1.42233,-0.03162,-2.63742,1.09829,1.57085,0.11671,-0.12757,-0.48152,0.02655,,,,,,,,,,,,,,,,,,,,,,,,,,0,0,0,0,0
52.1069,1783969903.8737,2,2,0.5000,0.5032,1.42233,-0.03162,-2.63742,1.09829,1.57085,0.11671,-0.12757,-0.48152,0.02655,,,,,,,,,,,,,,,,,,,,,,,,,,0,0,0,0,0
52.1103,1783969903.8770,2,2,0.5000,0.4893,1.42233,-0.03162,-2.63742,1.09829,1.57085,0.11671,-0.12757,-0.48152,0.02655,,,,,,,,,,,,,,,,,,,,,,,,,,0,0,0,0,0
52.1253,1783969903.8921,2,2,0.5000,0.4981,1.42233,-0.03162,-2.63742,1.09829,1.57085,0.11671,-0.12757,-0.48152,0.02655,,,,,,,,,,,,,,,,,,,,,,,,,,0,0,0,0,0
52.1300,1783969903.8968,2,2,0.5000,0.4972,1.42233,-0.03162,-2.63742,1.09829,1.57085,0.11671,-0.12757,-0.48152,0.02655,,,,,,,,,,,,,,,,,,,,,,,,,,0,0,0,0,0
52.1307,1783969903.8975,2,2,0.5000,0.5187,1.42233,-0.03162,-2.63742,1.09829,1.57085,0.11671,-0.12757,-0.48152,0.02655,,,,,,,,,,,,,,,,,,,,,,,,,,0,0,0,0,0
52.1390,1783969903.9058,2,2,0.5000,0.5397,1.42233,-0.03162,-2.63742,1.09829,1.57085,0.11671,-0.12757,-0.48152,0.02655,,,,,,,,,,,,,,,,,,,,,,,,,,0,0,0,0,0
52.1394,1783969903.9062,2,2,0.5000,0.5153,1.42233,-0.03162,-2.63742,1.09829,1.57085,0.11671,-0.12757,-0.48152,0.02655,,,,,,,,,,,,,,,,,,,,,,,,,,0,0,0,0,0
52.1494,1783969903.9162,2,2,0.5000,0.5238,1.42233,-0.03162,-2.63742,1.09829,1.57085,0.11671,-0.12757,-0.48152,0.02655,,,,,,,,,,,,,,,,,,,,,,,,,,0,0,0,0,0
52.1676,1783969903.9344,2,2,0.5000,0.5186,1.42233,-0.03162,-2.63742,1.09829,1.57085,0.11671,-0.12757,-0.48152,0.02655,,,,,,,,,,,,,,,,,,,,,,,,,,0,0,0,0,0
52.1749,1783969903.9417,2,2,0.5000,0.5093,1.42233,-0.03162,-2.63742,1.09829,1.57085,0.11671,-0.12757,-0.48152,0.02655,,,,,,,,,,,,,,,,,,,,,,,,,,0,0,0,0,0
52.1841,1783969903.9509,2,2,0.5000,0.5333,1.42233,-0.03162,-2.63742,1.09829,1.57085,0.11671,-0.12757,-0.48152,0.02655,,,,,,,,,,,,,,,,,,,,,,,,,,0,0,0,0,0
52.1890,1783969903.9557,2,2,0.5000,0.5301,1.42233,-0.03162,-2.63742,1.09829,1.57085,0.11671,-0.12757,-0.48152,0.02655,,,,,,,,,,,,,,,,,,,,,,,,,,0,0,0,0,0
52.1895,1783969903.9563,2,2,0.5000,0.5241,1.42233,-0.03162,-2.63742,1.09829,1.57085,0.11671,-0.12757,-0.48152,0.02655,,,,,,,,,,,,,,,,,,,,,,,,,,0,0,0,0,0
52.2070,1783969903.9737,2,2,0.5000,0.5464,1.42233,-0.03162,-2.63742,1.09829,1.57085,0.11671,-0.12757,-0.48152,0.02655,,,,,,,,,,,,,,,,,,,,,,,,,,0,0,0,0,0
52.2097,1783969903.9764,2,2,0.5000,0.5315,1.42233,-0.03162,-2.63742,1.09829,1.57085,0.11671,-0.12757,-0.48152,0.02655,,,,,,,,,,,,,,,,,,,,,,,,,,0,0,0,0,0
52.2101,1783969903.9768,2,2,0.5000,0.5154,1.42233,-0.03162,-2.63742,1.09829,1.57085,0.11671,-0.12757,-0.48152,0.02655,,,,,,,,,,,,,,,,,,,,,,,,,,0,0,0,0,0
52.2197,1783969903.9865,2,2,0.5000,0.4988,1.42233,-0.03162,-2.63742,1.09829,1.57085,0.11671,-0.12757,-0.48152,0.02655,,,,,,,,,,,,,,,,,,,,,,,,,,0,0,0,0,0
52.2331,1783969903.9998,2,2,0.5000,0.5027,1.42233,-0.03162,-2.63742,1.09829,1.57085,0.11671,-0.12757,-0.48152,0.02655,,,,,,,,,,,,,,,,,,,,,,,,,,0,0,0,0,0
52.2401,1783969904.0069,2,2,0.5000,0.5108,1.42233,-0.03162,-2.63742,1.09829,1.57085,0.11671,-0.12757,-0.48152,0.02655,,,,,,,,,,,,,,,,,,,,,,,,,,0,0,0,0,0
52.2499,1783969904.0167,2,2,0.5000,0.5316,1.42233,-0.03162,-2.63742,1.09829,1.57085,0.11671,-0.12757,-0.48152,0.02655,,,,,,,,,,,,,,,,,,,,,,,,,,0,0,0,0,0
52.2616,1783969904.0283,2,2,0.5000,0.5639,1.42233,-0.03162,-2.63742,1.09829,1.57085,0.11671,-0.12757,-0.48152,0.02655,,,,,,,,,,,,,,,,,,,,,,,,,,0,0,0,0,0
52.2738,1783969904.0405,2,2,0.5000,0.5358,1.42233,-0.03162,-2.63742,1.09829,1.57085,0.11671,-0.12757,-0.48152,0.02655,,,,,,,,,,,,,,,,,,,,,,,,,,0,0,0,0,0
52.2940,1783969904.0608,2,2,0.5000,0.5251,1.42233,-0.03162,-2.63742,1.09829,1.57085,0.11671,-0.12757,-0.48152,0.02655,,,,,,,,,,,,,,,,,,,,,,,,,,0,0,0,0,0
52.2947,1783969904.0615,2,2,0.5000,0.5231,1.42233,-0.03162,-2.63742,1.09829,1.57085,0.11671,-0.12757,-0.48152,0.02655,,,,,,,,,,,,,,,,,,,,,,,,,,0,0,0,0,0
52.3002,1783969904.0670,2,2,0.5000,0.5233,1.42233,-0.03162,-2.63742,1.09829,1.57085,0.11671,-0.12757,-0.48152,0.02655,,,,,,,,,,,,,,,,,,,,,,,,,,0,0,0,0,0
52.3006,1783969904.0674,2,2,0.5000,0.5220,1.42233,-0.03162,-2.63742,1.09829,1.57085,0.11671,-0.12757,-0.48152,0.02655,,,,,,,,,,,,,,,,,,,,,,,,,,0,0,0,0,0
52.3112,1783969904.0780,2,2,0.5000,0.4942,1.42233,-0.03162,-2.63742,1.09829,1.57085,0.11671,-0.12757,-0.48152,0.02655,,,,,,,,,,,,,,,,,,,,,,,,,,0,0,0,0,0
52.3199,1783969904.0867,2,2,0.5000,0.4955,1.42233,-0.03162,-2.63742,1.09829,1.57085,0.11671,-0.12757,-0.48152,0.02655,,,,,,,,,,,,,,,,,,,,,,,,,,0,0,0,0,0
52.3320,1783969904.0988,2,2,0.5000,0.5037,1.42233,-0.03162,-2.63742,1.09829,1.57085,0.11671,-0.12757,-0.48152,0.02655,,,,,,,,,,,,,,,,,,,,,,,,,,0,0,0,0,0
52.3438,1783969904.1106,2,2,0.5000,0.4887,1.42233,-0.03162,-2.63742,1.09829,1.57085,0.11671,-0.12757,-0.48152,0.02655,,,,,,,,,,,,,,,,,,,,,,,,,,0,0,0,0,0
52.3497,1783969904.1165,2,2,0.5000,0.5254,1.42233,-0.03162,-2.63742,1.09829,1.57085,0.11671,-0.12757,-0.48152,0.02655,,,,,,,,,,,,,,,,,,,,,,,,,,0,0,0,0,0
52.3603,1783969904.1270,2,2,0.5000,0.5218,1.42233,-0.03162,-2.63742,1.09829,1.57085,0.11671,-0.12757,-0.48152,0.02655,,,,,,,,,,,,,,,,,,,,,,,,,,0,0,0,0,0
52.3693,1783969904.1361,2,2,0.5000,0.5418,1.42233,-0.03162,-2.63742,1.09829,1.57085,0.11671,-0.12757,-0.48152,0.02655,,,,,,,,,,,,,,,,,,,,,,,,,,0,0,0,0,0
52.3803,1783969904.1471,2,2,0.5000,0.5269,1.42233,-0.03162,-2.63742,1.09829,1.57085,0.11671,-0.12757,-0.48152,0.02655,,,,,,,,,,,,,,,,,,,,,,,,,,0,0,0,0,0
52.3965,1783969904.1633,2,2,0.5000,0.5117,1.42233,-0.03162,-2.63742,1.09829,1.57085,0.11671,-0.12757,-0.48152,0.02655,,,,,,,,,,,,,,,,,,,,,,,,,,0,0,0,0,0
52.4003,1783969904.1671,2,2,0.5000,0.5185,1.42233,-0.03162,-2.63742,1.09829,1.57085,0.11671,-0.12757,-0.48152,0.02655,,,,,,,,,,,,,,,,,,,,,,,,,,0,0,0,0,0
52.4006,1783969904.1674,2,2,0.5000,0.5153,1.42233,-0.03162,-2.63742,1.09829,1.57085,0.11671,-0.12757,-0.48152,0.02655,,,,,,,,,,,,,,,,,,,,,,,,,,0,0,0,0,0
52.4138,1783969904.1806,2,2,0.5000,0.4735,1.42233,-0.03162,-2.63742,1.09829,1.57085,0.11671,-0.12757,-0.48152,0.02655,,,,,,,,,,,,,,,,,,,,,,,,,,0,0,0,0,0
52.4205,1783969904.1872,2,2,0.5000,0.4774,1.42233,-0.03162,-2.63742,1.09829,1.57085,0.11671,-0.12757,-0.48152,0.02655,,,,,,,,,,,,,,,,,,,,,,,,,,0,0,0,0,0
52.4560,1783969904.2228,2,2,0.5000,0.4968,1.42233,-0.03162,-2.63742,1.09829,1.57085,0.11671,-0.12757,-0.48152,0.02655,,,,,,,,,,,,,,,,,,,,,,,,,,0,0,0,0,0
52.4570,1783969904.2238,2,2,0.5000,0.4891,1.42233,-0.03162,-2.63742,1.09829,1.57085,0.11671,-0.12757,-0.48152,0.02655,,,,,,,,,,,,,,,,,,,,,,,,,,0,0,0,0,0
52.4575,1783969904.2242,2,2,0.5000,0.4942,1.42233,-0.03162,-2.63742,1.09829,1.57085,0.11671,-0.12757,-0.48152,0.02655,,,,,,,,,,,,,,,,,,,,,,,,,,0,0,0,0,0
52.4645,1783969904.2313,2,2,0.5000,0.4903,1.42233,-0.03162,-2.63742,1.09829,1.57085,0.11671,-0.12757,-0.48152,0.02655,,,,,,,,,,,,,,,,,,,,,,,,,,0,0,0,0,0
52.4748,1783969904.2416,2,2,0.5000,0.4920,1.42233,-0.03162,-2.63742,1.09829,1.57085,0.11671,-0.12757,-0.48152,0.02655,,,,,,,,,,,,,,,,,,,,,,,,,,0,0,0,0,0
52.4829,1783969904.2497,2,2,0.5000,0.4735,1.42233,-0.03162,-2.63742,1.09829,1.57085,0.11671,-0.12757,-0.48152,0.02655,,,,,,,,,,,,,,,,,,,,,,,,,,0,0,0,0,0
52.4932,1783969904.2600,2,2,0.5000,0.4716,1.42233,-0.03162,-2.63742,1.09829,1.57085,0.11671,-0.12757,-0.48152,0.02655,,,,,,,,,,,,,,,,,,,,,,,,,,0,0,0,0,0
52.5036,1783969904.2704,2,2,0.5000,0.4785,1.42233,-0.03162,-2.63742,1.09829,1.57085,0.11671,-0.12757,-0.48152,0.02655,,,,,,,,,,,,,,,,,,,,,,,,,,0,0,0,0,0
52.5136,1783969904.2804,2,2,0.5000,0.4744,1.42233,-0.03162,-2.63742,1.09829,1.57085,0.11671,-0.12757,-0.48152,0.02655,,,,,,,,,,,,,,,,,,,,,,,,,,0,0,0,0,0
52.5201,1783969904.2869,2,2,0.5000,0.4812,1.42233,-0.03162,-2.63742,1.09829,1.57085,0.11671,-0.12757,-0.48152,0.02655,,,,,,,,,,,,,,,,,,,,,,,,,,0,0,0,0,0
52.5362,1783969904.3030,2,2,0.5000,0.4995,1.42233,-0.03162,-2.63742,1.09829,1.57085,0.11671,-0.12757,-0.48152,0.02655,,,,,,,,,,,,,,,,,,,,,,,,,,0,0,0,0,0
52.5480,1783969904.3148,2,2,0.5000,0.5051,1.42233,-0.03162,-2.63742,1.09829,1.57085,0.11671,-0.12757,-0.48152,0.02655,,,,,,,,,,,,,,,,,,,,,,,,,,0,0,0,0,0
52.5506,1783969904.3174,2,2,0.5000,0.5071,1.42233,-0.03162,-2.63742,1.09829,1.57085,0.11671,-0.12757,-0.48152,0.02655,,,,,,,,,,,,,,,,,,,,,,,,,,0,0,0,0,0
52.5516,1783969904.3184,2,2,0.5000,0.5220,1.42233,-0.03162,-2.63742,1.09829,1.57085,0.11671,-0.12757,-0.48152,0.02655,,,,,,,,,,,,,,,,,,,,,,,,,,0,0,0,0,0
52.5599,1783969904.3266,2,2,0.5000,0.5158,1.42233,-0.03162,-2.63742,1.09829,1.57085,0.11671,-0.12757,-0.48152,0.02655,,,,,,,,,,,,,,,,,,,,,,,,,,0,0,0,0,0
52.5742,1783969904.3410,2,2,0.5000,0.5082,1.42233,-0.03162,-2.63742,1.09829,1.57085,0.11671,-0.12757,-0.48152,0.02655,,,,,,,,,,,,,,,,,,,,,,,,,,0,0,0,0,0
52.5849,1783969904.3516,2,2,0.5000,0.5299,1.42233,-0.03162,-2.63742,1.09829,1.57085,0.11671,-0.12757,-0.48152,0.02655,,,,,,,,,,,,,,,,,,,,,,,,,,0,0,0,0,0
52.5939,1783969904.3607,2,2,0.5000,0.5260,1.42233,-0.03162,-2.63742,1.09829,1.57085,0.11671,-0.12757,-0.48152,0.02655,,,,,,,,,,,,,,,,,,,,,,,,,,0,0,0,0,0
52.5992,1783969904.3660,2,2,0.5000,0.5442,1.42233,-0.03162,-2.63742,1.09829,1.57085,0.11671,-0.12757,-0.48152,0.02655,,,,,,,,,,,,,,,,,,,,,,,,,,0,0,0,0,0
52.5995,1783969904.3662,2,2,0.5000,0.5364,1.42233,-0.03162,-2.63742,1.09829,1.57085,0.11671,-0.12757,-0.48152,0.02655,,,,,,,,,,,,,,,,,,,,,,,,,,0,0,0,0,0
52.6172,1783969904.3839,2,2,0.5000,0.5207,1.42233,-0.03162,-2.63742,1.09829,1.57085,0.11671,-0.12757,-0.48152,0.02655,,,,,,,,,,,,,,,,,,,,,,,,,,0,0,0,0,0
52.6175,1783969904.3843,2,2,0.5000,0.5204,1.42233,-0.03162,-2.63742,1.09829,1.57085,0.11671,-0.12757,-0.48152,0.02655,,,,,,,,,,,,,,,,,,,,,,,,,,0,0,0,0,0
52.6209,1783969904.3877,2,2,0.5000,0.5120,1.42233,-0.03162,-2.63742,1.09829,1.57085,0.11671,-0.12757,-0.48152,0.02655,,,,,,,,,,,,,,,,,,,,,,,,,,0,0,0,0,0
52.6323,1783969904.3990,2,2,0.5000,0.5101,1.42233,-0.03162,-2.63742,1.09829,1.57085,0.11671,-0.12757,-0.48152,0.02655,,,,,,,,,,,,,,,,,,,,,,,,,,0,0,0,0,0
52.6507,1783969904.4174,2,2,0.5000,0.4966,1.42233,-0.03162,-2.63742,1.09829,1.57085,0.11671,-0.12757,-0.48152,0.02655,,,,,,,,,,,,,,,,,,,,,,,,,,0,0,0,0,0
52.6509,1783969904.4177,2,2,0.5000,0.4933,1.42233,-0.03162,-2.63742,1.09829,1.57085,0.11671,-0.12757,-0.48152,0.02655,,,,,,,,,,,,,,,,,,,,,,,,,,0,0,0,0,0
52.6552,1783969904.4220,2,2,0.5000,0.5136,1.42233,-0.03162,-2.63742,1.09829,1.57085,0.11671,-0.12757,-0.48152,0.02655,,,,,,,,,,,,,,,,,,,,,,,,,,0,0,0,0,0
52.6556,1783969904.4223,2,2,0.5000,0.5163,1.42233,-0.03162,-2.63742,1.09829,1.57085,0.11671,-0.12757,-0.48152,0.02655,,,,,,,,,,,,,,,,,,,,,,,,,,0,0,0,0,0
52.6670,1783969904.4338,2,2,0.5000,0.5123,1.42233,-0.03162,-2.63742,1.09829,1.57085,0.11671,-0.12757,-0.48152,0.02655,,,,,,,,,,,,,,,,,,,,,,,,,,0,0,0,0,0
52.6673,1783969904.4341,2,2,0.5000,0.5189,1.42233,-0.03162,-2.63742,1.09829,1.57085,0.11671,-0.12757,-0.48152,0.02655,,,,,,,,,,,,,,,,,,,,,,,,,,0,0,0,0,0
52.6689,1783969904.4357,2,2,0.5000,0.5256,1.42233,-0.03162,-2.63742,1.09829,1.57085,0.11671,-0.12757,-0.48152,0.02655,,,,,,,,,,,,,,,,,,,,,,,,,,0,0,0,0,0
52.6692,1783969904.4359,2,2,0.5000,0.5122,1.42233,-0.03162,-2.63742,1.09829,1.57085,0.11671,-0.12757,-0.48152,0.02655,,,,,,,,,,,,,,,,,,,,,,,,,,0,0,0,0,0
52.6802,1783969904.4470,2,2,0.5000,0.5092,1.42233,-0.03162,-2.63742,1.09829,1.57085,0.11671,-0.12757,-0.48152,0.02655,,,,,,,,,,,,,,,,,,,,,,,,,,0,0,0,0,0
52.6968,1783969904.4636,2,2,0.5000,0.4995,1.42233,-0.03162,-2.63742,1.09829,1.57085,0.11671,-0.12757,-0.48152,0.02655,,,,,,,,,,,,,,,,,,,,,,,,,,0,0,0,0,0
52.7002,1783969904.4670,2,2,0.5000,0.5117,1.42233,-0.03162,-2.63742,1.09829,1.57085,0.11671,-0.12757,-0.48152,0.02655,,,,,,,,,,,,,,,,,,,,,,,,,,0,0,0,0,0
52.7106,1783969904.4774,2,2,0.5000,0.5068,1.42233,-0.03162,-2.63742,1.09829,1.57085,0.11671,-0.12757,-0.48152,0.02655,,,,,,,,,,,,,,,,,,,,,,,,,,0,0,0,0,0
52.7191,1783969904.4859,2,2,0.5000,0.5075,1.42233,-0.03162,-2.63742,1.09829,1.57085,0.11671,-0.12757,-0.48152,0.02655,,,,,,,,,,,,,,,,,,,,,,,,,,0,0,0,0,0
52.7405,1783969904.5073,2,2,0.5000,0.5131,1.42233,-0.03162,-2.63742,1.09829,1.57085,0.11671,-0.12757,-0.48152,0.02655,,,,,,,,,,,,,,,,,,,,,,,,,,0,0,0,0,0
52.7409,1783969904.5077,2,2,0.5000,0.5176,1.42233,-0.03162,-2.63742,1.09829,1.57085,0.11671,-0.12757,-0.48152,0.02655,,,,,,,,,,,,,,,,,,,,,,,,,,0,0,0,0,0
52.7453,1783969904.5121,2,2,0.5000,0.4977,1.42233,-0.03162,-2.63742,1.09829,1.57085,0.11671,-0.12757,-0.48152,0.02655,,,,,,,,,,,,,,,,,,,,,,,,,,0,0,0,0,0
52.7515,1783969904.5183,2,2,0.5000,0.4495,1.42233,-0.03162,-2.63742,1.09829,1.57085,0.11671,-0.12757,-0.48152,0.02655,,,,,,,,,,,,,,,,,,,,,,,,,,0,0,0,0,0
52.7595,1783969904.5263,2,2,0.5000,0.4419,1.42233,-0.03162,-2.63742,1.09829,1.57085,0.11671,-0.12757,-0.48152,0.02655,,,,,,,,,,,,,,,,,,,,,,,,,,0,0,0,0,0
52.7601,1783969904.5269,2,2,0.5000,0.4447,1.42233,-0.03162,-2.63742,1.09829,1.57085,0.11671,-0.12757,-0.48152,0.02655,,,,,,,,,,,,,,,,,,,,,,,,,,0,0,0,0,0
52.7692,1783969904.5359,2,2,0.5000,0.4802,1.42233,-0.03162,-2.63742,1.09829,1.57085,0.11671,-0.12757,-0.48152,0.02655,,,,,,,,,,,,,,,,,,,,,,,,,,0,0,0,0,0
52.7694,1783969904.5362,2,2,0.5000,0.4920,1.42233,-0.03162,-2.63742,1.09829,1.57085,0.11671,-0.12757,-0.48152,0.02655,,,,,,,,,,,,,,,,,,,,,,,,,,0,0,0,0,0
52.7828,1783969904.5495,2,2,0.5000,0.5121,1.42233,-0.03162,-2.63742,1.09829,1.57085,0.11671,-0.12757,-0.48152,0.02655,,,,,,,,,,,,,,,,,,,,,,,,,,0,0,0,0,0
52.7938,1783969904.5606,2,2,0.5000,0.4888,1.42233,-0.03162,-2.63742,1.09829,1.57085,0.11671,-0.12757,-0.48152,0.02655,,,,,,,,,,,,,,,,,,,,,,,,,,0,0,0,0,0
52.8008,1783969904.5676,2,2,0.5000,0.4966,1.42233,-0.03162,-2.63742,1.09829,1.57085,0.11671,-0.12757,-0.48152,0.02655,,,,,,,,,,,,,,,,,,,,,,,,,,0,0,0,0,0
52.8100,1783969904.5768,2,2,0.5000,0.4747,1.42233,-0.03162,-2.63742,1.09829,1.57085,0.11671,-0.12757,-0.48152,0.02655,,,,,,,,,,,,,,,,,,,,,,,,,,0,0,0,0,0
52.8227,1783969904.5895,2,2,0.5000,0.4860,1.42233,-0.03162,-2.63742,1.09829,1.57085,0.11671,-0.12757,-0.48152,0.02655,,,,,,,,,,,,,,,,,,,,,,,,,,0,0,0,0,0
52.8299,1783969904.5967,2,2,0.5000,0.5233,1.42233,-0.03162,-2.63742,1.09829,1.57085,0.11671,-0.12757,-0.48152,0.02655,,,,,,,,,,,,,,,,,,,,,,,,,,0,0,0,0,0
52.8441,1783969904.6109,2,2,0.5000,0.5379,1.42233,-0.03162,-2.63742,1.09829,1.57085,0.11671,-0.12757,-0.48152,0.02655,,,,,,,,,,,,,,,,,,,,,,,,,,0,0,0,0,0
52.8445,1783969904.6113,2,2,0.5000,0.5231,1.42233,-0.03162,-2.63742,1.09829,1.57085,0.11671,-0.12757,-0.48152,0.02655,,,,,,,,,,,,,,,,,,,,,,,,,,0,0,0,0,0
52.8524,1783969904.6192,2,2,0.5000,0.5027,1.42233,-0.03162,-2.63742,1.09829,1.57085,0.11671,-0.12757,-0.48152,0.02655,,,,,,,,,,,,,,,,,,,,,,,,,,0,0,0,0,0
52.8610,1783969904.6277,2,2,0.5000,0.4701,1.42233,-0.03162,-2.63742,1.09829,1.57085,0.11671,-0.12757,-0.48152,0.02655,,,,,,,,,,,,,,,,,,,,,,,,,,0,0,0,0,0
52.8749,1783969904.6417,2,2,0.5000,0.4241,1.42233,-0.03162,-2.63742,1.09829,1.57085,0.11671,-0.12757,-0.48152,0.02655,,,,,,,,,,,,,,,,,,,,,,,,,,0,0,0,0,0
52.8819,1783969904.6486,2,2,0.5000,0.4355,1.42233,-0.03162,-2.63742,1.09829,1.57085,0.11671,-0.12757,-0.48152,0.02655,,,,,,,,,,,,,,,,,,,,,,,,,,0,0,0,0,0
52.9003,1783969904.6671,2,2,0.5000,0.4478,1.42233,-0.03162,-2.63742,1.09829,1.57085,0.11671,-0.12757,-0.48152,0.02655,,,,,,,,,,,,,,,,,,,,,,,,,,0,0,0,0,0
52.9014,1783969904.6682,2,2,0.5000,0.5260,1.42233,-0.03162,-2.63742,1.09829,1.57085,0.11671,-0.12757,-0.48152,0.02655,,,,,,,,,,,,,,,,,,,,,,,,,,0,0,0,0,0
52.9107,1783969904.6775,2,2,0.5000,0.5377,1.42233,-0.03162,-2.63742,1.09829,1.57085,0.11671,-0.12757,-0.48152,0.02655,,,,,,,,,,,,,,,,,,,,,,,,,,0,0,0,0,0
52.9233,1783969904.6900,2,2,0.5000,0.5493,1.42233,-0.03162,-2.63742,1.09829,1.57085,0.11671,-0.12757,-0.48152,0.02655,,,,,,,,,,,,,,,,,,,,,,,,,,0,0,0,0,0
52.9240,1783969904.6907,2,2,0.5000,0.5200,1.42233,-0.03162,-2.63742,1.09829,1.57085,0.11671,-0.12757,-0.48152,0.02655,,,,,,,,,,,,,,,,,,,,,,,,,,0,0,0,0,0
52.9290,1783969904.6958,2,2,0.5000,0.5085,1.42233,-0.03162,-2.63742,1.09829,1.57085,0.11671,-0.12757,-0.48152,0.02655,,,,,,,,,,,,,,,,,,,,,,,,,,0,0,0,0,0
52.9293,1783969904.6960,2,2,0.5000,0.5118,1.42233,-0.03162,-2.63742,1.09829,1.57085,0.11671,-0.12757,-0.48152,0.02655,,,,,,,,,,,,,,,,,,,,,,,,,,0,0,0,0,0
52.9453,1783969904.7121,2,2,0.5000,0.4738,1.42233,-0.03162,-2.63742,1.09829,1.57085,0.11671,-0.12757,-0.48152,0.02655,,,,,,,,,,,,,,,,,,,,,,,,,,0,0,0,0,0
52.9599,1783969904.7267,2,2,0.5000,0.4889,1.42233,-0.03162,-2.63742,1.09829,1.57085,0.11671,-0.12757,-0.48152,0.02655,,,,,,,,,,,,,,,,,,,,,,,,,,0,0,0,0,0
52.9639,1783969904.7307,2,2,0.5000,0.4958,1.42233,-0.03162,-2.63742,1.09829,1.57085,0.11671,-0.12757,-0.48152,0.02655,,,,,,,,,,,,,,,,,,,,,,,,,,0,0,0,0,0
52.9745,1783969904.7412,2,2,0.5000,0.5099,1.42233,-0.03162,-2.63742,1.09829,1.57085,0.11671,-0.12757,-0.48152,0.02655,,,,,,,,,,,,,,,,,,,,,,,,,,0,0,0,0,0
52.9845,1783969904.7513,2,2,0.5000,0.5123,1.42233,-0.03162,-2.63742,1.09829,1.57085,0.11671,-0.12757,-0.48152,0.02655,,,,,,,,,,,,,,,,,,,,,,,,,,0,0,0,0,0
52.9891,1783969904.7559,2,2,0.5000,0.4577,1.42233,-0.03162,-2.63742,1.09829,1.57085,0.11671,-0.12757,-0.48152,0.02655,,,,,,,,,,,,,,,,,,,,,,,,,,0,0,0,0,0
53.0066,1783969904.7734,2,2,0.5000,0.4507,1.42233,-0.03162,-2.63742,1.09829,1.57085,0.11671,-0.12757,-0.48152,0.02655,,,,,,,,,,,,,,,,,,,,,,,,,,0,0,0,0,0
53.0069,1783969904.7737,2,2,0.5000,0.4465,1.42233,-0.03162,-2.63742,1.09829,1.57085,0.11671,-0.12757,-0.48152,0.02655,,,,,,,,,,,,,,,,,,,,,,,,,,0,0,0,0,0
53.0104,1783969904.7772,2,2,0.5000,0.4240,1.42233,-0.03162,-2.63742,1.09829,1.57085,0.11671,-0.12757,-0.48152,0.02655,,,,,,,,,,,,,,,,,,,,,,,,,,0,0,0,0,0
53.0332,1783969904.8000,2,2,0.5000,0.4315,1.42233,-0.03162,-2.63742,1.09829,1.57085,0.11671,-0.12757,-0.48152,0.02655,,,,,,,,,,,,,,,,,,,,,,,,,,0,0,0,0,0
53.0368,1783969904.8036,2,2,0.5000,0.4659,1.42233,-0.03162,-2.63742,1.09829,1.57085,0.11671,-0.12757,-0.48152,0.02655,,,,,,,,,,,,,,,,,,,,,,,,,,0,0,0,0,0
53.0552,1783969904.8219,2,2,0.5000,0.4921,1.42233,-0.03162,-2.63742,1.09829,1.57085,0.11671,-0.12757,-0.48152,0.02655,,,,,,,,,,,,,,,,,,,,,,,,,,0,0,0,0,0
53.0628,1783969904.8296,2,2,0.5000,0.5408,1.42233,-0.03162,-2.63742,1.09829,1.57085,0.11671,-0.12757,-0.48152,0.02655,,,,,,,,,,,,,,,,,,,,,,,,,,0,0,0,0,0
53.0648,1783969904.8316,2,2,0.5000,0.4955,1.42233,-0.03162,-2.63742,1.09829,1.57085,0.11671,-0.12757,-0.48152,0.02655,,,,,,,,,,,,,,,,,,,,,,,,,,0,0,0,0,0
53.0690,1783969904.8357,2,2,0.5000,0.4944,1.42233,-0.03162,-2.63742,1.09829,1.57085,0.11671,-0.12757,-0.48152,0.02655,,,,,,,,,,,,,,,,,,,,,,,,,,0,0,0,0,0
53.0694,1783969904.8362,2,2,0.5000,0.4604,1.42233,-0.03162,-2.63742,1.09829,1.57085,0.11671,-0.12757,-0.48152,0.02655,,,,,,,,,,,,,,,,,,,,,,,,,,0,0,0,0,0
53.0865,1783969904.8533,2,2,0.5000,0.4695,1.42233,-0.03162,-2.63742,1.09829,1.57085,0.11671,-0.12757,-0.48152,0.02655,,,,,,,,,,,,,,,,,,,,,,,,,,0,0,0,0,0
53.0893,1783969904.8560,2,2,0.5000,0.4765,1.42233,-0.03162,-2.63742,1.09829,1.57085,0.11671,-0.12757,-0.48152,0.02655,,,,,,,,,,,,,,,,,,,,,,,,,,0,0,0,0,0
53.1158,1783969904.8826,2,2,0.5000,0.5191,1.42233,-0.03162,-2.63742,1.09829,1.57085,0.11671,-0.12757,-0.48152,0.02655,,,,,,,,,,,,,,,,,,,,,,,,,,0,0,0,0,0
53.1161,1783969904.8829,2,2,0.5000,0.5181,1.42233,-0.03162,-2.63742,1.09829,1.57085,0.11671,-0.12757,-0.48152,0.02655,,,,,,,,,,,,,,,,,,,,,,,,,,0,0,0,0,0
53.1281,1783969904.8948,2,2,0.5000,0.4842,1.42233,-0.03162,-2.63742,1.09829,1.57085,0.11671,-0.12757,-0.48152,0.02655,,,,,,,,,,,,,,,,,,,,,,,,,,0,0,0,0,0
53.1428,1783969904.9095,2,2,0.5000,0.4201,1.42233,-0.03162,-2.63742,1.09829,1.57085,0.11671,-0.12757,-0.48152,0.02655,,,,,,,,,,,,,,,,,,,,,,,,,,0,0,0,0,0
53.1431,1783969904.9099,2,2,0.5000,0.3987,1.42233,-0.03162,-2.63742,1.09829,1.57085,0.11671,-0.12757,-0.48152,0.02655,,,,,,,,,,,,,,,,,,,,,,,,,,0,0,0,0,0
53.1499,1783969904.9167,2,2,0.5000,0.4629,1.42233,-0.03162,-2.63742,1.09829,1.57085,0.11671,-0.12757,-0.48152,0.02655,,,,,,,,,,,,,,,,,,,,,,,,,,0,0,0,0,0
53.1639,1783969904.9307,2,2,0.5000,0.4527,1.42233,-0.03162,-2.63742,1.09829,1.57085,0.11671,-0.12757,-0.48152,0.02655,,,,,,,,,,,,,,,,,,,,,,,,,,0,0,0,0,0
53.1642,1783969904.9310,2,2,0.5000,0.4592,1.42233,-0.03162,-2.63742,1.09829,1.57085,0.11671,-0.12757,-0.48152,0.02655,,,,,,,,,,,,,,,,,,,,,,,,,,0,0,0,0,0
53.1692,1783969904.9360,2,2,0.5000,0.4883,1.42233,-0.03162,-2.63742,1.09829,1.57085,0.11671,-0.12757,-0.48152,0.02655,,,,,,,,,,,,,,,,,,,,,,,,,,0,0,0,0,0
53.1941,1783969904.9608,2,2,0.5000,0.4929,1.42233,-0.03162,-2.63742,1.09829,1.57085,0.11671,-0.12757,-0.48152,0.02655,,,,,,,,,,,,,,,,,,,,,,,,,,0,0,0,0,0
53.2025,1783969904.9693,2,2,0.5000,0.4670,1.42233,-0.03162,-2.63742,1.09829,1.57085,0.11671,-0.12757,-0.48152,0.02655,,,,,,,,,,,,,,,,,,,,,,,,,,0,0,0,0,0
53.2028,1783969904.9696,2,2,0.5000,0.4603,1.42233,-0.03162,-2.63742,1.09829,1.57085,0.11671,-0.12757,-0.48152,0.02655,,,,,,,,,,,,,,,,,,,,,,,,,,0,0,0,0,0
53.2205,1783969904.9872,2,2,0.5000,0.4671,1.42233,-0.03162,-2.63742,1.09829,1.57085,0.11671,-0.12757,-0.48152,0.02655,,,,,,,,,,,,,,,,,,,,,,,,,,0,0,0,0,0
53.2295,1783969904.9963,2,2,0.5000,0.4702,1.42233,-0.03162,-2.63742,1.09829,1.57085,0.11671,-0.12757,-0.48152,0.02655,,,,,,,,,,,,,,,,,,,,,,,,,,0,0,0,0,0
53.2314,1783969904.9982,2,2,0.5000,0.5072,1.42233,-0.03162,-2.63742,1.09829,1.57085,0.11671,-0.12757,-0.48152,0.02655,,,,,,,,,,,,,,,,,,,,,,,,,,0,0,0,0,0
53.2320,1783969904.9988,2,2,0.5000,0.5260,1.42233,-0.03162,-2.63742,1.09829,1.57085,0.11671,-0.12757,-0.48152,0.02655,,,,,,,,,,,,,,,,,,,,,,,,,,0,0,0,0,0
53.2324,1783969904.9992,2,2,0.5000,0.5581,1.42233,-0.03162,-2.63742,1.09829,1.57085,0.11671,-0.12757,-0.48152,0.02655,,,,,,,,,,,,,,,,,,,,,,,,,,0,0,0,0,0
53.2399,1783969905.0067,2,2,0.5000,0.5228,1.42233,-0.03162,-2.63742,1.09829,1.57085,0.11671,-0.12757,-0.48152,0.02655,,,,,,,,,,,,,,,,,,,,,,,,,,0,0,0,0,0
53.2542,1783969905.0209,2,2,0.5000,0.5099,1.42233,-0.03162,-2.63742,1.09829,1.57085,0.11671,-0.12757,-0.48152,0.02655,,,,,,,,,,,,,,,,,,,,,,,,,,0,0,0,0,0
53.2660,1783969905.0327,2,2,0.5000,0.4972,1.42233,-0.03162,-2.63742,1.09829,1.57085,0.11671,-0.12757,-0.48152,0.02655,,,,,,,,,,,,,,,,,,,,,,,,,,0,0,0,0,0
53.2726,1783969905.0394,2,2,0.5000,0.4715,1.42233,-0.03162,-2.63742,1.09829,1.57085,0.11671,-0.12757,-0.48152,0.02655,,,,,,,,,,,,,,,,,,,,,,,,,,0,0,0,0,0
53.2830,1783969905.0498,2,2,0.5000,0.4890,1.42233,-0.03162,-2.63742,1.09829,1.57085,0.11671,-0.12757,-0.48152,0.02655,,,,,,,,,,,,,,,,,,,,,,,,,,0,0,0,0,0
53.2933,1783969905.0601,2,2,0.5000,0.4921,1.42233,-0.03162,-2.63742,1.09829,1.57085,0.11671,-0.12757,-0.48152,0.02655,,,,,,,,,,,,,,,,,,,,,,,,,,0,0,0,0,0
53.3001,1783969905.0668,2,2,0.5000,0.4881,1.42233,-0.03162,-2.63742,1.09829,1.57085,0.11671,-0.12757,-0.48152,0.02655,,,,,,,,,,,,,,,,,,,,,,,,,,0,0,0,0,0
53.3005,1783969905.0672,2,2,0.5000,0.4855,1.42233,-0.03162,-2.63742,1.09829,1.57085,0.11671,-0.12757,-0.48152,0.02655,,,,,,,,,,,,,,,,,,,,,,,,,,0,0,0,0,0
53.3104,1783969905.0772,2,2,0.5000,0.4638,1.42233,-0.03162,-2.63742,1.09829,1.57085,0.11671,-0.12757,-0.48152,0.02655,,,,,,,,,,,,,,,,,,,,,,,,,,0,0,0,0,0
53.3268,1783969905.0936,2,2,0.5000,0.4497,1.42233,-0.03162,-2.63742,1.09829,1.57085,0.11671,-0.12757,-0.48152,0.02655,,,,,,,,,,,,,,,,,,,,,,,,,,0,0,0,0,0
53.3353,1783969905.1020,2,2,0.5000,0.4440,1.42233,-0.03162,-2.63742,1.09829,1.57085,0.11671,-0.12757,-0.48152,0.02655,,,,,,,,,,,,,,,,,,,,,,,,,,0,0,0,0,0
53.3411,1783969905.1079,2,2,0.5000,0.4597,1.42233,-0.03162,-2.63742,1.09829,1.57085,0.11671,-0.12757,-0.48152,0.02655,,,,,,,,,,,,,,,,,,,,,,,,,,0,0,0,0,0
53.3551,1783969905.1219,2,2,0.5000,0.4975,1.42233,-0.03162,-2.63742,1.09829,1.57085,0.11671,-0.12757,-0.48152,0.02655,,,,,,,,,,,,,,,,,,,,,,,,,,0,0,0,0,0
53.3557,1783969905.1225,2,2,0.5000,0.5191,1.42233,-0.03162,-2.63742,1.09829,1.57085,0.11671,-0.12757,-0.48152,0.02655,,,,,,,,,,,,,,,,,,,,,,,,,,0,0,0,0,0
53.3599,1783969905.1267,2,2,0.5000,0.5290,1.42233,-0.03162,-2.63742,1.09829,1.57085,0.11671,-0.12757,-0.48152,0.02655,,,,,,,,,,,,,,,,,,,,,,,,,,0,0,0,0,0
53.3691,1783969905.1359,2,2,0.5000,0.5060,1.42233,-0.03162,-2.63742,1.09829,1.57085,0.11671,-0.12757,-0.48152,0.02655,,,,,,,,,,,,,,,,,,,,,,,,,,0,0,0,0,0
53.3694,1783969905.1361,2,2,0.5000,0.4959,1.42233,-0.03162,-2.63742,1.09829,1.57085,0.11671,-0.12757,-0.48152,0.02655,,,,,,,,,,,,,,,,,,,,,,,,,,0,0,0,0,0
53.3794,1783969905.1462,2,2,0.5000,0.4686,1.42233,-0.03162,-2.63742,1.09829,1.57085,0.11671,-0.12757,-0.48152,0.02655,,,,,,,,,,,,,,,,,,,,,,,,,,0,0,0,0,0
53.3948,1783969905.1616,2,2,0.5000,0.3957,1.42233,-0.03162,-2.63742,1.09829,1.57085,0.11671,-0.12757,-0.48152,0.02655,,,,,,,,,,,,,,,,,,,,,,,,,,0,0,0,0,0
53.3998,1783969905.1666,2,2,0.5000,0.4456,1.42233,-0.03162,-2.63742,1.09829,1.57085,0.11671,-0.12757,-0.48152,0.02655,,,,,,,,,,,,,,,,,,,,,,,,,,0,0,0,0,0
53.4131,1783969905.1799,2,2,0.5000,0.4708,1.42233,-0.03162,-2.63742,1.09829,1.57085,0.11671,-0.12757,-0.48152,0.02655,,,,,,,,,,,,,,,,,,,,,,,,,,0,0,0,0,0
53.4399,1783969905.2067,2,2,0.5000,0.5118,1.42233,-0.03162,-2.63742,1.09829,1.57085,0.11671,-0.12757,-0.48152,0.02655,,,,,,,,,,,,,,,,,,,,,,,,,,0,0,0,0,0
53.4440,1783969905.2108,2,2,0.5000,0.5092,1.42233,-0.03162,-2.63742,1.09829,1.57085,0.11671,-0.12757,-0.48152,0.02655,,,,,,,,,,,,,,,,,,,,,,,,,,0,0,0,0,0
53.4443,1783969905.2111,2,2,0.5000,0.5059,1.42233,-0.03162,-2.63742,1.09829,1.57085,0.11671,-0.12757,-0.48152,0.02655,,,,,,,,,,,,,,,,,,,,,,,,,,0,0,0,0,0
53.4446,1783969905.2114,2,2,0.5000,0.4711,1.42233,-0.03162,-2.63742,1.09829,1.57085,0.11671,-0.12757,-0.48152,0.02655,,,,,,,,,,,,,,,,,,,,,,,,,,0,0,0,0,0
53.4739,1783969905.2407,2,2,0.5000,0.4391,1.42233,-0.03162,-2.63742,1.09829,1.57085,0.11671,-0.12757,-0.48152,0.02655,,,,,,,,,,,,,,,,,,,,,,,,,,0,0,0,0,0
53.4746,1783969905.2414,2,2,0.5000,0.4210,1.42233,-0.03162,-2.63742,1.09829,1.57085,0.11671,-0.12757,-0.48152,0.02655,,,,,,,,,,,,,,,,,,,,,,,,,,0,0,0,0,0
53.4801,1783969905.2469,2,2,0.5000,0.4326,1.42233,-0.03162,-2.63742,1.09829,1.57085,0.11671,-0.12757,-0.48152,0.02655,,,,,,,,,,,,,,,,,,,,,,,,,,0,0,0,0,0
53.4806,1783969905.2473,2,2,0.5000,0.4120,1.42233,-0.03162,-2.63742,1.09829,1.57085,0.11671,-0.12757,-0.48152,0.02655,,,,,,,,,,,,,,,,,,,,,,,,,,0,0,0,0,0
53.4853,1783969905.2520,2,2,0.5000,0.4162,1.42233,-0.03162,-2.63742,1.09829,1.57085,0.11671,-0.12757,-0.48152,0.02655,,,,,,,,,,,,,,,,,,,,,,,,,,0,0,0,0,0
53.4857,1783969905.2525,2,2,0.5000,0.4405,1.42233,-0.03162,-2.63742,1.09829,1.57085,0.11671,-0.12757,-0.48152,0.02655,,,,,,,,,,,,,,,,,,,,,,,,,,0,0,0,0,0
53.4960,1783969905.2627,2,2,0.5000,0.4573,1.42233,-0.03162,-2.63742,1.09829,1.57085,0.11671,-0.12757,-0.48152,0.02655,,,,,,,,,,,,,,,,,,,,,,,,,,0,0,0,0,0
53.5042,1783969905.2710,2,2,0.5000,0.5056,1.42233,-0.03162,-2.63742,1.09829,1.57085,0.11671,-0.12757,-0.48152,0.02655,,,,,,,,,,,,,,,,,,,,,,,,,,0,0,0,0,0
53.5150,1783969905.2818,2,2,0.5000,0.4646,1.42233,-0.03162,-2.63742,1.09829,1.57085,0.11671,-0.12757,-0.48152,0.02655,,,,,,,,,,,,,,,,,,,,,,,,,,0,0,0,0,0
53.5710,1783969905.3378,2,2,0.5000,0.4647,1.42233,-0.03162,-2.63742,1.09829,1.57085,0.11671,-0.12757,-0.48152,0.02655,,,,,,,,,,,,,,,,,,,,,,,,,,0,0,0,0,0
53.5720,1783969905.3387,2,2,0.5000,0.4630,1.42233,-0.03162,-2.63742,1.09829,1.57085,0.11671,-0.12757,-0.48152,0.02655,,,,,,,,,,,,,,,,,,,,,,,,,,0,0,0,0,0
53.5803,1783969905.3470,2,2,0.5000,0.4576,1.42233,-0.03162,-2.63742,1.09829,1.57085,0.11671,-0.12757,-0.48152,0.02655,,,,,,,,,,,,,,,,,,,,,,,,,,0,0,0,0,0
53.6177,1783969905.3845,2,2,0.5000,0.4587,1.42233,-0.03162,-2.63742,1.09829,1.57085,0.11671,-0.12757,-0.48152,0.02655,,,,,,,,,,,,,,,,,,,,,,,,,,0,0,0,0,0
53.6213,1783969905.3881,2,2,0.5000,0.4995,1.42233,-0.03162,-2.63742,1.09829,1.57085,0.11671,-0.12757,-0.48152,0.02655,,,,,,,,,,,,,,,,,,,,,,,,,,0,0,0,0,0
53.6234,1783969905.3902,2,2,0.5000,0.4985,1.42233,-0.03162,-2.63742,1.09829,1.57085,0.11671,-0.12757,-0.48152,0.02655,,,,,,,,,,,,,,,,,,,,,,,,,,0,0,0,0,0
53.6240,1783969905.3907,2,2,0.5000,0.4764,1.42233,-0.03162,-2.63742,1.09829,1.57085,0.11671,-0.12757,-0.48152,0.02655,,,,,,,,,,,,,,,,,,,,,,,,,,0,0,0,0,0
53.6245,1783969905.3913,2,2,0.5000,0.4870,1.42233,-0.03162,-2.63742,1.09829,1.57085,0.11671,-0.12757,-0.48152,0.02655,,,,,,,,,,,,,,,,,,,,,,,,,,0,0,0,0,0
53.6252,1783969905.3920,2,2,0.5000,0.4980,1.42233,-0.03162,-2.63742,1.09829,1.57085,0.11671,-0.12757,-0.48152,0.02655,,,,,,,,,,,,,,,,,,,,,,,,,,0,0,0,0,0
53.6256,1783969905.3923,2,2,0.5000,0.4919,1.42233,-0.03162,-2.63742,1.09829,1.57085,0.11671,-0.12757,-0.48152,0.02655,,,,,,,,,,,,,,,,,,,,,,,,,,0,0,0,0,0
53.6323,1783969905.3991,2,2,0.5000,0.4835,1.42233,-0.03162,-2.63742,1.09829,1.57085,0.11671,-0.12757,-0.48152,0.02655,,,,,,,,,,,,,,,,,,,,,,,,,,0,0,0,0,0
53.6326,1783969905.3994,2,2,0.5000,0.4714,1.42233,-0.03162,-2.63742,1.09829,1.57085,0.11671,-0.12757,-0.48152,0.02655,,,,,,,,,,,,,,,,,,,,,,,,,,0,0,0,0,0
53.6393,1783969905.4060,2,2,0.5000,0.4517,1.42233,-0.03162,-2.63742,1.09829,1.57085,0.11671,-0.12757,-0.48152,0.02655,,,,,,,,,,,,,,,,,,,,,,,,,,0,0,0,0,0
53.6558,1783969905.4226,2,2,0.5000,0.4717,1.42233,-0.03162,-2.63742,1.09829,1.57085,0.11671,-0.12757,-0.48152,0.02655,,,,,,,,,,,,,,,,,,,,,,,,,,0,0,0,0,0
53.6629,1783969905.4296,2,2,0.5000,0.4557,1.42233,-0.03162,-2.63742,1.09829,1.57085,0.11671,-0.12757,-0.48152,0.02655,,,,,,,,,,,,,,,,,,,,,,,,,,0,0,0,0,0
53.6747,1783969905.4415,2,2,0.5000,0.4500,1.42233,-0.03162,-2.63742,1.09829,1.57085,0.11671,-0.12757,-0.48152,0.02655,,,,,,,,,,,,,,,,,,,,,,,,,,0,0,0,0,0
53.6850,1783969905.4518,2,2,0.5000,0.4520,1.42233,-0.03162,-2.63742,1.09829,1.57085,0.11671,-0.12757,-0.48152,0.02655,,,,,,,,,,,,,,,,,,,,,,,,,,0,0,0,0,0
53.6934,1783969905.4602,2,2,0.5000,0.4735,1.42233,-0.03162,-2.63742,1.09829,1.57085,0.11671,-0.12757,-0.48152,0.02655,,,,,,,,,,,,,,,,,,,,,,,,,,0,0,0,0,0
53.7055,1783969905.4723,2,2,0.5000,0.4912,1.42233,-0.03162,-2.63742,1.09829,1.57085,0.11671,-0.12757,-0.48152,0.02655,,,,,,,,,,,,,,,,,,,,,,,,,,0,0,0,0,0
53.7198,1783969905.4866,2,2,0.5000,0.4760,1.42233,-0.03162,-2.63742,1.09829,1.57085,0.11671,-0.12757,-0.48152,0.02655,,,,,,,,,,,,,,,,,,,,,,,,,,0,0,0,0,0
53.7274,1783969905.4942,2,2,0.5000,0.4618,1.42233,-0.03162,-2.63742,1.09829,1.57085,0.11671,-0.12757,-0.48152,0.02655,,,,,,,,,,,,,,,,,,,,,,,,,,0,0,0,0,0
53.7279,1783969905.4947,2,2,0.5000,0.4611,1.42233,-0.03162,-2.63742,1.09829,1.57085,0.11671,-0.12757,-0.48152,0.02655,,,,,,,,,,,,,,,,,,,,,,,,,,0,0,0,0,0
53.7450,1783969905.5118,2,2,0.5000,0.5013,1.42233,-0.03162,-2.63742,1.09829,1.57085,0.11671,-0.12757,-0.48152,0.02655,,,,,,,,,,,,,,,,,,,,,,,,,,0,0,0,0,0
53.7454,1783969905.5122,2,2,0.5000,0.5085,1.42233,-0.03162,-2.63742,1.09829,1.57085,0.11671,-0.12757,-0.48152,0.02655,,,,,,,,,,,,,,,,,,,,,,,,,,0,0,0,0,0
53.7468,1783969905.5136,2,2,0.5000,0.4853,1.42233,-0.03162,-2.63742,1.09829,1.57085,0.11671,-0.12757,-0.48152,0.02655,,,,,,,,,,,,,,,,,,,,,,,,,,0,0,0,0,0
53.7471,1783969905.5138,2,2,0.5000,0.4816,1.42233,-0.03162,-2.63742,1.09829,1.57085,0.11671,-0.12757,-0.48152,0.02655,,,,,,,,,,,,,,,,,,,,,,,,,,0,0,0,0,0
53.7528,1783969905.5196,2,2,0.5000,0.4836,1.42233,-0.03162,-2.63742,1.09829,1.57085,0.11671,-0.12757,-0.48152,0.02655,,,,,,,,,,,,,,,,,,,,,,,,,,0,0,0,0,0
53.7532,1783969905.5199,2,2,0.5000,0.4834,1.42233,-0.03162,-2.63742,1.09829,1.57085,0.11671,-0.12757,-0.48152,0.02655,,,,,,,,,,,,,,,,,,,,,,,,,,0,0,0,0,0
53.7654,1783969905.5322,2,2,0.5000,0.4804,1.42233,-0.03162,-2.63742,1.09829,1.57085,0.11671,-0.12757,-0.48152,0.02655,,,,,,,,,,,,,,,,,,,,,,,,,,0,0,0,0,0
53.7787,1783969905.5455,2,2,0.5000,0.4277,1.42233,-0.03162,-2.63742,1.09829,1.57085,0.11671,-0.12757,-0.48152,0.02655,,,,,,,,,,,,,,,,,,,,,,,,,,0,0,0,0,0
53.7838,1783969905.5506,2,2,0.5000,0.4513,1.42233,-0.03162,-2.63742,1.09829,1.57085,0.11671,-0.12757,-0.48152,0.02655,,,,,,,,,,,,,,,,,,,,,,,,,,0,0,0,0,0
53.7925,1783969905.5593,2,2,0.5000,0.4209,1.42233,-0.03162,-2.63742,1.09829,1.57085,0.11671,-0.12757,-0.48152,0.02655,,,,,,,,,,,,,,,,,,,,,,,,,,0,0,0,0,0
53.7927,1783969905.5595,2,2,0.5000,0.4362,1.42233,-0.03162,-2.63742,1.09829,1.57085,0.11671,-0.12757,-0.48152,0.02655,,,,,,,,,,,,,,,,,,,,,,,,,,0,0,0,0,0
53.8030,1783969905.5698,2,2,0.5000,0.4848,1.42233,-0.03162,-2.63742,1.09829,1.57085,0.11671,-0.12757,-0.48152,0.02655,,,,,,,,,,,,,,,,,,,,,,,,,,0,0,0,0,0
53.8223,1783969905.5891,2,2,0.5000,0.4816,1.42233,-0.03162,-2.63742,1.09829,1.57085,0.11671,-0.12757,-0.48152,0.02655,,,,,,,,,,,,,,,,,,,,,,,,,,0,0,0,0,0
53.8227,1783969905.5895,2,2,0.5000,0.5107,1.42233,-0.03162,-2.63742,1.09829,1.57085,0.11671,-0.12757,-0.48152,0.02655,,,,,,,,,,,,,,,,,,,,,,,,,,0,0,0,0,0
53.8252,1783969905.5920,2,2,0.5000,0.5106,1.42233,-0.03162,-2.63742,1.09829,1.57085,0.11671,-0.12757,-0.48152,0.02655,,,,,,,,,,,,,,,,,,,,,,,,,,0,0,0,0,0
53.8257,1783969905.5924,2,2,0.5000,0.5014,1.42233,-0.03162,-2.63742,1.09829,1.57085,0.11671,-0.12757,-0.48152,0.02655,,,,,,,,,,,,,,,,,,,,,,,,,,0,0,0,0,0
53.8378,1783969905.6046,2,2,0.5000,0.4871,1.42233,-0.03162,-2.63742,1.09829,1.57085,0.11671,-0.12757,-0.48152,0.02655,,,,,,,,,,,,,,,,,,,,,,,,,,0,0,0,0,0
53.8453,1783969905.6121,2,2,0.5000,0.4722,1.42233,-0.03162,-2.63742,1.09829,1.57085,0.11671,-0.12757,-0.48152,0.02655,,,,,,,,,,,,,,,,,,,,,,,,,,0,0,0,0,0
53.8577,1783969905.6245,2,2,0.5000,0.4682,1.42233,-0.03162,-2.63742,1.09829,1.57085,0.11671,-0.12757,-0.48152,0.02655,,,,,,,,,,,,,,,,,,,,,,,,,,0,0,0,0,0
53.8847,1783969905.6515,2,2,0.5000,0.4700,1.42233,-0.03162,-2.63742,1.09829,1.57085,0.11671,-0.12757,-0.48152,0.02655,,,,,,,,,,,,,,,,,,,,,,,,,,0,0,0,0,0
53.8903,1783969905.6571,2,2,0.5000,0.4795,1.42233,-0.03162,-2.63742,1.09829,1.57085,0.11671,-0.12757,-0.48152,0.02655,,,,,,,,,,,,,,,,,,,,,,,,,,0,0,0,0,0
53.8908,1783969905.6576,2,2,0.5000,0.4773,1.42233,-0.03162,-2.63742,1.09829,1.57085,0.11671,-0.12757,-0.48152,0.02655,,,,,,,,,,,,,,,,,,,,,,,,,,0,0,0,0,0
53.8957,1783969905.6625,2,2,0.5000,0.5001,1.42233,-0.03162,-2.63742,1.09829,1.57085,0.11671,-0.12757,-0.48152,0.02655,,,,,,,,,,,,,,,,,,,,,,,,,,0,0,0,0,0
53.8982,1783969905.6650,2,2,0.5000,0.4797,1.42233,-0.03162,-2.63742,1.09829,1.57085,0.11671,-0.12757,-0.48152,0.02655,,,,,,,,,,,,,,,,,,,,,,,,,,0,0,0,0,0
53.8985,1783969905.6653,2,2,0.5000,0.4553,1.42233,-0.03162,-2.63742,1.09829,1.57085,0.11671,-0.12757,-0.48152,0.02655,,,,,,,,,,,,,,,,,,,,,,,,,,0,0,0,0,0
53.9051,1783969905.6719,2,2,0.5000,0.4414,1.42233,-0.03162,-2.63742,1.09829,1.57085,0.11671,-0.12757,-0.48152,0.02655,,,,,,,,,,,,,,,,,,,,,,,,,,0,0,0,0,0
53.9152,1783969905.6820,2,2,0.5000,0.4478,1.42233,-0.03162,-2.63742,1.09829,1.57085,0.11671,-0.12757,-0.48152,0.02655,,,,,,,,,,,,,,,,,,,,,,,,,,0,0,0,0,0
53.9285,1783969905.6953,2,2,0.5000,0.4524,1.42233,-0.03162,-2.63742,1.09829,1.57085,0.11671,-0.12757,-0.48152,0.02655,,,,,,,,,,,,,,,,,,,,,,,,,,0,0,0,0,0
53.9333,1783969905.7000,2,2,0.5000,0.4992,1.42233,-0.03162,-2.63742,1.09829,1.57085,0.11671,-0.12757,-0.48152,0.02655,,,,,,,,,,,,,,,,,,,,,,,,,,0,0,0,0,0
53.9459,1783969905.7127,2,2,0.5000,0.4748,1.42233,-0.03162,-2.63742,1.09829,1.57085,0.11671,-0.12757,-0.48152,0.02655,,,,,,,,,,,,,,,,,,,,,,,,,,0,0,0,0,0
53.9524,1783969905.7192,2,2,0.5000,0.4797,1.42233,-0.03162,-2.63742,1.09829,1.57085,0.11671,-0.12757,-0.48152,0.02655,,,,,,,,,,,,,,,,,,,,,,,,,,0,0,0,0,0
53.9741,1783969905.7409,2,2,0.5000,0.4743,1.42233,-0.03162,-2.63742,1.09829,1.57085,0.11671,-0.12757,-0.48152,0.02655,,,,,,,,,,,,,,,,,,,,,,,,,,0,0,0,0,0
53.9868,1783969905.7536,2,2,0.5000,0.4786,1.42233,-0.03162,-2.63742,1.09829,1.57085,0.11671,-0.12757,-0.48152,0.02655,,,,,,,,,,,,,,,,,,,,,,,,,,0,0,0,0,0
53.9873,1783969905.7540,2,2,0.5000,0.4831,1.42233,-0.03162,-2.63742,1.09829,1.57085,0.11671,-0.12757,-0.48152,0.02655,,,,,,,,,,,,,,,,,,,,,,,,,,0,0,0,0,0
53.9879,1783969905.7547,2,2,0.5000,0.4853,1.42233,-0.03162,-2.63742,1.09829,1.57085,0.11671,-0.12757,-0.48152,0.02655,,,,,,,,,,,,,,,,,,,,,,,,,,0,0,0,0,0
53.9981,1783969905.7649,2,2,0.5000,0.4799,1.42233,-0.03162,-2.63742,1.09829,1.57085,0.11671,-0.12757,-0.48152,0.02655,,,,,,,,,,,,,,,,,,,,,,,,,,0,0,0,0,0
54.0081,1783969905.7749,2,2,0.5000,0.4890,1.42233,-0.03162,-2.63742,1.09829,1.57085,0.11671,-0.12757,-0.48152,0.02655,,,,,,,,,,,,,,,,,,,,,,,,,,0,0,0,0,0
54.0084,1783969905.7752,2,2,0.5000,0.4842,1.42233,-0.03162,-2.63742,1.09829,1.57085,0.11671,-0.12757,-0.48152,0.02655,,,,,,,,,,,,,,,,,,,,,,,,,,0,0,0,0,0
54.0128,1783969905.7796,2,2,0.5000,0.4686,1.42233,-0.03162,-2.63742,1.09829,1.57085,0.11671,-0.12757,-0.48152,0.02655,,,,,,,,,,,,,,,,,,,,,,,,,,0,0,0,0,0
54.0269,1783969905.7937,2,2,0.5000,0.4483,1.42233,-0.03162,-2.63742,1.09829,1.57085,0.11671,-0.12757,-0.48152,0.02655,,,,,,,,,,,,,,,,,,,,,,,,,,0,0,0,0,0
54.0273,1783969905.7941,2,2,0.5000,0.4352,1.42233,-0.03162,-2.63742,1.09829,1.57085,0.11671,-0.12757,-0.48152,0.02655,,,,,,,,,,,,,,,,,,,,,,,,,,0,0,0,0,0
54.0361,1783969905.8028,2,2,0.5000,0.4365,1.42233,-0.03162,-2.63742,1.09829,1.57085,0.11671,-0.12757,-0.48152,0.02655,,,,,,,,,,,,,,,,,,,,,,,,,,0,0,0,0,0
54.0366,1783969905.8034,2,2,0.5000,0.4399,1.42233,-0.03162,-2.63742,1.09829,1.57085,0.11671,-0.12757,-0.48152,0.02655,,,,,,,,,,,,,,,,,,,,,,,,,,0,0,0,0,0
54.0493,1783969905.8161,2,2,0.5000,0.4332,1.42233,-0.03162,-2.63742,1.09829,1.57085,0.11671,-0.12757,-0.48152,0.02655,,,,,,,,,,,,,,,,,,,,,,,,,,0,0,0,0,0
54.0551,1783969905.8219,2,2,0.5000,0.4407,1.42233,-0.03162,-2.63742,1.09829,1.57085,0.11671,-0.12757,-0.48152,0.02655,,,,,,,,,,,,,,,,,,,,,,,,,,0,0,0,0,0
54.0738,1783969905.8406,2,2,0.5000,0.4517,1.42233,-0.03162,-2.63742,1.09829,1.57085,0.11671,-0.12757,-0.48152,0.02655,,,,,,,,,,,,,,,,,,,,,,,,,,0,0,0,0,0
54.0751,1783969905.8419,2,2,0.5000,0.4524,1.42233,-0.03162,-2.63742,1.09829,1.57085,0.11671,-0.12757,-0.48152,0.02655,,,,,,,,,,,,,,,,,,,,,,,,,,0,0,0,0,0
54.0756,1783969905.8424,2,2,0.5000,0.4462,1.42233,-0.03162,-2.63742,1.09829,1.57085,0.11671,-0.12757,-0.48152,0.02655,,,,,,,,,,,,,,,,,,,,,,,,,,0,0,0,0,0
54.0880,1783969905.8548,2,2,0.5000,0.4480,1.42233,-0.03162,-2.63742,1.09829,1.57085,0.11671,-0.12757,-0.48152,0.02655,,,,,,,,,,,,,,,,,,,,,,,,,,0,0,0,0,0
54.1208,1783969905.8876,2,2,0.5000,0.4498,1.42233,-0.03162,-2.63742,1.09829,1.57085,0.11671,-0.12757,-0.48152,0.02655,,,,,,,,,,,,,,,,,,,,,,,,,,0,0,0,0,0
54.1211,1783969905.8879,2,2,0.5000,0.4850,1.42233,-0.03162,-2.63742,1.09829,1.57085,0.11671,-0.12757,-0.48152,0.02655,,,,,,,,,,,,,,,,,,,,,,,,,,0,0,0,0,0
54.1447,1783969905.9114,2,2,0.5000,0.4921,1.42233,-0.03162,-2.63742,1.09829,1.57085,0.11671,-0.12757,-0.48152,0.02655,,,,,,,,,,,,,,,,,,,,,,,,,,0,0,0,0,0
54.1670,1783969905.9337,2,2,0.5000,0.4743,1.42233,-0.03162,-2.63742,1.09829,1.57085,0.11671,-0.12757,-0.48152,0.02655,,,,,,,,,,,,,,,,,,,,,,,,,,0,0,0,0,0
54.1788,1783969905.9456,2,2,0.5000,0.4619,1.42233,-0.03162,-2.63742,1.09829,1.57085,0.11671,-0.12757,-0.48152,0.02655,,,,,,,,,,,,,,,,,,,,,,,,,,0,0,0,0,0
54.1887,1783969905.9555,2,2,0.5000,0.4153,1.42233,-0.03162,-2.63742,1.09829,1.57085,0.11671,-0.12757,-0.48152,0.02655,,,,,,,,,,,,,,,,,,,,,,,,,,0,0,0,0,0
54.1923,1783969905.9591,2,2,0.5000,0.4219,1.42233,-0.03162,-2.63742,1.09829,1.57085,0.11671,-0.12757,-0.48152,0.02655,,,,,,,,,,,,,,,,,,,,,,,,,,0,0,0,0,0
54.1927,1783969905.9595,2,2,0.5000,0.4357,1.42233,-0.03162,-2.63742,1.09829,1.57085,0.11671,-0.12757,-0.48152,0.02655,,,,,,,,,,,,,,,,,,,,,,,,,,0,0,0,0,0
54.2047,1783969905.9715,2,2,0.5000,0.4497,1.42233,-0.03162,-2.63742,1.09829,1.57085,0.11671,-0.12757,-0.48152,0.02655,,,,,,,,,,,,,,,,,,,,,,,,,,0,0,0,0,0
54.2127,1783969905.9795,2,2,0.5000,0.4661,1.42233,-0.03162,-2.63742,1.09829,1.57085,0.11671,-0.12757,-0.48152,0.02655,,,,,,,,,,,,,,,,,,,,,,,,,,0,0,0,0,0
54.2130,1783969905.9797,2,2,0.5000,0.4640,1.42233,-0.03162,-2.63742,1.09829,1.57085,0.11671,-0.12757,-0.48152,0.02655,,,,,,,,,,,,,,,,,,,,,,,,,,0,0,0,0,0
54.2167,1783969905.9835,2,2,0.5000,0.4828,1.42233,-0.03162,-2.63742,1.09829,1.57085,0.11671,-0.12757,-0.48152,0.02655,,,,,,,,,,,,,,,,,,,,,,,,,,0,0,0,0,0
54.2177,1783969905.9845,2,2,0.5000,0.4730,1.42233,-0.03162,-2.63742,1.09829,1.57085,0.11671,-0.12757,-0.48152,0.02655,,,,,,,,,,,,,,,,,,,,,,,,,,0,0,0,0,0
54.2181,1783969905.9849,2,2,0.5000,0.4566,1.42233,-0.03162,-2.63742,1.09829,1.57085,0.11671,-0.12757,-0.48152,0.02655,,,,,,,,,,,,,,,,,,,,,,,,,,0,0,0,0,0
54.2194,1783969905.9862,2,2,0.5000,0.4553,1.42233,-0.03162,-2.63742,1.09829,1.57085,0.11671,-0.12757,-0.48152,0.02655,,,,,,,,,,,,,,,,,,,,,,,,,,0,0,0,0,0
54.2200,1783969905.9868,2,2,0.5000,0.4529,1.42233,-0.03162,-2.63742,1.09829,1.57085,0.11671,-0.12757,-0.48152,0.02655,,,,,,,,,,,,,,,,,,,,,,,,,,0,0,0,0,0
54.2329,1783969905.9997,2,2,0.5000,0.4488,1.42233,-0.03162,-2.63742,1.09829,1.57085,0.11671,-0.12757,-0.48152,0.02655,,,,,,,,,,,,,,,,,,,,,,,,,,0,0,0,0,0
54.2369,1783969906.0037,2,2,0.5000,0.4974,1.42233,-0.03162,-2.63742,1.09829,1.57085,0.11671,-0.12757,-0.48152,0.02655,,,,,,,,,,,,,,,,,,,,,,,,,,0,0,0,0,0
54.2464,1783969906.0131,2,2,0.5000,0.4815,1.42233,-0.03162,-2.63742,1.09829,1.57085,0.11671,-0.12757,-0.48152,0.02655,,,,,,,,,,,,,,,,,,,,,,,,,,0,0,0,0,0
54.2561,1783969906.0229,2,2,0.5000,0.5045,1.42233,-0.03162,-2.63742,1.09829,1.57085,0.11671,-0.12757,-0.48152,0.02655,,,,,,,,,,,,,,,,,,,,,,,,,,0,0,0,0,0
54.2649,1783969906.0317,2,2,0.5000,0.5144,1.42233,-0.03162,-2.63742,1.09829,1.57085,0.11671,-0.12757,-0.48152,0.02655,,,,,,,,,,,,,,,,,,,,,,,,,,0,0,0,0,0
54.2805,1783969906.0473,2,2,0.5000,0.5019,1.42233,-0.03162,-2.63742,1.09829,1.57085,0.11671,-0.12757,-0.48152,0.02655,,,,,,,,,,,,,,,,,,,,,,,,,,0,0,0,0,0
54.2810,1783969906.0478,2,2,0.5000,0.5002,1.42233,-0.03162,-2.63742,1.09829,1.57085,0.11671,-0.12757,-0.48152,0.02655,,,,,,,,,,,,,,,,,,,,,,,,,,0,0,0,0,0
54.2884,1783969906.0552,2,2,0.5000,0.5076,1.42233,-0.03162,-2.63742,1.09829,1.57085,0.11671,-0.12757,-0.48152,0.02655,,,,,,,,,,,,,,,,,,,,,,,,,,0,0,0,0,0
54.2965,1783969906.0633,2,2,0.5000,0.5145,1.42233,-0.03162,-2.63742,1.09829,1.57085,0.11671,-0.12757,-0.48152,0.02655,,,,,,,,,,,,,,,,,,,,,,,,,,0,0,0,0,0
54.2968,1783969906.0636,2,2,0.5000,0.5267,1.42233,-0.03162,-2.63742,1.09829,1.57085,0.11671,-0.12757,-0.48152,0.02655,,,,,,,,,,,,,,,,,,,,,,,,,,0,0,0,0,0
54.3060,1783969906.0727,2,2,0.5000,0.5602,1.42233,-0.03162,-2.63742,1.09829,1.57085,0.11671,-0.12757,-0.48152,0.02655,,,,,,,,,,,,,,,,,,,,,,,,,,0,0,0,0,0
54.3151,1783969906.0819,2,2,0.5000,0.5626,1.42233,-0.03162,-2.63742,1.09829,1.57085,0.11671,-0.12757,-0.48152,0.02655,,,,,,,,,,,,,,,,,,,,,,,,,,0,0,0,0,0
54.3299,1783969906.0966,2,2,0.5000,0.5566,1.42233,-0.03162,-2.63742,1.09829,1.57085,0.11671,-0.12757,-0.48152,0.02655,,,,,,,,,,,,,,,,,,,,,,,,,,0,0,0,0,0
54.3373,1783969906.1041,2,2,0.5000,0.5529,1.42233,-0.03162,-2.63742,1.09829,1.57085,0.11671,-0.12757,-0.48152,0.02655,,,,,,,,,,,,,,,,,,,,,,,,,,0,0,0,0,0
54.3454,1783969906.1122,2,2,0.5000,0.5493,1.42233,-0.03162,-2.63742,1.09829,1.57085,0.11671,-0.12757,-0.48152,0.02655,,,,,,,,,,,,,,,,,,,,,,,,,,0,0,0,0,0
54.3566,1783969906.1234,2,2,0.5000,0.5621,1.42233,-0.03162,-2.63742,1.09829,1.57085,0.11671,-0.12757,-0.48152,0.02655,,,,,,,,,,,,,,,,,,,,,,,,,,0,0,0,0,0
54.3673,1783969906.1341,2,2,0.5000,0.5782,1.42233,-0.03162,-2.63742,1.09829,1.57085,0.11671,-0.12757,-0.48152,0.02655,,,,,,,,,,,,,,,,,,,,,,,,,,0,0,0,0,0
54.3943,1783969906.1611,2,2,0.5000,0.5684,1.42233,-0.03162,-2.63742,1.09829,1.57085,0.11671,-0.12757,-0.48152,0.02655,,,,,,,,,,,,,,,,,,,,,,,,,,0,0,0,0,0
54.4129,1783969906.1797,2,2,0.5000,0.5721,1.42233,-0.03162,-2.63742,1.09829,1.57085,0.11671,-0.12757,-0.48152,0.02655,,,,,,,,,,,,,,,,,,,,,,,,,,0,0,0,0,0
54.4205,1783969906.1873,2,2,0.5000,0.5663,1.42233,-0.03162,-2.63742,1.09829,1.57085,0.11671,-0.12757,-0.48152,0.02655,,,,,,,,,,,,,,,,,,,,,,,,,,0,0,0,0,0
54.4208,1783969906.1875,2,2,0.5000,0.5467,1.42233,-0.03162,-2.63742,1.09829,1.57085,0.11671,-0.12757,-0.48152,0.02655,,,,,,,,,,,,,,,,,,,,,,,,,,0,0,0,0,0
54.4294,1783969906.1962,2,2,0.5000,0.5701,1.42233,-0.03162,-2.63742,1.09829,1.57085,0.11671,-0.12757,-0.48152,0.02655,,,,,,,,,,,,,,,,,,,,,,,,,,0,0,0,0,0
54.4299,1783969906.1966,2,2,0.5000,0.5721,1.42233,-0.03162,-2.63742,1.09829,1.57085,0.11671,-0.12757,-0.48152,0.02655,,,,,,,,,,,,,,,,,,,,,,,,,,0,0,0,0,0
54.4378,1783969906.2046,2,2,0.5000,0.5926,1.42233,-0.03162,-2.63742,1.09829,1.57085,0.11671,-0.12757,-0.48152,0.02655,,,,,,,,,,,,,,,,,,,,,,,,,,0,0,0,0,0
54.4409,1783969906.2077,2,2,0.5000,0.5738,1.42233,-0.03162,-2.63742,1.09829,1.57085,0.11671,-0.12757,-0.48152,0.02655,,,,,,,,,,,,,,,,,,,,,,,,,,0,0,0,0,0
54.4421,1783969906.2089,2,2,0.5000,0.5555,1.42233,-0.03162,-2.63742,1.09829,1.57085,0.11671,-0.12757,-0.48152,0.02655,,,,,,,,,,,,,,,,,,,,,,,,,,0,0,0,0,0
54.4425,1783969906.2093,2,2,0.5000,0.5549,1.42233,-0.03162,-2.63742,1.09829,1.57085,0.11671,-0.12757,-0.48152,0.02655,,,,,,,,,,,,,,,,,,,,,,,,,,0,0,0,0,0
54.4499,1783969906.2167,2,2,0.5000,0.5448,1.42233,-0.03162,-2.63742,1.09829,1.57085,0.11671,-0.12757,-0.48152,0.02655,,,,,,,,,,,,,,,,,,,,,,,,,,0,0,0,0,0
54.4601,1783969906.2269,2,2,0.5000,0.5397,1.42233,-0.03162,-2.63742,1.09829,1.57085,0.11671,-0.12757,-0.48152,0.02655,,,,,,,,,,,,,,,,,,,,,,,,,,0,0,0,0,0
54.4606,1783969906.2274,2,2,0.5000,0.5513,1.42233,-0.03162,-2.63742,1.09829,1.57085,0.11671,-0.12757,-0.48152,0.02655,,,,,,,,,,,,,,,,,,,,,,,,,,0,0,0,0,0
54.4707,1783969906.2375,2,2,0.5000,0.5567,1.42233,-0.03162,-2.63742,1.09829,1.57085,0.11671,-0.12757,-0.48152,0.02655,,,,,,,,,,,,,,,,,,,,,,,,,,0,0,0,0,0
54.4710,1783969906.2378,2,2,0.5000,0.5567,1.42233,-0.03162,-2.63742,1.09829,1.57085,0.11671,-0.12757,-0.48152,0.02655,,,,,,,,,,,,,,,,,,,,,,,,,,0,0,0,0,0
54.4804,1783969906.2471,2,2,0.5000,0.5666,1.42233,-0.03162,-2.63742,1.09829,1.57085,0.11671,-0.12757,-0.48152,0.02655,,,,,,,,,,,,,,,,,,,,,,,,,,0,0,0,0,0
54.4806,1783969906.2474,2,2,0.5000,0.5737,1.42233,-0.03162,-2.63742,1.09829,1.57085,0.11671,-0.12757,-0.48152,0.02655,,,,,,,,,,,,,,,,,,,,,,,,,,0,0,0,0,0
54.4832,1783969906.2500,2,2,0.5000,0.5993,1.42233,-0.03162,-2.63742,1.09829,1.57085,0.11671,-0.12757,-0.48152,0.02655,,,,,,,,,,,,,,,,,,,,,,,,,,0,0,0,0,0
54.4839,1783969906.2507,2,2,0.5000,0.5966,1.42233,-0.03162,-2.63742,1.09829,1.57085,0.11671,-0.12757,-0.48152,0.02655,,,,,,,,,,,,,,,,,,,,,,,,,,0,0,0,0,0
54.4977,1783969906.2645,2,2,0.5000,0.5596,1.42233,-0.03162,-2.63742,1.09829,1.57085,0.11671,-0.12757,-0.48152,0.02655,,,,,,,,,,,,,,,,,,,,,,,,,,0,0,0,0,0
54.5042,1783969906.2710,2,2,0.5000,0.5411,1.42233,-0.03162,-2.63742,1.09829,1.57085,0.11671,-0.12757,-0.48152,0.02655,,,,,,,,,,,,,,,,,,,,,,,,,,0,0,0,0,0
54.5200,1783969906.2868,2,2,0.5000,0.5462,1.42233,-0.03162,-2.63742,1.09829,1.57085,0.11671,-0.12757,-0.48152,0.02655,,,,,,,,,,,,,,,,,,,,,,,,,,0,0,0,0,0
54.5223,1783969906.2891,2,2,0.5000,0.5489,1.42233,-0.03162,-2.63742,1.09829,1.57085,0.11671,-0.12757,-0.48152,0.02655,,,,,,,,,,,,,,,,,,,,,,,,,,0,0,0,0,0
54.5451,1783969906.3119,2,2,0.5000,0.5549,1.42233,-0.03162,-2.63742,1.09829,1.57085,0.11671,-0.12757,-0.48152,0.02655,,,,,,,,,,,,,,,,,,,,,,,,,,0,0,0,0,0
54.5454,1783969906.3122,2,2,0.5000,0.5748,1.42233,-0.03162,-2.63742,1.09829,1.57085,0.11671,-0.12757,-0.48152,0.02655,,,,,,,,,,,,,,,,,,,,,,,,,,0,0,0,0,0
54.5550,1783969906.3218,2,2,0.5000,0.5700,1.42233,-0.03162,-2.63742,1.09829,1.57085,0.11671,-0.12757,-0.48152,0.02655,,,,,,,,,,,,,,,,,,,,,,,,,,0,0,0,0,0
54.5645,1783969906.3313,2,2,0.5000,0.5340,1.42233,-0.03162,-2.63742,1.09829,1.57085,0.11671,-0.12757,-0.48152,0.02655,,,,,,,,,,,,,,,,,,,,,,,,,,0,0,0,0,0
54.5763,1783969906.3430,2,2,0.5000,0.5238,1.42233,-0.03162,-2.63742,1.09829,1.57085,0.11671,-0.12757,-0.48152,0.02655,,,,,,,,,,,,,,,,,,,,,,,,,,0,0,0,0,0
54.5765,1783969906.3433,2,2,0.5000,0.5236,1.42233,-0.03162,-2.63742,1.09829,1.57085,0.11671,-0.12757,-0.48152,0.02655,,,,,,,,,,,,,,,,,,,,,,,,,,0,0,0,0,0
54.5833,1783969906.3501,2,2,0.5000,0.5388,1.42233,-0.03162,-2.63742,1.09829,1.57085,0.11671,-0.12757,-0.48152,0.02655,,,,,,,,,,,,,,,,,,,,,,,,,,0,0,0,0,0
54.5955,1783969906.3623,2,2,0.5000,0.5441,1.42233,-0.03162,-2.63742,1.09829,1.57085,0.11671,-0.12757,-0.48152,0.02655,,,,,,,,,,,,,,,,,,,,,,,,,,0,0,0,0,0
54.6056,1783969906.3724,2,2,0.5000,0.5738,1.42233,-0.03162,-2.63742,1.09829,1.57085,0.11671,-0.12757,-0.48152,0.02655,,,,,,,,,,,,,,,,,,,,,,,,,,0,0,0,0,0
54.6121,1783969906.3789,2,2,0.5000,0.5662,1.42233,-0.03162,-2.63742,1.09829,1.57085,0.11671,-0.12757,-0.48152,0.02655,,,,,,,,,,,,,,,,,,,,,,,,,,0,0,0,0,0
54.6125,1783969906.3792,2,2,0.5000,0.5638,1.42233,-0.03162,-2.63742,1.09829,1.57085,0.11671,-0.12757,-0.48152,0.02655,,,,,,,,,,,,,,,,,,,,,,,,,,0,0,0,0,0
54.6247,1783969906.3915,2,2,0.5000,0.5323,1.42233,-0.03162,-2.63742,1.09829,1.57085,0.11671,-0.12757,-0.48152,0.02655,,,,,,,,,,,,,,,,,,,,,,,,,,0,0,0,0,0
54.6448,1783969906.4116,2,2,0.5000,0.5399,1.42233,-0.03162,-2.63742,1.09829,1.57085,0.11671,-0.12757,-0.48152,0.02655,,,,,,,,,,,,,,,,,,,,,,,,,,0,0,0,0,0
54.6454,1783969906.4121,2,2,0.5000,0.5194,1.42233,-0.03162,-2.63742,1.09829,1.57085,0.11671,-0.12757,-0.48152,0.02655,,,,,,,,,,,,,,,,,,,,,,,,,,0,0,0,0,0
54.6456,1783969906.4124,2,2,0.5000,0.5042,1.42233,-0.03162,-2.63742,1.09829,1.57085,0.11671,-0.12757,-0.48152,0.02655,,,,,,,,,,,,,,,,,,,,,,,,,,0,0,0,0,0
54.6522,1783969906.4190,2,2,0.5000,0.5198,1.42233,-0.03162,-2.63742,1.09829,1.57085,0.11671,-0.12757,-0.48152,0.02655,,,,,,,,,,,,,,,,,,,,,,,,,,0,0,0,0,0
54.6526,1783969906.4194,2,2,0.5000,0.5206,1.42233,-0.03162,-2.63742,1.09829,1.57085,0.11671,-0.12757,-0.48152,0.02655,,,,,,,,,,,,,,,,,,,,,,,,,,0,0,0,0,0
54.6635,1783969906.4303,2,2,0.5000,0.5237,1.42233,-0.03162,-2.63742,1.09829,1.57085,0.11671,-0.12757,-0.48152,0.02655,,,,,,,,,,,,,,,,,,,,,,,,,,0,0,0,0,0
54.6990,1783969906.4658,2,2,0.5000,0.5286,1.42233,-0.03162,-2.63742,1.09829,1.57085,0.11671,-0.12757,-0.48152,0.02655,,,,,,,,,,,,,,,,,,,,,,,,,,0,0,0,0,0
54.6993,1783969906.4661,2,2,0.5000,0.5305,1.42233,-0.03162,-2.63742,1.09829,1.57085,0.11671,-0.12757,-0.48152,0.02655,,,,,,,,,,,,,,,,,,,,,,,,,,0,0,0,0,0
54.7006,1783969906.4673,2,2,0.5000,0.4677,1.42233,-0.03162,-2.63742,1.09829,1.57085,0.11671,-0.12757,-0.48152,0.02655,,,,,,,,,,,,,,,,,,,,,,,,,,0,0,0,0,0
54.7102,1783969906.4769,2,2,0.5000,0.4691,1.42233,-0.03162,-2.63742,1.09829,1.57085,0.11671,-0.12757,-0.48152,0.02655,,,,,,,,,,,,,,,,,,,,,,,,,,0,0,0,0,0
54.7150,1783969906.4818,2,2,0.5000,0.4713,1.42233,-0.03162,-2.63742,1.09829,1.57085,0.11671,-0.12757,-0.48152,0.02655,,,,,,,,,,,,,,,,,,,,,,,,,,0,0,0,0,0
54.7153,1783969906.4821,2,2,0.5000,0.4850,1.42233,-0.03162,-2.63742,1.09829,1.57085,0.11671,-0.12757,-0.48152,0.02655,,,,,,,,,,,,,,,,,,,,,,,,,,0,0,0,0,0
54.7247,1783969906.4915,2,2,0.5000,0.5147,1.42233,-0.03162,-2.63742,1.09829,1.57085,0.11671,-0.12757,-0.48152,0.02655,,,,,,,,,,,,,,,,,,,,,,,,,,0,0,0,0,0
54.7400,1783969906.5068,2,2,0.5000,0.5571,1.42233,-0.03162,-2.63742,1.09829,1.57085,0.11671,-0.12757,-0.48152,0.02655,,,,,,,,,,,,,,,,,,,,,,,,,,0,0,0,0,0
54.7440,1783969906.5107,2,2,0.5000,0.5433,1.42233,-0.03162,-2.63742,1.09829,1.57085,0.11671,-0.12757,-0.48152,0.02655,,,,,,,,,,,,,,,,,,,,,,,,,,0,0,0,0,0
54.7536,1783969906.5203,2,2,0.5000,0.5293,1.42233,-0.03162,-2.63742,1.09829,1.57085,0.11671,-0.12757,-0.48152,0.02655,,,,,,,,,,,,,,,,,,,,,,,,,,0,0,0,0,0
54.7659,1783969906.5327,2,2,0.5000,0.4949,1.42233,-0.03162,-2.63742,1.09829,1.57085,0.11671,-0.12757,-0.48152,0.02655,,,,,,,,,,,,,,,,,,,,,,,,,,0,0,0,0,0
54.7747,1783969906.5415,2,2,0.5000,0.4623,1.42233,-0.03162,-2.63742,1.09829,1.57085,0.11671,-0.12757,-0.48152,0.02655,,,,,,,,,,,,,,,,,,,,,,,,,,0,0,0,0,0
54.7892,1783969906.5560,2,2,0.5000,0.5028,1.42233,-0.03162,-2.63742,1.09829,1.57085,0.11671,-0.12757,-0.48152,0.02655,,,,,,,,,,,,,,,,,,,,,,,,,,0,0,0,0,0
54.7972,1783969906.5640,2,2,0.5000,0.5056,1.42233,-0.03162,-2.63742,1.09829,1.57085,0.11671,-0.12757,-0.48152,0.02655,,,,,,,,,,,,,,,,,,,,,,,,,,0,0,0,0,0
54.8045,1783969906.5713,2,2,0.5000,0.5054,1.42233,-0.03162,-2.63742,1.09829,1.57085,0.11671,-0.12757,-0.48152,0.02655,,,,,,,,,,,,,,,,,,,,,,,,,,0,0,0,0,0
54.8166,1783969906.5834,2,2,0.5000,0.4817,1.42233,-0.03162,-2.63742,1.09829,1.57085,0.11671,-0.12757,-0.48152,0.02655,,,,,,,,,,,,,,,,,,,,,,,,,,0,0,0,0,0
54.8169,1783969906.5837,2,2,0.5000,0.4711,1.42233,-0.03162,-2.63742,1.09829,1.57085,0.11671,-0.12757,-0.48152,0.02655,,,,,,,,,,,,,,,,,,,,,,,,,,0,0,0,0,0
54.8264,1783969906.5932,2,2,0.5000,0.4311,1.42233,-0.03162,-2.63742,1.09829,1.57085,0.11671,-0.12757,-0.48152,0.02655,,,,,,,,,,,,,,,,,,,,,,,,,,0,0,0,0,0
54.8490,1783969906.6158,2,2,0.5000,0.4647,1.42233,-0.03162,-2.63742,1.09829,1.57085,0.11671,-0.12757,-0.48152,0.02655,,,,,,,,,,,,,,,,,,,,,,,,,,0,0,0,0,0
54.8538,1783969906.6205,2,2,0.5000,0.4692,1.42233,-0.03162,-2.63742,1.09829,1.57085,0.11671,-0.12757,-0.48152,0.02655,,,,,,,,,,,,,,,,,,,,,,,,,,0,0,0,0,0
54.8546,1783969906.6213,2,2,0.5000,0.5387,1.42233,-0.03162,-2.63742,1.09829,1.57085,0.11671,-0.12757,-0.48152,0.02655,,,,,,,,,,,,,,,,,,,,,,,,,,0,0,0,0,0
54.8678,1783969906.6346,2,2,0.5000,0.5498,1.42233,-0.03162,-2.63742,1.09829,1.57085,0.11671,-0.12757,-0.48152,0.02655,,,,,,,,,,,,,,,,,,,,,,,,,,0,0,0,0,0
54.8746,1783969906.6414,2,2,0.5000,0.5233,1.42233,-0.03162,-2.63742,1.09829,1.57085,0.11671,-0.12757,-0.48152,0.02655,,,,,,,,,,,,,,,,,,,,,,,,,,0,0,0,0,0
54.8834,1783969906.6502,2,2,0.5000,0.5178,1.42233,-0.03162,-2.63742,1.09829,1.57085,0.11671,-0.12757,-0.48152,0.02655,,,,,,,,,,,,,,,,,,,,,,,,,,0,0,0,0,0
54.8941,1783969906.6608,2,2,0.5000,0.4755,1.42233,-0.03162,-2.63742,1.09829,1.57085,0.11671,-0.12757,-0.48152,0.02655,,,,,,,,,,,,,,,,,,,,,,,,,,0,0,0,0,0
54.9049,1783969906.6716,2,2,0.5000,0.4715,1.42233,-0.03162,-2.63742,1.09829,1.57085,0.11671,-0.12757,-0.48152,0.02655,,,,,,,,,,,,,,,,,,,,,,,,,,0,0,0,0,0
54.9170,1783969906.6837,2,2,0.5000,0.5026,1.42233,-0.03162,-2.63742,1.09829,1.57085,0.11671,-0.12757,-0.48152,0.02655,,,,,,,,,,,,,,,,,,,,,,,,,,0,0,0,0,0
54.9294,1783969906.6961,2,2,0.5000,0.5336,1.42233,-0.03162,-2.63742,1.09829,1.57085,0.11671,-0.12757,-0.48152,0.02655,,,,,,,,,,,,,,,,,,,,,,,,,,0,0,0,0,0
54.9338,1783969906.7006,2,2,0.5000,0.5208,1.42233,-0.03162,-2.63742,1.09829,1.57085,0.11671,-0.12757,-0.48152,0.02655,,,,,,,,,,,,,,,,,,,,,,,,,,0,0,0,0,0
54.9484,1783969906.7152,2,2,0.5000,0.5127,1.42233,-0.03162,-2.63742,1.09829,1.57085,0.11671,-0.12757,-0.48152,0.02655,,,,,,,,,,,,,,,,,,,,,,,,,,0,0,0,0,0
54.9488,1783969906.7155,2,2,0.5000,0.4836,1.42233,-0.03162,-2.63742,1.09829,1.57085,0.11671,-0.12757,-0.48152,0.02655,,,,,,,,,,,,,,,,,,,,,,,,,,0,0,0,0,0
54.9573,1783969906.7241,2,2,0.5000,0.4503,1.42233,-0.03162,-2.63742,1.09829,1.57085,0.11671,-0.12757,-0.48152,0.02655,,,,,,,,,,,,,,,,,,,,,,,,,,0,0,0,0,0
54.9646,1783969906.7314,2,2,0.5000,0.4254,1.42233,-0.03162,-2.63742,1.09829,1.57085,0.11671,-0.12757,-0.48152,0.02655,,,,,,,,,,,,,,,,,,,,,,,,,,0,0,0,0,0
54.9650,1783969906.7317,2,2,0.5000,0.4353,1.42233,-0.03162,-2.63742,1.09829,1.57085,0.11671,-0.12757,-0.48152,0.02655,,,,,,,,,,,,,,,,,,,,,,,,,,0,0,0,0,0
54.9742,1783969906.7410,2,2,0.5000,0.4469,1.42233,-0.03162,-2.63742,1.09829,1.57085,0.11671,-0.12757,-0.48152,0.02655,,,,,,,,,,,,,,,,,,,,,,,,,,0,0,0,0,0
54.9942,1783969906.7609,2,2,0.5000,0.4850,1.42233,-0.03162,-2.63742,1.09829,1.57085,0.11671,-0.12757,-0.48152,0.02655,,,,,,,,,,,,,,,,,,,,,,,,,,0,0,0,0,0
54.9954,1783969906.7622,2,2,0.5000,0.4964,1.42233,-0.03162,-2.63742,1.09829,1.57085,0.11671,-0.12757,-0.48152,0.02655,,,,,,,,,,,,,,,,,,,,,,,,,,0,0,0,0,0
54.9961,1783969906.7629,2,2,0.5000,0.5031,1.42233,-0.03162,-2.63742,1.09829,1.57085,0.11671,-0.12757,-0.48152,0.02655,,,,,,,,,,,,,,,,,,,,,,,,,,0,0,0,0,0
55.0103,1783969906.7771,2,2,0.5000,0.5053,1.42233,-0.03162,-2.63742,1.09829,1.57085,0.11671,-0.12757,-0.48152,0.02655,,,,,,,,,,,,,,,,,,,,,,,,,,0,0,0,0,0
55.0128,1783969906.7795,2,2,0.5000,0.4864,1.42233,-0.03162,-2.63742,1.09829,1.57085,0.11671,-0.12757,-0.48152,0.02655,,,,,,,,,,,,,,,,,,,,,,,,,,0,0,0,0,0
55.0131,1783969906.7799,2,2,0.5000,0.4862,1.42233,-0.03162,-2.63742,1.09829,1.57085,0.11671,-0.12757,-0.48152,0.02655,,,,,,,,,,,,,,,,,,,,,,,,,,0,0,0,0,0
55.0228,1783969906.7896,2,2,0.5000,0.4556,1.42233,-0.03162,-2.63742,1.09829,1.57085,0.11671,-0.12757,-0.48152,0.02655,,,,,,,,,,,,,,,,,,,,,,,,,,0,0,0,0,0
55.0350,1783969906.8017,2,2,0.5000,0.4716,1.42233,-0.03162,-2.63742,1.09829,1.57085,0.11671,-0.12757,-0.48152,0.02655,,,,,,,,,,,,,,,,,,,,,,,,,,0,0,0,0,0
55.0460,1783969906.8128,2,2,0.5000,0.4816,1.42233,-0.03162,-2.63742,1.09829,1.57085,0.11671,-0.12757,-0.48152,0.02655,,,,,,,,,,,,,,,,,,,,,,,,,,0,0,0,0,0
55.0618,1783969906.8285,2,0,0.5000,0.4926,1.42233,-0.03162,-2.63742,1.09829,1.57085,0.11671,-0.12757,-0.48152,0.02655,,,,,,,,,,,,,,,,,,,,,,,,,,0,0,0,0,0
55.0675,1783969906.8343,2,0,0.5000,0.4871,1.42233,-0.03162,-2.63742,1.09829,1.57085,0.11671,-0.12757,-0.48152,0.02655,,,,,,,,,,,,,,,,,,,,,,,,,,0,0,0,0,0
55.0733,1783969906.8401,2,0,0.5000,0.4466,1.42233,-0.03162,-2.63742,1.09829,1.57085,0.11671,-0.12757,-0.48152,0.02655,,,,,,,,,,,,,,,,,,,,,,,,,,0,0,0,0,0
55.0851,1783969906.8519,2,0,0.5000,0.4541,1.42233,-0.03162,-2.63742,1.09829,1.57085,0.11671,-0.12757,-0.48152,0.02655,,,,,,,,,,,,,,,,,,,,,,,,,,0,0,0,0,0
55.0958,1783969906.8626,2,0,0.5000,0.4339,1.42233,-0.03162,-2.63742,1.09829,1.57085,0.11671,-0.12757,-0.48152,0.02655,,,,,,,,,,,,,,,,,,,,,,,,,,0,0,0,0,0
55.1109,1783969906.8777,2,0,0.5000,0.4501,1.42233,-0.03162,-2.63742,1.09829,1.57085,0.11671,-0.12757,-0.48152,0.02655,,,,,,,,,,,,,,,,,,,,,,,,,,0,0,0,0,0
55.1164,1783969906.8832,2,0,0.5000,0.4535,1.42233,-0.03162,-2.63742,1.09829,1.57085,0.11671,-0.12757,-0.48152,0.02655,,,,,,,,,,,,,,,,,,,,,,,,,,0,0,0,0,0
55.1167,1783969906.8835,2,0,0.5000,0.4760,1.42233,-0.03162,-2.63742,1.09829,1.57085,0.11671,-0.12757,-0.48152,0.02655,,,,,,,,,,,,,,,,,,,,,,,,,,0,0,0,0,0
55.1337,1783969906.9005,2,0,0.5000,0.4768,1.42233,-0.03162,-2.63742,1.09829,1.57085,0.11671,-0.12757,-0.48152,0.02655,,,,,,,,,,,,,,,,,,,,,,,,,,0,0,0,0,0
55.1370,1783969906.9038,2,0,0.5000,0.5217,1.42233,-0.03162,-2.63742,1.09829,1.57085,0.11671,-0.12757,-0.48152,0.02655,,,,,,,,,,,,,,,,,,,,,,,,,,0,0,0,0,0
55.1537,1783969906.9205,2,0,0.5000,0.4924,1.42233,-0.03162,-2.63742,1.09829,1.57085,0.11671,-0.12757,-0.48152,0.02655,,,,,,,,,,,,,,,,,,,,,,,,,,0,0,0,0,0
55.1583,1783969906.9251,2,0,0.5000,0.4893,1.42233,-0.03162,-2.63742,1.09829,1.57085,0.11671,-0.12757,-0.48152,0.02655,,,,,,,,,,,,,,,,,,,,,,,,,,0,0,0,0,0
55.1677,1783969906.9344,2,0,0.5000,0.4861,1.42233,-0.03162,-2.63742,1.09829,1.57085,0.11671,-0.12757,-0.48152,0.02655,,,,,,,,,,,,,,,,,,,,,,,,,,0,0,0,0,0
55.1774,1783969906.9442,2,0,0.5000,0.4857,1.42233,-0.03162,-2.63742,1.09829,1.57085,0.11671,-0.12757,-0.48152,0.02655,,,,,,,,,,,,,,,,,,,,,,,,,,0,0,0,0,0
55.1777,1783969906.9444,2,0,0.5000,0.4851,1.42233,-0.03162,-2.63742,1.09829,1.57085,0.11671,-0.12757,-0.48152,0.02655,,,,,,,,,,,,,,,,,,,,,,,,,,0,0,0,0,0
55.1862,1783969906.9530,2,0,0.5000,0.4861,1.42233,-0.03162,-2.63742,1.09829,1.57085,0.11671,-0.12757,-0.48152,0.02655,,,,,,,,,,,,,,,,,,,,,,,,,,0,0,0,0,0
55.1866,1783969906.9534,2,0,0.5000,0.4848,1.42233,-0.03162,-2.63742,1.09829,1.57085,0.11671,-0.12757,-0.48152,0.02655,,,,,,,,,,,,,,,,,,,,,,,,,,0,0,0,0,0
55.1995,1783969906.9663,2,0,0.5000,0.4682,1.42233,-0.03162,-2.63742,1.09829,1.57085,0.11671,-0.12757,-0.48152,0.02655,,,,,,,,,,,,,,,,,,,,,,,,,,0,0,0,0,0
55.1999,1783969906.9667,2,0,0.5000,0.4744,1.42233,-0.03162,-2.63742,1.09829,1.57085,0.11671,-0.12757,-0.48152,0.02655,,,,,,,,,,,,,,,,,,,,,,,,,,0,0,0,0,0
55.2165,1783969906.9833,2,0,0.5000,0.4321,1.42233,-0.03162,-2.63742,1.09829,1.57085,0.11671,-0.12757,-0.48152,0.02655,,,,,,,,,,,,,,,,,,,,,,,,,,0,0,0,0,0
55.2174,1783969906.9842,2,0,0.5000,0.4061,1.42233,-0.03162,-2.63742,1.09829,1.57085,0.11671,-0.12757,-0.48152,0.02655,,,,,,,,,,,,,,,,,,,,,,,,,,0,0,0,0,0
55.2177,1783969906.9845,2,0,0.5000,0.4195,1.42233,-0.03162,-2.63742,1.09829,1.57085,0.11671,-0.12757,-0.48152,0.02655,,,,,,,,,,,,,,,,,,,,,,,,,,0,0,0,0,0
55.2263,1783969906.9930,2,0,0.5000,0.4272,1.42233,-0.03162,-2.63742,1.09829,1.57085,0.11671,-0.12757,-0.48152,0.02655,,,,,,,,,,,,,,,,,,,,,,,,,,0,0,0,0,0
55.2369,1783969907.0037,2,0,0.5000,0.4637,1.42233,-0.03162,-2.63742,1.09829,1.57085,0.11671,-0.12757,-0.48152,0.02655,,,,,,,,,,,,,,,,,,,,,,,,,,0,0,0,0,0
55.2488,1783969907.0156,2,0,0.5000,0.4862,1.42233,-0.03162,-2.63742,1.09829,1.57085,0.11671,-0.12757,-0.48152,0.02655,,,,,,,,,,,,,,,,,,,,,,,,,,0,0,0,0,0
55.2593,1783969907.0261,2,0,0.5000,0.5401,1.42233,-0.03162,-2.63742,1.09829,1.57085,0.11671,-0.12757,-0.48152,0.02655,,,,,,,,,,,,,,,,,,,,,,,,,,0,0,0,0,0
55.2600,1783969907.0268,2,0,0.5000,0.5331,1.42233,-0.03162,-2.63742,1.09829,1.57085,0.11671,-0.12757,-0.48152,0.02655,,,,,,,,,,,,,,,,,,,,,,,,,,0,0,0,0,0
55.2667,1783969907.0335,2,0,0.5000,0.5239,1.42233,-0.03162,-2.63742,1.09829,1.57085,0.11671,-0.12757,-0.48152,0.02655,,,,,,,,,,,,,,,,,,,,,,,,,,0,0,0,0,0
55.2773,1783969907.0441,2,0,0.5000,0.4760,1.42233,-0.03162,-2.63742,1.09829,1.57085,0.11671,-0.12757,-0.48152,0.02655,,,,,,,,,,,,,,,,,,,,,,,,,,0,0,0,0,0
55.2896,1783969907.0564,2,0,0.5000,0.4764,1.42233,-0.03162,-2.63742,1.09829,1.57085,0.11671,-0.12757,-0.48152,0.02655,,,,,,,,,,,,,,,,,,,,,,,,,,0,0,0,0,0
55.2998,1783969907.0666,2,0,0.5000,0.4394,1.42233,-0.03162,-2.63742,1.09829,1.57085,0.11671,-0.12757,-0.48152,0.02655,,,,,,,,,,,,,,,,,,,,,,,,,,0,0,0,0,0
55.3175,1783969907.0843,2,0,0.5000,0.4325,1.42233,-0.03162,-2.63742,1.09829,1.57085,0.11671,-0.12757,-0.48152,0.02655,,,,,,,,,,,,,,,,,,,,,,,,,,0,0,0,0,0
55.3193,1783969907.0861,2,0,0.5000,0.3835,1.42233,-0.03162,-2.63742,1.09829,1.57085,0.11671,-0.12757,-0.48152,0.02655,,,,,,,,,,,,,,,,,,,,,,,,,,0,0,0,0,0
55.3196,1783969907.0864,2,0,0.5000,0.3219,1.42233,-0.03162,-2.63742,1.09829,1.57085,0.11671,-0.12757,-0.48152,0.02655,,,,,,,,,,,,,,,,,,,,,,,,,,0,0,0,0,0
55.3295,1783969907.0963,2,0,0.5000,0.0798,1.42233,-0.03162,-2.63742,1.09829,1.57085,0.11671,-0.12757,-0.48152,0.02655,,,,,,,,,,,,,,,,,,,,,,,,,,0,0,0,0,0
55.3389,1783969907.1057,2,0,0.5000,0.0096,1.42233,-0.03162,-2.63742,1.09829,1.57085,0.11671,-0.12757,-0.48152,0.02655,,,,,,,,,,,,,,,,,,,,,,,,,,0,0,0,0,0
55.3468,1783969907.1136,2,0,0.5000,0.0017,1.42233,-0.03162,-2.63742,1.09829,1.57085,0.11671,-0.12757,-0.48152,0.02655,,,,,,,,,,,,,,,,,,,,,,,,,,0,0,0,0,0
55.3581,1783969907.1249,2,0,0.5000,0.0004,1.42233,-0.03162,-2.63742,1.09829,1.57085,0.11671,-0.12757,-0.48152,0.02655,,,,,,,,,,,,,,,,,,,,,,,,,,0,0,0,0,0
55.3808,1783969907.1476,2,0,0.5000,0.0001,1.42233,-0.03159,-2.63740,1.09827,1.57085,0.11671,-0.12756,-0.48154,0.02657,,,,,,,,,,,,,,,,,,,,,,,,,,0,0,0,0,0
55.3868,1783969907.1535,2,0,0.5000,0.0000,1.42233,-0.03158,-2.63738,1.09826,1.57085,0.11671,-0.12756,-0.48155,0.02658,,,,,,,,,,,,,,,,,,,,,,,,,,0,0,0,0,0
55.3871,1783969907.1538,2,0,0.5000,0.0000,1.42233,-0.03158,-2.63738,1.09826,1.57085,0.11671,-0.12756,-0.48155,0.02658,,,,,,,,,,,,,,,,,,,,,,,,,,0,0,0,0,0
55.3958,1783969907.1625,2,0,0.5000,0.0000,1.42233,-0.03157,-2.63737,1.09824,1.57085,0.11671,-0.12756,-0.48156,0.02659,,,,,,,,,,,,,,,,,,,,,,,,,,0,0,0,0,0
55.4069,1783969907.1737,2,0,0.5000,-0.0000,1.42233,-0.03152,-2.63735,1.09820,1.57085,0.11671,-0.12756,-0.48157,0.02661,,,,,,,,,,,,,,,,,,,,,,,,,,0,0,0,0,0
55.4167,1783969907.1834,2,0,0.5000,-0.0000,1.42233,-0.03141,-2.63731,1.09808,1.57085,0.11671,-0.12756,-0.48159,0.02666,,,,,,,,,,,,,,,,,,,,,,,,,,0,0,0,0,0
55.4718,1783969907.2386,2,0,0.5000,-0.0000,1.42233,-0.03067,-2.63714,1.09721,1.57085,0.11671,-0.12755,-0.48161,0.02692,,,,,,,,,,,,,,,,,,,,,,,,,,0,0,0,0,0
55.4982,1783969907.2650,2,0,0.5000,-0.0000,1.42233,-0.02976,-2.63695,1.09612,1.57085,0.11671,-0.12755,-0.48161,0.02722,,,,,,,,,,,,,,,,,,,,,,,,,,0,0,0,0,0
55.5376,1783969907.3043,2,0,0.5000,-0.0000,1.42234,-0.02681,-2.63635,1.09258,1.57085,0.11671,-0.12756,-0.48162,0.02820,,,,,,,,,,,,,,,,,,,,,,,,,,0,0,0,0,0
55.5391,1783969907.3059,2,0,0.5000,-0.0000,1.42234,-0.02681,-2.63635,1.09258,1.57085,0.11671,-0.12756,-0.48162,0.02820,,,,,,,,,,,,,,,,,,,,,,,,,,0,0,0,0,0
55.5487,1783969907.3155,2,0,0.5000,-0.0000,1.42235,-0.02562,-2.63611,1.09116,1.57085,0.11671,-0.12756,-0.48162,0.02859,,,,,,,,,,,,,,,,,,,,,,,,,,0,0,0,0,0
55.5526,1783969907.3194,2,0,0.5000,-0.0000,1.42235,-0.02553,-2.63609,1.09104,1.57085,0.11671,-0.12756,-0.48162,0.02862,,,,,,,,,,,,,,,,,,,,,,,,,,0,0,0,0,0
55.5529,1783969907.3197,2,0,0.5000,-0.0000,1.42235,-0.02553,-2.63609,1.09104,1.57085,0.11671,-0.12756,-0.48162,0.02862,,,,,,,,,,,,,,,,,,,,,,,,,,0,0,0,0,0
55.5532,1783969907.3200,2,0,0.5000,-0.0000,1.42235,-0.02553,-2.63609,1.09104,1.57085,0.11671,-0.12756,-0.48162,0.02862,,,,,,,,,,,,,,,,,,,,,,,,,,0,0,0,0,0
55.5535,1783969907.3203,2,0,0.5000,-0.0000,1.42235,-0.02553,-2.63609,1.09104,1.57085,0.11671,-0.12756,-0.48162,0.02862,,,,,,,,,,,,,,,,,,,,,,,,,,0,0,0,0,0
55.5540,1783969907.3208,2,0,0.5000,-0.0000,1.42235,-0.02553,-2.63609,1.09104,1.57085,0.11671,-0.12756,-0.48162,0.02862,,,,,,,,,,,,,,,,,,,,,,,,,,0,0,0,0,0
55.5554,1783969907.3222,2,0,0.5000,-0.0000,1.42235,-0.02553,-2.63609,1.09104,1.57085,0.11671,-0.12756,-0.48162,0.02862,,,,,,,,,,,,,,,,,,,,,,,,,,0,0,0,0,0
55.5638,1783969907.3306,2,0,0.5000,-0.0000,1.42235,-0.02484,-2.63595,1.09022,1.57085,0.11671,-0.12756,-0.48162,0.02885,,,,,,,,,,,,,,,,,,,,,,,,,,0,0,0,0,0
55.5647,1783969907.3315,2,0,0.5000,-0.0000,1.42235,-0.02429,-2.63583,1.08956,1.57085,0.11671,-0.12756,-0.48162,0.02904,,,,,,,,,,,,,,,,,,,,,,,,,,0,0,0,0,0
55.5699,1783969907.3367,2,0,0.5000,-0.0000,1.42236,-0.02362,-2.63569,1.08876,1.57085,0.11671,-0.12756,-0.48162,0.02926,,,,,,,,,,,,,,,,,,,,,,,,,,0,0,0,0,0
55.5718,1783969907.3385,2,0,0.5000,-0.0000,1.42236,-0.02362,-2.63569,1.08876,1.57085,0.11671,-0.12756,-0.48162,0.02926,,,,,,,,,,,,,,,,,,,,,,,,,,0,0,0,0,0
55.5731,1783969907.3399,2,0,0.5000,-0.0000,1.42236,-0.02362,-2.63569,1.08876,1.57085,0.11671,-0.12756,-0.48162,0.02926,,,,,,,,,,,,,,,,,,,,,,,,,,0,0,0,0,0
55.5735,1783969907.3403,2,0,0.5000,-0.0000,1.42236,-0.02362,-2.63569,1.08876,1.57085,0.11671,-0.12756,-0.48162,0.02926,,,,,,,,,,,,,,,,,,,,,,,,,,0,0,0,0,0
55.5753,1783969907.3421,2,0,0.5000,-0.0000,1.42236,-0.02362,-2.63569,1.08876,1.57085,0.11671,-0.12756,-0.48162,0.02926,,,,,,,,,,,,,,,,,,,,,,,,,,0,0,0,0,0
55.5756,1783969907.3423,2,0,0.5000,-0.0000,1.42236,-0.02362,-2.63569,1.08876,1.57085,0.11671,-0.12756,-0.48162,0.02926,,,,,,,,,,,,,,,,,,,,,,,,,,0,0,0,0,0
55.6068,1783969907.3736,2,0,0.5000,-0.0000,1.42237,-0.01904,-2.63473,1.08324,1.57085,0.11671,-0.12757,-0.48164,0.03079,,,,,,,,,,,,,,,,,,,,,,,,,,0,0,0,0,0
55.6077,1783969907.3745,2,0,0.5000,-0.0000,1.42237,-0.01904,-2.63473,1.08324,1.57085,0.11671,-0.12757,-0.48164,0.03079,,,,,,,,,,,,,,,,,,,,,,,,,,0,0,0,0,0
55.6080,1783969907.3748,2,0,0.5000,-0.0000,1.42237,-0.01904,-2.63473,1.08324,1.57085,0.11671,-0.12757,-0.48164,0.03079,,,,,,,,,,,,,,,,,,,,,,,,,,0,0,0,0,0
55.6167,1783969907.3835,2,0,0.5000,-0.0000,1.42238,-0.01809,-2.63453,1.08210,1.57085,0.11671,-0.12757,-0.48164,0.03111,,,,,,,,,,,,,,,,,,,,,,,,,,0,0,0,0,0
55.6278,1783969907.3946,2,0,0.5000,-0.0000,1.42238,-0.01663,-2.63422,1.08033,1.57085,0.11671,-0.12757,-0.48164,0.03160,,,,,,,,,,,,,,,,,,,,,,,,,,0,0,0,0,0
55.6357,1783969907.4025,2,0,0.5000,-0.0000,1.42239,-0.01475,-2.63382,1.07806,1.57085,0.11671,-0.12758,-0.48164,0.03223,,,,,,,,,,,,,,,,,,,,,,,,,,0,0,0,0,0
55.6537,1783969907.4204,2,0,0.5000,-0.0000,1.42239,-0.01291,-2.63344,1.07584,1.57085,0.11671,-0.12758,-0.48163,0.03285,,,,,,,,,,,,,,,,,,,,,,,,,,0,0,0,0,0
55.6575,1783969907.4242,2,0,0.5000,-0.0000,1.42240,-0.01234,-2.63332,1.07515,1.57085,0.11671,-0.12758,-0.48163,0.03304,,,,,,,,,,,,,,,,,,,,,,,,,,0,0,0,0,0
55.6706,1783969907.4373,2,0,0.5000,-0.0000,1.42240,-0.01155,-2.63315,1.07419,1.57085,0.11671,-0.12758,-0.48163,0.03330,,,,,,,,,,,,,,,,,,,,,,,,,,0,0,0,0,0
55.6765,1783969907.4433,2,0,0.5000,-0.0000,1.42240,-0.01076,-2.63298,1.07324,1.57085,0.11671,-0.12759,-0.48163,0.03356,,,,,,,,,,,,,,,,,,,,,,,,,,0,0,0,0,0
55.6769,1783969907.4437,2,0,0.5000,-0.0000,1.42240,-0.01076,-2.63298,1.07324,1.57085,0.11671,-0.12759,-0.48163,0.03356,,,,,,,,,,,,,,,,,,,,,,,,,,0,0,0,0,0
55.6910,1783969907.4577,2,0,0.5000,-0.0000,1.42241,-0.00859,-2.63252,1.07059,1.57085,0.11671,-0.12759,-0.48162,0.03429,,,,,,,,,,,,,,,,,,,,,,,,,,0,0,0,0,0
55.6913,1783969907.4581,2,0,0.5000,-0.0000,1.42241,-0.00859,-2.63252,1.07059,1.57085,0.11671,-0.12759,-0.48162,0.03429,,,,,,,,,,,,,,,,,,,,,,,,,,0,0,0,0,0
55.7130,1783969907.4798,2,0,0.5000,-0.0000,1.42242,-0.00657,-2.63209,1.06812,1.57084,0.11671,-0.12760,-0.48161,0.03497,,,,,,,,,,,,,,,,,,,,,,,,,,0,0,0,0,0
55.7185,1783969907.4853,2,0,0.5000,-0.0000,1.42242,-0.00602,-2.63197,1.06744,1.57084,0.11671,-0.12760,-0.48160,0.03515,,,,,,,,,,,,,,,,,,,,,,,,,,0,0,0,0,0
55.7189,1783969907.4857,2,0,0.5000,-0.0000,1.42242,-0.00602,-2.63197,1.06744,1.57084,0.11671,-0.12760,-0.48160,0.03515,,,,,,,,,,,,,,,,,,,,,,,,,,0,0,0,0,0
55.7224,1783969907.4892,2,0,0.5000,-0.0000,1.42242,-0.00540,-2.63184,1.06668,1.57084,0.11671,-0.12760,-0.48160,0.03536,,,,,,,,,,,,,,,,,,,,,,,,,,0,0,0,0,0
55.7304,1783969907.4972,2,0,0.5000,-0.0000,1.42242,-0.00473,-2.63170,1.06587,1.57084,0.11671,-0.12760,-0.48159,0.03558,,,,,,,,,,,,,,,,,,,,,,,,,,0,0,0,0,0
55.7567,1783969907.5234,2,0,0.5000,-0.0000,1.42243,-0.00343,-2.63142,1.06426,1.57084,0.11671,-0.12761,-0.48158,0.03601,,,,,,,,,,,,,,,,,,,,,,,,,,0,0,0,0,0
55.7689,1783969907.5357,2,0,0.5000,-0.0000,1.42243,-0.00278,-2.63128,1.06344,1.57084,0.11671,-0.12761,-0.48157,0.03623,,,,,,,,,,,,,,,,,,,,,,,,,,0,0,0,0,0
55.7694,1783969907.5362,2,0,0.5000,-0.0000,1.42243,-0.00278,-2.63128,1.06344,1.57084,0.11671,-0.12761,-0.48157,0.03623,,,,,,,,,,,,,,,,,,,,,,,,,,0,0,0,0,0
55.7739,1783969907.5406,2,0,0.5000,-0.0000,1.42243,-0.00244,-2.63121,1.06302,1.57084,0.11671,-0.12761,-0.48157,0.03634,,,,,,,,,,,,,,,,,,,,,,,,,,0,0,0,0,0
55.7741,1783969907.5409,2,0,0.5000,-0.0000,1.42243,-0.00244,-2.63121,1.06302,1.57084,0.11671,-0.12761,-0.48157,0.03634,,,,,,,,,,,,,,,,,,,,,,,,,,0,0,0,0,0
55.7776,1783969907.5444,2,0,0.5000,-0.0000,1.42243,-0.00206,-2.63113,1.06255,1.57084,0.11671,-0.12761,-0.48156,0.03646,,,,,,,,,,,,,,,,,,,,,,,,,,0,0,0,0,0
55.7780,1783969907.5448,2,0,0.5000,-0.0000,1.42243,-0.00206,-2.63113,1.06255,1.57084,0.11671,-0.12761,-0.48156,0.03646,,,,,,,,,,,,,,,,,,,,,,,,,,0,0,0,0,0
55.8807,1783969907.6474,2,0,0.5000,-0.0000,1.42244,0.00072,-2.63046,1.05902,1.57084,0.11672,-0.12762,-0.48157,0.03741,,,,,,,,,,,,,,,,,,,,,,,,,,0,0,0,0,0
55.8810,1783969907.6477,2,0,0.5000,-0.0000,1.42244,0.00072,-2.63046,1.05902,1.57084,0.11672,-0.12762,-0.48157,0.03741,,,,,,,,,,,,,,,,,,,,,,,,,,0,0,0,0,0
55.8941,1783969907.6609,2,0,0.5000,-0.0000,1.42244,0.00072,-2.63046,1.05902,1.57084,0.11672,-0.12762,-0.48157,0.03741,,,,,,,,,,,,,,,,,,,,,,,,,,0,0,0,0,0
55.9000,1783969907.6668,2,0,0.5000,-0.0000,1.42244,0.00072,-2.63046,1.05902,1.57084,0.11672,-0.12762,-0.48157,0.03741,,,,,,,,,,,,,,,,,,,,,,,,,,0,0,0,0,0
55.9214,1783969907.6882,2,0,0.5000,-0.0000,1.42244,0.00072,-2.63046,1.05902,1.57084,0.11672,-0.12762,-0.48157,0.03741,,,,,,,,,,,,,,,,,,,,,,,,,,0,0,0,0,0
55.9217,1783969907.6884,2,0,0.5000,-0.0000,1.42244,0.00072,-2.63046,1.05902,1.57084,0.11672,-0.12762,-0.48157,0.03741,,,,,,,,,,,,,,,,,,,,,,,,,,0,0,0,0,0
55.9287,1783969907.6955,2,0,0.5000,-0.0000,1.42244,0.00072,-2.63046,1.05902,1.57084,0.11672,-0.12762,-0.48157,0.03741,,,,,,,,,,,,,,,,,,,,,,,,,,0,0,0,0,0
55.9308,1783969907.6976,2,0,0.5000,-0.0000,1.42244,0.00072,-2.63046,1.05902,1.57084,0.11672,-0.12762,-0.48157,0.03741,,,,,,,,,,,,,,,,,,,,,,,,,,0,0,0,0,0
55.9312,1783969907.6979,2,0,0.5000,-0.0000,1.42244,0.00072,-2.63046,1.05902,1.57084,0.11672,-0.12762,-0.48157,0.03741,,,,,,,,,,,,,,,,,,,,,,,,,,0,0,0,0,0
55.9316,1783969907.6983,2,0,0.5000,-0.0000,1.42244,0.00072,-2.63046,1.05902,1.57084,0.11672,-0.12762,-0.48157,0.03741,,,,,,,,,,,,,,,,,,,,,,,,,,0,0,0,0,0
55.9336,1783969907.7004,2,0,0.5000,-0.0000,1.42244,0.00072,-2.63046,1.05902,1.57084,0.11672,-0.12762,-0.48157,0.03741,,,,,,,,,,,,,,,,,,,,,,,,,,0,0,0,0,0
55.9340,1783969907.7008,2,0,0.5000,-0.0000,1.42244,0.00072,-2.63046,1.05902,1.57084,0.11672,-0.12762,-0.48157,0.03741,,,,,,,,,,,,,,,,,,,,,,,,,,0,0,0,0,0
55.9383,1783969907.7050,2,0,0.5000,-0.0000,1.42244,0.00072,-2.63046,1.05902,1.57084,0.11672,-0.12762,-0.48157,0.03741,,,,,,,,,,,,,,,,,,,,,,,,,,0,0,0,0,0
55.9385,1783969907.7053,2,0,0.5000,-0.0000,1.42244,0.00072,-2.63046,1.05902,1.57084,0.11672,-0.12762,-0.48157,0.03741,,,,,,,,,,,,,,,,,,,,,,,,,,0,0,0,0,0
55.9389,1783969907.7056,2,0,0.5000,-0.0000,1.42244,0.00072,-2.63046,1.05902,1.57084,0.11672,-0.12762,-0.48157,0.03741,,,,,,,,,,,,,,,,,,,,,,,,,,0,0,0,0,0
55.9393,1783969907.7061,2,0,0.5000,-0.0000,1.42244,0.00072,-2.63046,1.05902,1.57084,0.11672,-0.12762,-0.48157,0.03741,,,,,,,,,,,,,,,,,,,,,,,,,,0,0,0,0,0
55.9397,1783969907.7065,2,0,0.5000,-0.0000,1.42244,0.00072,-2.63046,1.05902,1.57084,0.11672,-0.12762,-0.48157,0.03741,,,,,,,,,,,,,,,,,,,,,,,,,,0,0,0,0,0
55.9439,1783969907.7106,2,0,0.5000,-0.0000,1.42244,0.00072,-2.63046,1.05902,1.57084,0.11672,-0.12762,-0.48157,0.03741,,,,,,,,,,,,,,,,,,,,,,,,,,0,0,0,0,0
55.9445,1783969907.7113,2,0,0.5000,-0.0000,1.42244,0.00072,-2.63046,1.05902,1.57084,0.11672,-0.12762,-0.48157,0.03741,,,,,,,,,,,,,,,,,,,,,,,,,,0,0,0,0,0
55.9462,1783969907.7129,2,0,0.5000,-0.0000,1.42244,0.00072,-2.63046,1.05902,1.57084,0.11672,-0.12762,-0.48157,0.03741,,,,,,,,,,,,,,,,,,,,,,,,,,0,0,0,0,0
55.9464,1783969907.7131,2,0,0.5000,-0.0000,1.42244,0.00072,-2.63046,1.05902,1.57084,0.11672,-0.12762,-0.48157,0.03741,,,,,,,,,,,,,,,,,,,,,,,,,,0,0,0,0,0
55.9494,1783969907.7162,2,0,0.5000,-0.0000,1.42244,0.00072,-2.63046,1.05902,1.57084,0.11672,-0.12762,-0.48157,0.03741,,,,,,,,,,,,,,,,,,,,,,,,,,0,0,0,0,0
55.9558,1783969907.7226,2,0,0.5000,-0.0000,1.42244,0.00072,-2.63046,1.05902,1.57084,0.11672,-0.12762,-0.48157,0.03741,,,,,,,,,,,,,,,,,,,,,,,,,,0,0,0,0,0
55.9562,1783969907.7230,2,0,0.5000,-0.0000,1.42244,0.00072,-2.63046,1.05902,1.57084,0.11672,-0.12762,-0.48157,0.03741,,,,,,,,,,,,,,,,,,,,,,,,,,0,0,0,0,0
55.9726,1783969907.7394,2,0,0.5000,-0.0000,1.42244,0.00072,-2.63046,1.05902,1.57084,0.11672,-0.12762,-0.48157,0.03741,,,,,,,,,,,,,,,,,,,,,,,,,,0,0,0,0,0
56.0010,1783969907.7678,2,0,0.5000,-0.0000,1.42244,0.00072,-2.63046,1.05902,1.57084,0.11672,-0.12762,-0.48157,0.03741,,,,,,,,,,,,,,,,,,,,,,,,,,0,0,0,0,0
56.0246,1783969907.7914,2,0,0.5000,-0.0000,1.42244,0.00072,-2.63046,1.05902,1.57084,0.11672,-0.12762,-0.48157,0.03741,,,,,,,,,,,,,,,,,,,,,,,,,,0,0,0,0,0
56.0289,1783969907.7957,2,0,0.5000,-0.0000,1.42244,0.00072,-2.63046,1.05902,1.57084,0.11672,-0.12762,-0.48157,0.03741,,,,,,,,,,,,,,,,,,,,,,,,,,0,0,0,0,0
56.0293,1783969907.7960,2,0,0.5000,-0.0000,1.42244,0.00072,-2.63046,1.05902,1.57084,0.11672,-0.12762,-0.48157,0.03741,,,,,,,,,,,,,,,,,,,,,,,,,,0,0,0,0,0
56.0296,1783969907.7963,2,0,0.5000,-0.0000,1.42244,0.00072,-2.63046,1.05902,1.57084,0.11672,-0.12762,-0.48157,0.03741,,,,,,,,,,,,,,,,,,,,,,,,,,0,0,0,0,0
56.0391,1783969907.8058,2,0,0.5000,-0.0000,1.42244,0.00072,-2.63046,1.05902,1.57084,0.11672,-0.12762,-0.48157,0.03741,,,,,,,,,,,,,,,,,,,,,,,,,,0,0,0,0,0
56.0394,1783969907.8062,2,0,0.5000,-0.0000,1.42244,0.00072,-2.63046,1.05902,1.57084,0.11672,-0.12762,-0.48157,0.03741,,,,,,,,,,,,,,,,,,,,,,,,,,0,0,0,0,0
56.0454,1783969907.8122,2,0,0.5000,-0.0000,1.42244,0.00072,-2.63046,1.05902,1.57084,0.11672,-0.12762,-0.48157,0.03741,,,,,,,,,,,,,,,,,,,,,,,,,,0,0,0,0,0
56.0559,1783969907.8227,2,0,0.5000,-0.0000,1.42244,0.00072,-2.63046,1.05902,1.57084,0.11672,-0.12762,-0.48157,0.03741,,,,,,,,,,,,,,,,,,,,,,,,,,0,0,0,0,0
56.0659,1783969907.8327,2,0,0.5000,-0.0000,1.42244,0.00072,-2.63046,1.05902,1.57084,0.11672,-0.12762,-0.48157,0.03741,,,,,,,,,,,,,,,,,,,,,,,,,,0,0,0,0,0
56.0787,1783969907.8454,2,0,0.5000,-0.0000,1.42244,0.00072,-2.63046,1.05902,1.57084,0.11672,-0.12762,-0.48157,0.03741,,,,,,,,,,,,,,,,,,,,,,,,,,0,0,0,0,0
56.0861,1783969907.8529,2,0,0.5000,-0.0000,1.42244,0.00072,-2.63046,1.05902,1.57084,0.11672,-0.12762,-0.48157,0.03741,,,,,,,,,,,,,,,,,,,,,,,,,,0,0,0,0,0
56.0865,1783969907.8533,2,0,0.5000,-0.0000,1.42244,0.00072,-2.63046,1.05902,1.57084,0.11672,-0.12762,-0.48157,0.03741,,,,,,,,,,,,,,,,,,,,,,,,,,0,0,0,0,0
56.0974,1783969907.8642,2,0,0.5000,-0.0000,1.42244,0.00072,-2.63046,1.05902,1.57084,0.11672,-0.12762,-0.48157,0.03741,,,,,,,,,,,,,,,,,,,,,,,,,,0,0,0,0,0
56.1229,1783969907.8897,2,0,0.5000,-0.0000,1.42244,0.00072,-2.63046,1.05902,1.57084,0.11672,-0.12762,-0.48157,0.03741,,,,,,,,,,,,,,,,,,,,,,,,,,0,0,0,0,0
56.1335,1783969907.9003,2,0,0.5000,-0.0000,1.42244,0.00072,-2.63046,1.05902,1.57084,0.11672,-0.12762,-0.48157,0.03741,,,,,,,,,,,,,,,,,,,,,,,,,,0,0,0,0,0
56.1417,1783969907.9084,2,0,0.5000,-0.0000,1.42244,0.00072,-2.63046,1.05902,1.57084,0.11672,-0.12762,-0.48157,0.03741,,,,,,,,,,,,,,,,,,,,,,,,,,0,0,0,0,0
56.1489,1783969907.9157,2,0,0.5000,-0.0000,1.42244,0.00072,-2.63046,1.05902,1.57084,0.11672,-0.12762,-0.48157,0.03741,,,,,,,,,,,,,,,,,,,,,,,,,,0,0,0,0,0
56.1526,1783969907.9194,2,0,0.5000,-0.0000,1.42244,0.00072,-2.63046,1.05902,1.57084,0.11672,-0.12762,-0.48157,0.03741,,,,,,,,,,,,,,,,,,,,,,,,,,0,0,0,0,0
56.1606,1783969907.9273,2,0,0.5000,-0.0000,1.42244,0.00072,-2.63046,1.05902,1.57084,0.11672,-0.12762,-0.48157,0.03741,,,,,,,,,,,,,,,,,,,,,,,,,,0,0,0,0,0
56.1731,1783969907.9398,2,0,0.5000,-0.0000,1.42244,0.00072,-2.63046,1.05902,1.57084,0.11672,-0.12762,-0.48157,0.03741,,,,,,,,,,,,,,,,,,,,,,,,,,0,0,0,0,0
56.1887,1783969907.9555,2,0,0.5000,-0.0000,1.42244,0.00072,-2.63046,1.05902,1.57084,0.11672,-0.12762,-0.48157,0.03741,,,,,,,,,,,,,,,,,,,,,,,,,,0,0,0,0,0
56.2014,1783969907.9682,3,0,0.5000,-0.0000,1.42244,0.00072,-2.63046,1.05902,1.57084,0.11672,-0.12762,-0.48157,0.03741,,,,,,,,,,,,,,,,,,,,,,,,,,0,0,0,0,0
56.2023,1783969907.9691,3,0,0.5000,-0.0000,1.42244,0.00072,-2.63046,1.05902,1.57084,0.11672,-0.12762,-0.48157,0.03741,,,,,,,,,,,,,,,,,,,,,,,,,,0,0,0,0,0
56.2026,1783969907.9694,3,0,0.5000,-0.0000,1.42244,0.00072,-2.63046,1.05902,1.57084,0.11672,-0.12762,-0.48157,0.03741,,,,,,,,,,,,,,,,,,,,,,,,,,0,0,0,0,0
56.2061,1783969907.9728,3,0,0.5000,-0.0000,1.42244,0.00072,-2.63046,1.05902,1.57084,0.11672,-0.12762,-0.48157,0.03741,,,,,,,,,,,,,,,,,,,,,,,,,,0,0,0,0,0
56.2268,1783969907.9936,3,0,0.5000,-0.0000,1.42244,0.00072,-2.63046,1.05902,1.57084,0.11672,-0.12762,-0.48157,0.03741,,,,,,,,,,,,,,,,,,,,,,,,,,0,0,0,0,0
56.2380,1783969908.0048,3,0,0.5000,-0.0000,1.42244,0.00072,-2.63046,1.05902,1.57084,0.11672,-0.12762,-0.48157,0.03741,,,,,,,,,,,,,,,,,,,,,,,,,,0,0,0,0,0
56.2408,1783969908.0076,3,0,0.5000,-0.0000,1.42244,0.00072,-2.63046,1.05902,1.57084,0.11672,-0.12762,-0.48157,0.03741,,,,,,,,,,,,,,,,,,,,,,,,,,0,0,0,0,0
56.2411,1783969908.0079,3,0,0.5000,-0.0000,1.42244,0.00072,-2.63046,1.05902,1.57084,0.11672,-0.12762,-0.48157,0.03741,,,,,,,,,,,,,,,,,,,,,,,,,,0,0,0,0,0
56.2504,1783969908.0171,3,0,0.5000,-0.0000,1.42244,0.00072,-2.63046,1.05902,1.57084,0.11672,-0.12762,-0.48157,0.03741,,,,,,,,,,,,,,,,,,,,,,,,,,0,0,0,0,0
56.2610,1783969908.0278,3,0,0.5000,-0.0000,1.42244,0.00072,-2.63046,1.05902,1.57084,0.11672,-0.12762,-0.48157,0.03741,,,,,,,,,,,,,,,,,,,,,,,,,,0,0,0,0,0
56.2672,1783969908.0340,3,0,0.5000,-0.0000,1.42244,0.00072,-2.63046,1.05902,1.57084,0.11672,-0.12762,-0.48157,0.03741,,,,,,,,,,,,,,,,,,,,,,,,,,0,0,0,0,0
56.2814,1783969908.0481,3,0,0.5000,-0.0000,1.42244,0.00072,-2.63046,1.05901,1.57084,0.11672,-0.12762,-0.48156,0.03741,,,,,,,,,,,,,,,,,,,,,,,,,,0,0,0,0,0
56.2866,1783969908.0534,3,0,0.5000,-0.0000,1.42244,0.00072,-2.63047,1.05901,1.57084,0.11672,-0.12762,-0.48156,0.03740,,,,,,,,,,,,,,,,,,,,,,,,,,0,0,0,0,0
56.3057,1783969908.0725,3,0,0.5000,-0.0000,1.42244,0.00071,-2.63050,1.05901,1.57083,0.11672,-0.12762,-0.48153,0.03738,,,,,,,,,,,,,,,,,,,,,,,,,,0,0,0,0,0
56.3099,1783969908.0767,3,0,0.5000,-0.0000,1.42244,0.00071,-2.63051,1.05900,1.57083,0.11672,-0.12763,-0.48152,0.03738,,,,,,,,,,,,,,,,,,,,,,,,,,0,0,0,0,0
56.3174,1783969908.0842,3,0,0.5000,-0.0000,1.42244,0.00071,-2.63052,1.05900,1.57083,0.11672,-0.12763,-0.48151,0.03737,,,,,,,,,,,,,,,,,,,,,,,,,,0,0,0,0,0
56.3287,1783969908.0955,3,0,0.5000,-0.0000,1.42244,0.00071,-2.63053,1.05900,1.57083,0.11672,-0.12763,-0.48151,0.03737,,,,,,,,,,,,,,,,,,,,,,,,,,0,0,0,0,0
56.3399,1783969908.1067,3,0,0.5000,-0.0000,1.42244,0.00071,-2.63053,1.05900,1.57083,0.11672,-0.12763,-0.48151,0.03737,,,,,,,,,,,,,,,,,,,,,,,,,,0,0,0,0,0
56.3463,1783969908.1131,3,0,0.5000,-0.0000,1.42244,0.00071,-2.63053,1.05900,1.57083,0.11672,-0.12763,-0.48151,0.03737,,,,,,,,,,,,,,,,,,,,,,,,,,0,0,0,0,0
56.3623,1783969908.1291,3,0,0.5000,-0.0000,1.42244,0.00071,-2.63053,1.05900,1.57083,0.11672,-0.12763,-0.48151,0.03737,,,,,,,,,,,,,,,,,,,,,,,,,,0,0,0,0,0
56.3627,1783969908.1295,3,0,0.5000,-0.0000,1.42244,0.00071,-2.63053,1.05900,1.57083,0.11672,-0.12763,-0.48151,0.03737,,,,,,,,,,,,,,,,,,,,,,,,,,0,0,0,0,0
56.3654,1783969908.1321,3,0,0.5000,-0.0000,1.42244,0.00071,-2.63053,1.05900,1.57083,0.11672,-0.12763,-0.48151,0.03737,,,,,,,,,,,,,,,,,,,,,,,,,,0,0,0,0,0
56.3816,1783969908.1484,3,0,0.5000,-0.0000,1.42244,0.00071,-2.63053,1.05900,1.57083,0.11672,-0.12763,-0.48151,0.03737,,,,,,,,,,,,,,,,,,,,,,,,,,0,0,0,0,0
56.3859,1783969908.1527,3,0,0.5000,-0.0000,1.42244,0.00071,-2.63053,1.05900,1.57083,0.11672,-0.12763,-0.48151,0.03737,,,,,,,,,,,,,,,,,,,,,,,,,,0,0,0,0,0
56.3863,1783969908.1531,3,0,0.5000,-0.0000,1.42244,0.00071,-2.63053,1.05900,1.57083,0.11672,-0.12763,-0.48151,0.03737,,,,,,,,,,,,,,,,,,,,,,,,,,0,0,0,0,0
56.3976,1783969908.1643,3,0,0.5000,-0.0000,1.42244,0.00071,-2.63053,1.05900,1.57083,0.11672,-0.12763,-0.48151,0.03737,,,,,,,,,,,,,,,,,,,,,,,,,,0,0,0,0,0
56.4065,1783969908.1733,3,0,0.5000,-0.0000,1.42244,0.00071,-2.63053,1.05900,1.57083,0.11672,-0.12763,-0.48151,0.03737,,,,,,,,,,,,,,,,,,,,,,,,,,0,0,0,0,0
56.4067,1783969908.1735,3,0,0.5000,-0.0000,1.42244,0.00071,-2.63053,1.05900,1.57083,0.11672,-0.12763,-0.48151,0.03737,,,,,,,,,,,,,,,,,,,,,,,,,,0,0,0,0,0
56.4188,1783969908.1855,3,0,0.5000,-0.0000,1.42244,0.00071,-2.63053,1.05900,1.57083,0.11672,-0.12763,-0.48151,0.03737,,,,,,,,,,,,,,,,,,,,,,,,,,0,0,0,0,0
56.4458,1783969908.2125,3,0,0.5000,-0.0000,1.42244,0.00071,-2.63053,1.05900,1.57083,0.11672,-0.12763,-0.48151,0.03737,,,,,,,,,,,,,,,,,,,,,,,,,,0,0,0,0,0
56.4460,1783969908.2128,3,0,0.5000,-0.0000,1.42244,0.00071,-2.63053,1.05900,1.57083,0.11672,-0.12763,-0.48151,0.03737,,,,,,,,,,,,,,,,,,,,,,,,,,0,0,0,0,0
56.4464,1783969908.2132,3,0,0.5000,-0.0000,1.42244,0.00071,-2.63053,1.05900,1.57083,0.11672,-0.12763,-0.48151,0.03737,,,,,,,,,,,,,,,,,,,,,,,,,,0,0,0,0,0
56.4477,1783969908.2144,3,0,0.5000,-0.0000,1.42244,0.00071,-2.63053,1.05900,1.57083,0.11672,-0.12763,-0.48151,0.03737,,,,,,,,,,,,,,,,,,,,,,,,,,0,0,0,0,0
56.4479,1783969908.2147,3,0,0.5000,-0.0000,1.42244,0.00071,-2.63053,1.05900,1.57083,0.11672,-0.12763,-0.48151,0.03737,,,,,,,,,,,,,,,,,,,,,,,,,,0,0,0,0,0
56.4555,1783969908.2223,3,0,0.5000,-0.0000,1.42244,0.00071,-2.63053,1.05900,1.57083,0.11672,-0.12763,-0.48151,0.03737,,,,,,,,,,,,,,,,,,,,,,,,,,0,0,0,0,0
56.4728,1783969908.2396,3,0,0.5000,-0.0000,1.42244,0.00071,-2.63053,1.05900,1.57083,0.11672,-0.12763,-0.48151,0.03737,,,,,,,,,,,,,,,,,,,,,,,,,,0,0,0,0,0
56.4731,1783969908.2399,3,0,0.5000,-0.0000,1.42244,0.00071,-2.63053,1.05900,1.57083,0.11672,-0.12763,-0.48151,0.03737,,,,,,,,,,,,,,,,,,,,,,,,,,0,0,0,0,0
56.4792,1783969908.2459,3,0,0.5000,-0.0000,1.42244,0.00071,-2.63053,1.05900,1.57083,0.11672,-0.12763,-0.48151,0.03737,,,,,,,,,,,,,,,,,,,,,,,,,,0,0,0,0,0
56.4796,1783969908.2463,3,0,0.5000,-0.0000,1.42244,0.00071,-2.63053,1.05900,1.57083,0.11672,-0.12763,-0.48151,0.03737,,,,,,,,,,,,,,,,,,,,,,,,,,0,0,0,0,0
56.4881,1783969908.2549,3,0,0.5000,-0.0000,1.42244,0.00071,-2.63053,1.05900,1.57083,0.11672,-0.12763,-0.48151,0.03737,,,,,,,,,,,,,,,,,,,,,,,,,,0,0,0,0,0
56.4885,1783969908.2552,3,0,0.5000,-0.0000,1.42244,0.00071,-2.63053,1.05900,1.57083,0.11672,-0.12763,-0.48151,0.03737,,,,,,,,,,,,,,,,,,,,,,,,,,0,0,0,0,0
56.4956,1783969908.2624,3,0,0.5000,-0.0000,1.42244,0.00071,-2.63053,1.05900,1.57083,0.11672,-0.12763,-0.48151,0.03737,,,,,,,,,,,,,,,,,,,,,,,,,,0,0,0,0,0
56.5063,1783969908.2731,3,0,0.5000,-0.0000,1.42244,0.00071,-2.63053,1.05900,1.57083,0.11672,-0.12763,-0.48151,0.03737,,,,,,,,,,,,,,,,,,,,,,,,,,0,0,0,0,0
56.5067,1783969908.2735,3,0,0.5000,-0.0000,1.42244,0.00071,-2.63053,1.05900,1.57083,0.11672,-0.12763,-0.48151,0.03737,,,,,,,,,,,,,,,,,,,,,,,,,,0,0,0,0,0
56.5155,1783969908.2823,3,0,0.5000,-0.0000,1.42244,0.00071,-2.63053,1.05900,1.57083,0.11672,-0.12763,-0.48151,0.03737,,,,,,,,,,,,,,,,,,,,,,,,,,0,0,0,0,0
56.5159,1783969908.2827,3,0,0.5000,-0.0000,1.42244,0.00071,-2.63053,1.05900,1.57083,0.11672,-0.12763,-0.48151,0.03737,,,,,,,,,,,,,,,,,,,,,,,,,,0,0,0,0,0
56.5276,1783969908.2944,3,0,0.5000,-0.0000,1.42244,0.00071,-2.63053,1.05900,1.57083,0.11672,-0.12763,-0.48151,0.03737,,,,,,,,,,,,,,,,,,,,,,,,,,0,0,0,0,0
56.5279,1783969908.2947,3,0,0.5000,-0.0000,1.42244,0.00071,-2.63053,1.05900,1.57083,0.11672,-0.12763,-0.48151,0.03737,,,,,,,,,,,,,,,,,,,,,,,,,,0,0,0,0,0
56.5390,1783969908.3058,3,0,0.5000,-0.0000,1.42244,0.00071,-2.63053,1.05900,1.57083,0.11672,-0.12763,-0.48151,0.03737,,,,,,,,,,,,,,,,,,,,,,,,,,0,0,0,0,0
56.5452,1783969908.3120,3,0,0.5000,-0.0000,1.42244,0.00071,-2.63053,1.05900,1.57083,0.11672,-0.12763,-0.48151,0.03737,,,,,,,,,,,,,,,,,,,,,,,,,,0,0,0,0,0
56.5457,1783969908.3124,3,0,0.5000,-0.0000,1.42244,0.00071,-2.63053,1.05900,1.57083,0.11672,-0.12763,-0.48151,0.03737,,,,,,,,,,,,,,,,,,,,,,,,,,0,0,0,0,0
56.5757,1783969908.3425,3,0,0.5000,-0.0000,1.42244,0.00071,-2.63053,1.05900,1.57083,0.11672,-0.12763,-0.48151,0.03737,,,,,,,,,,,,,,,,,,,,,,,,,,0,0,0,0,0
56.5772,1783969908.3439,3,0,0.5000,-0.0000,1.42244,0.00071,-2.63053,1.05900,1.57083,0.11672,-0.12763,-0.48151,0.03737,,,,,,,,,,,,,,,,,,,,,,,,,,0,0,0,0,0
56.5776,1783969908.3444,3,0,0.5000,-0.0000,1.42244,0.00071,-2.63053,1.05900,1.57083,0.11672,-0.12763,-0.48151,0.03737,,,,,,,,,,,,,,,,,,,,,,,,,,0,0,0,0,0
56.5781,1783969908.3449,3,0,0.5000,-0.0000,1.42244,0.00071,-2.63053,1.05900,1.57083,0.11672,-0.12763,-0.48151,0.03737,,,,,,,,,,,,,,,,,,,,,,,,,,0,0,0,0,0
56.5880,1783969908.3548,3,0,0.5000,-0.0000,1.42244,0.00071,-2.63053,1.05900,1.57083,0.11672,-0.12763,-0.48151,0.03737,,,,,,,,,,,,,,,,,,,,,,,,,,0,0,0,0,0
56.5958,1783969908.3626,3,0,0.5000,-0.0000,1.42244,0.00071,-2.63053,1.05900,1.57083,0.11672,-0.12763,-0.48151,0.03737,,,,,,,,,,,,,,,,,,,,,,,,,,0,0,0,0,0
56.6098,1783969908.3765,3,0,0.5000,-0.0000,1.42244,0.00071,-2.63053,1.05900,1.57083,0.11672,-0.12763,-0.48151,0.03737,,,,,,,,,,,,,,,,,,,,,,,,,,0,0,0,0,0
56.6161,1783969908.3829,3,0,0.5000,-0.0000,1.42244,0.00071,-2.63053,1.05900,1.57083,0.11672,-0.12763,-0.48151,0.03737,,,,,,,,,,,,,,,,,,,,,,,,,,0,0,0,0,0
56.6305,1783969908.3973,3,0,0.5000,-0.0000,1.42244,0.00071,-2.63053,1.05900,1.57083,0.11672,-0.12763,-0.48151,0.03737,,,,,,,,,,,,,,,,,,,,,,,,,,0,0,0,0,0
56.6361,1783969908.4029,3,0,0.5000,-0.0000,1.42244,0.00071,-2.63053,1.05900,1.57083,0.11672,-0.12763,-0.48151,0.03737,,,,,,,,,,,,,,,,,,,,,,,,,,0,0,0,0,0
56.6369,1783969908.4036,3,0,0.5000,-0.0000,1.42244,0.00071,-2.63053,1.05900,1.57083,0.11672,-0.12763,-0.48151,0.03737,,,,,,,,,,,,,,,,,,,,,,,,,,0,0,0,0,0
56.6465,1783969908.4133,3,0,0.5000,-0.0000,1.42244,0.00071,-2.63053,1.05900,1.57083,0.11672,-0.12763,-0.48151,0.03737,,,,,,,,,,,,,,,,,,,,,,,,,,0,0,0,0,0
56.6627,1783969908.4294,3,0,0.5000,-0.0000,1.42244,0.00071,-2.63053,1.05900,1.57083,0.11672,-0.12763,-0.48151,0.03737,,,,,,,,,,,,,,,,,,,,,,,,,,0,0,0,0,0
56.6701,1783969908.4368,3,0,0.5000,-0.0000,1.42244,0.00071,-2.63053,1.05900,1.57083,0.11672,-0.12763,-0.48151,0.03737,,,,,,,,,,,,,,,,,,,,,,,,,,0,0,0,0,0
56.6775,1783969908.4442,3,0,0.5000,-0.0000,1.42244,0.00071,-2.63053,1.05900,1.57083,0.11672,-0.12763,-0.48151,0.03737,,,,,,,,,,,,,,,,,,,,,,,,,,0,0,0,0,0
56.6778,1783969908.4446,3,0,0.5000,-0.0000,1.42244,0.00071,-2.63053,1.05900,1.57083,0.11672,-0.12763,-0.48151,0.03737,,,,,,,,,,,,,,,,,,,,,,,,,,0,0,0,0,0
56.6895,1783969908.4562,3,0,0.5000,-0.0000,1.42244,0.00071,-2.63053,1.05900,1.57083,0.11672,-0.12763,-0.48151,0.03737,,,,,,,,,,,,,,,,,,,,,,,,,,0,0,0,0,0
56.6957,1783969908.4625,3,0,0.5000,-0.0000,1.42244,0.00071,-2.63053,1.05900,1.57083,0.11672,-0.12763,-0.48151,0.03737,,,,,,,,,,,,,,,,,,,,,,,,,,0,0,0,0,0
56.7056,1783969908.4724,3,0,0.5000,-0.0000,1.42244,0.00071,-2.63053,1.05900,1.57083,0.11672,-0.12763,-0.48151,0.03737,,,,,,,,,,,,,,,,,,,,,,,,,,0,0,0,0,0
56.7156,1783969908.4824,3,0,0.5000,-0.0000,1.42244,0.00071,-2.63053,1.05900,1.57083,0.11672,-0.12763,-0.48151,0.03737,,,,,,,,,,,,,,,,,,,,,,,,,,0,0,0,0,0
56.7329,1783969908.4997,3,0,0.5000,-0.0000,1.42244,0.00071,-2.63053,1.05900,1.57083,0.11672,-0.12763,-0.48151,0.03737,,,,,,,,,,,,,,,,,,,,,,,,,,0,0,0,0,0
56.7380,1783969908.5048,3,0,0.5000,-0.0000,1.42244,0.00071,-2.63053,1.05900,1.57083,0.11672,-0.12763,-0.48151,0.03737,,,,,,,,,,,,,,,,,,,,,,,,,,0,0,0,0,0
56.7468,1783969908.5136,3,0,0.5000,-0.0000,1.42244,0.00071,-2.63053,1.05900,1.57083,0.11672,-0.12763,-0.48151,0.03737,,,,,,,,,,,,,,,,,,,,,,,,,,0,0,0,0,0
56.7556,1783969908.5224,3,0,0.5000,-0.0000,1.42244,0.00071,-2.63053,1.05900,1.57083,0.11673,-0.12763,-0.48151,0.03737,,,,,,,,,,,,,,,,,,,,,,,,,,0,0,0,0,0
56.7672,1783969908.5340,3,0,0.5000,-0.0000,1.42244,0.00071,-2.63053,1.05900,1.57082,0.11673,-0.12763,-0.48151,0.03737,,,,,,,,,,,,,,,,,,,,,,,,,,0,0,0,0,0
56.7785,1783969908.5452,3,0,0.5000,-0.0000,1.42244,0.00071,-2.63053,1.05900,1.57082,0.11673,-0.12763,-0.48151,0.03737,,,,,,,,,,,,,,,,,,,,,,,,,,0,0,0,0,0
56.7916,1783969908.5584,3,0,0.5000,-0.0000,1.42244,0.00071,-2.63053,1.05900,1.57082,0.11673,-0.12763,-0.48151,0.03737,,,,,,,,,,,,,,,,,,,,,,,,,,0,0,0,0,0
56.7999,1783969908.5667,3,0,0.5000,-0.0000,1.42244,0.00071,-2.63053,1.05900,1.57082,0.11673,-0.12763,-0.48150,0.03737,,,,,,,,,,,,,,,,,,,,,,,,,,0,0,0,0,0
56.8140,1783969908.5808,3,0,0.5000,-0.0000,1.42244,0.00071,-2.63053,1.05900,1.57082,0.11673,-0.12763,-0.48150,0.03737,,,,,,,,,,,,,,,,,,,,,,,,,,0,0,0,0,0
56.8158,1783969908.5826,3,0,0.5000,-0.0000,1.42244,0.00071,-2.63053,1.05900,1.57082,0.11673,-0.12763,-0.48150,0.03737,,,,,,,,,,,,,,,,,,,,,,,,,,0,0,0,0,0
56.8295,1783969908.5963,3,0,0.5000,-0.0000,1.42244,0.00071,-2.63053,1.05900,1.57082,0.11673,-0.12763,-0.48150,0.03737,,,,,,,,,,,,,,,,,,,,,,,,,,0,0,0,0,0
56.8369,1783969908.6036,3,0,0.5000,-0.0000,1.42244,0.00071,-2.63053,1.05900,1.57082,0.11673,-0.12763,-0.48150,0.03737,,,,,,,,,,,,,,,,,,,,,,,,,,0,0,0,0,0
56.8371,1783969908.6038,3,0,0.5000,-0.0000,1.42244,0.00071,-2.63053,1.05900,1.57082,0.11673,-0.12763,-0.48150,0.03737,,,,,,,,,,,,,,,,,,,,,,,,,,0,0,0,0,0
56.8455,1783969908.6123,3,0,0.5000,-0.0000,1.42244,0.00071,-2.63053,1.05900,1.57082,0.11673,-0.12763,-0.48150,0.03737,,,,,,,,,,,,,,,,,,,,,,,,,,0,0,0,0,0
56.8587,1783969908.6255,3,0,0.5000,-0.0000,1.42244,0.00071,-2.63053,1.05900,1.57082,0.11673,-0.12763,-0.48150,0.03737,,,,,,,,,,,,,,,,,,,,,,,,,,0,0,0,0,0
56.8667,1783969908.6335,3,0,0.5000,-0.0000,1.42244,0.00071,-2.63053,1.05900,1.57082,0.11673,-0.12763,-0.48150,0.03737,,,,,,,,,,,,,,,,,,,,,,,,,,0,0,0,0,0
56.8757,1783969908.6425,3,0,0.5000,-0.0000,1.42244,0.00071,-2.63053,1.05900,1.57082,0.11673,-0.12763,-0.48150,0.03737,,,,,,,,,,,,,,,,,,,,,,,,,,0,0,0,0,0
56.8940,1783969908.6608,3,0,0.5000,-0.0000,1.42244,0.00071,-2.63053,1.05900,1.57082,0.11673,-0.12763,-0.48150,0.03737,,,,,,,,,,,,,,,,,,,,,,,,,,0,0,0,0,0
56.8989,1783969908.6657,3,0,0.5000,-0.0000,1.42244,0.00071,-2.63053,1.05900,1.57082,0.11673,-0.12763,-0.48150,0.03737,,,,,,,,,,,,,,,,,,,,,,,,,,0,0,0,0,0
56.9102,1783969908.6770,3,0,0.5000,-0.0000,1.42244,0.00071,-2.63053,1.05900,1.57082,0.11673,-0.12763,-0.48150,0.03737,,,,,,,,,,,,,,,,,,,,,,,,,,0,0,0,0,0
56.9171,1783969908.6839,3,0,0.5000,-0.0000,1.42244,0.00071,-2.63053,1.05900,1.57082,0.11673,-0.12763,-0.48150,0.03737,,,,,,,,,,,,,,,,,,,,,,,,,,0,0,0,0,0
56.9281,1783969908.6949,3,1,0.5000,-0.0000,1.42244,0.00071,-2.63053,1.05900,1.57082,0.11673,-0.12763,-0.48150,0.03737,,,,,,,,,,,,,,,,,,,,,,,,,,0,0,0,0,0
56.9409,1783969908.7076,3,1,0.5000,-0.0000,1.42244,0.00071,-2.63053,1.05900,1.57082,0.11673,-0.12763,-0.48150,0.03737,,,,,,,,,,,,,,,,,,,,,,,,,,0,0,0,0,0
56.9535,1783969908.7203,3,1,0.5000,-0.0000,1.42244,0.00071,-2.63053,1.05900,1.57082,0.11673,-0.12763,-0.48150,0.03737,,,,,,,,,,,,,,,,,,,,,,,,,,0,0,0,0,0
56.9537,1783969908.7205,3,1,0.5000,-0.0000,1.42244,0.00071,-2.63053,1.05900,1.57082,0.11673,-0.12763,-0.48150,0.03737,,,,,,,,,,,,,,,,,,,,,,,,,,0,0,0,0,0
56.9613,1783969908.7281,3,1,0.5000,-0.0000,1.42244,0.00071,-2.63053,1.05900,1.57082,0.11673,-0.12763,-0.48150,0.03737,,,,,,,,,,,,,,,,,,,,,,,,,,0,0,0,0,0
56.9617,1783969908.7285,3,1,0.5000,-0.0000,1.42244,0.00071,-2.63053,1.05900,1.57082,0.11673,-0.12763,-0.48150,0.03737,,,,,,,,,,,,,,,,,,,,,,,,,,0,0,0,0,0
56.9767,1783969908.7435,3,1,0.5000,-0.0000,1.42244,0.00071,-2.63053,1.05900,1.57082,0.11673,-0.12763,-0.48150,0.03737,,,,,,,,,,,,,,,,,,,,,,,,,,0,0,0,0,0
56.9769,1783969908.7437,3,1,0.5000,-0.0000,1.42244,0.00071,-2.63053,1.05900,1.57082,0.11673,-0.12763,-0.48150,0.03737,,,,,,,,,,,,,,,,,,,,,,,,,,0,0,0,0,0
56.9864,1783969908.7532,3,1,0.5000,-0.0000,1.42244,0.00071,-2.63053,1.05900,1.57082,0.11673,-0.12763,-0.48150,0.03737,,,,,,,,,,,,,,,,,,,,,,,,,,0,0,0,0,0
56.9970,1783969908.7637,3,1,0.5000,-0.0000,1.42244,0.00071,-2.63053,1.05900,1.57082,0.11673,-0.12763,-0.48150,0.03737,,,,,,,,,,,,,,,,,,,,,,,,,,0,0,0,0,0
57.0022,1783969908.7689,3,1,0.5000,-0.0000,1.42244,0.00071,-2.63053,1.05900,1.57082,0.11673,-0.12763,-0.48150,0.03737,,,,,,,,,,,,,,,,,,,,,,,,,,0,0,0,0,0
57.0025,1783969908.7693,3,1,0.5000,-0.0000,1.42244,0.00071,-2.63053,1.05900,1.57082,0.11673,-0.12763,-0.48150,0.03737,,,,,,,,,,,,,,,,,,,,,,,,,,0,0,0,0,0
57.0125,1783969908.7793,3,1,0.5000,-0.0000,1.42244,0.00071,-2.63053,1.05900,1.57082,0.11673,-0.12763,-0.48150,0.03737,,,,,,,,,,,,,,,,,,,,,,,,,,0,0,0,0,0
57.0198,1783969908.7865,3,1,0.5000,-0.0000,1.42244,0.00071,-2.63053,1.05900,1.57082,0.11673,-0.12763,-0.48150,0.03737,,,,,,,,,,,,,,,,,,,,,,,,,,0,0,0,0,0
57.0311,1783969908.7978,3,1,0.5000,-0.0000,1.42244,0.00071,-2.63053,1.05900,1.57082,0.11673,-0.12763,-0.48150,0.03737,,,,,,,,,,,,,,,,,,,,,,,,,,0,0,0,0,0
57.0412,1783969908.8080,3,1,0.5000,-0.0000,1.42244,0.00071,-2.63053,1.05900,1.57082,0.11673,-0.12763,-0.48150,0.03737,,,,,,,,,,,,,,,,,,,,,,,,,,0,0,0,0,0
57.0507,1783969908.8175,3,1,0.5000,-0.0000,1.42244,0.00071,-2.63053,1.05900,1.57082,0.11673,-0.12763,-0.48150,0.03737,,,,,,,,,,,,,,,,,,,,,,,,,,0,0,0,0,0
57.0611,1783969908.8278,3,1,0.5000,-0.0000,1.42244,0.00071,-2.63053,1.05900,1.57082,0.11673,-0.12763,-0.48150,0.03737,,,,,,,,,,,,,,,,,,,,,,,,,,0,0,0,0,0
57.0693,1783969908.8361,3,1,0.5000,-0.0000,1.42244,0.00071,-2.63053,1.05900,1.57082,0.11673,-0.12763,-0.48150,0.03737,,,,,,,,,,,,,,,,,,,,,,,,,,0,0,0,0,0
57.0698,1783969908.8365,3,1,0.5000,-0.0000,1.42244,0.00071,-2.63053,1.05900,1.57082,0.11673,-0.12763,-0.48150,0.03737,,,,,,,,,,,,,,,,,,,,,,,,,,0,0,0,0,0
57.0825,1783969908.8493,3,1,0.5000,-0.0000,1.42244,0.00071,-2.63053,1.05900,1.57082,0.11673,-0.12763,-0.48150,0.03737,,,,,,,,,,,,,,,,,,,,,,,,,,0,0,0,0,0
57.0999,1783969908.8666,3,1,0.5000,-0.0000,1.42244,0.00071,-2.63053,1.05900,1.57082,0.11673,-0.12763,-0.48150,0.03737,,,,,,,,,,,,,,,,,,,,,,,,,,0,0,0,0,0
57.1051,1783969908.8719,3,1,0.5000,-0.0000,1.42244,0.00071,-2.63053,1.05900,1.57082,0.11673,-0.12763,-0.48150,0.03737,,,,,,,,,,,,,,,,,,,,,,,,,,0,0,0,0,0
57.1108,1783969908.8775,3,1,0.5000,-0.0000,1.42244,0.00071,-2.63053,1.05900,1.57082,0.11673,-0.12763,-0.48150,0.03737,,,,,,,,,,,,,,,,,,,,,,,,,,0,0,0,0,0
57.1242,1783969908.8910,3,1,0.5000,-0.0000,1.42244,0.00071,-2.63053,1.05900,1.57082,0.11673,-0.12763,-0.48150,0.03737,,,,,,,,,,,,,,,,,,,,,,,,,,0,0,0,0,0
57.1296,1783969908.8963,3,1,0.5000,-0.0000,1.42244,0.00071,-2.63053,1.05900,1.57082,0.11673,-0.12763,-0.48150,0.03737,,,,,,,,,,,,,,,,,,,,,,,,,,0,0,0,0,0
57.1303,1783969908.8971,3,1,0.5000,-0.0000,1.42244,0.00071,-2.63053,1.05900,1.57082,0.11673,-0.12763,-0.48150,0.03737,,,,,,,,,,,,,,,,,,,,,,,,,,0,0,0,0,0
57.1308,1783969908.8976,3,1,0.5000,-0.0000,1.42244,0.00071,-2.63053,1.05900,1.57082,0.11673,-0.12763,-0.48150,0.03737,,,,,,,,,,,,,,,,,,,,,,,,,,0,0,0,0,0
57.1461,1783969908.9129,3,1,0.5000,-0.0000,1.42244,0.00071,-2.63053,1.05900,1.57082,0.11673,-0.12763,-0.48150,0.03737,,,,,,,,,,,,,,,,,,,,,,,,,,0,0,0,0,0
57.1681,1783969908.9349,3,1,0.5000,-0.0000,1.42244,0.00071,-2.63053,1.05900,1.57082,0.11673,-0.12763,-0.48150,0.03737,,,,,,,,,,,,,,,,,,,,,,,,,,0,0,0,0,0
57.1735,1783969908.9403,3,1,0.5000,-0.0000,1.42244,0.00071,-2.63053,1.05900,1.57082,0.11673,-0.12763,-0.48150,0.03737,,,,,,,,,,,,,,,,,,,,,,,,,,0,0,0,0,0
57.1777,1783969908.9444,3,1,0.5000,-0.0000,1.42244,0.00071,-2.63053,1.05900,1.57082,0.11673,-0.12763,-0.48150,0.03737,,,,,,,,,,,,,,,,,,,,,,,,,,0,0,0,0,0
57.1905,1783969908.9573,3,1,0.5000,-0.0000,1.42244,0.00071,-2.63053,1.05900,1.57082,0.11673,-0.12763,-0.48150,0.03737,,,,,,,,,,,,,,,,,,,,,,,,,,0,0,0,0,0
57.1909,1783969908.9577,3,1,0.5000,-0.0000,1.42244,0.00071,-2.63053,1.05900,1.57082,0.11673,-0.12763,-0.48150,0.03737,,,,,,,,,,,,,,,,,,,,,,,,,,0,0,0,0,0
57.2070,1783969908.9738,3,1,0.5000,-0.0000,1.42244,0.00071,-2.63053,1.05900,1.57082,0.11673,-0.12763,-0.48150,0.03737,,,,,,,,,,,,,,,,,,,,,,,,,,0,0,0,0,0
57.2171,1783969908.9839,3,1,0.5000,-0.0000,1.42244,0.00071,-2.63053,1.05900,1.57082,0.11673,-0.12763,-0.48150,0.03737,,,,,,,,,,,,,,,,,,,,,,,,,,0,0,0,0,0
57.2175,1783969908.9843,3,1,0.5000,-0.0000,1.42244,0.00071,-2.63053,1.05900,1.57082,0.11673,-0.12763,-0.48150,0.03737,,,,,,,,,,,,,,,,,,,,,,,,,,0,0,0,0,0
57.2250,1783969908.9918,3,1,0.5000,-0.0000,1.42244,0.00071,-2.63053,1.05900,1.57082,0.11673,-0.12763,-0.48150,0.03737,,,,,,,,,,,,,,,,,,,,,,,,,,0,0,0,0,0
57.2254,1783969908.9922,3,1,0.5000,-0.0000,1.42244,0.00071,-2.63053,1.05900,1.57082,0.11673,-0.12763,-0.48150,0.03737,,,,,,,,,,,,,,,,,,,,,,,,,,0,0,0,0,0
57.2307,1783969908.9975,3,1,0.5000,-0.0000,1.42244,0.00071,-2.63054,1.05901,1.57082,0.11673,-0.12763,-0.48150,0.03737,,,,,,,,,,,,,,,,,,,,,,,,,,0,0,0,0,0
57.2458,1783969909.0126,3,1,0.5000,-0.0000,1.42244,0.00066,-2.63059,1.05908,1.57081,0.11674,-0.12764,-0.48147,0.03733,,,,,,,,,,,,,,,,,,,,,,,,,,0,0,0,0,0
57.2608,1783969909.0276,3,1,0.5000,-0.0000,1.42244,0.00061,-2.63064,1.05913,1.57081,0.11674,-0.12764,-0.48144,0.03730,,,,,,,,,,,,,,,,,,,,,,,,,,0,0,0,0,0
57.2615,1783969909.0283,3,1,0.5000,-0.0000,1.42244,0.00061,-2.63064,1.05913,1.57081,0.11674,-0.12764,-0.48144,0.03730,,,,,,,,,,,,,,,,,,,,,,,,,,0,0,0,0,0
57.2619,1783969909.0287,3,1,0.5000,-0.0000,1.42244,0.00061,-2.63064,1.05913,1.57081,0.11674,-0.12764,-0.48144,0.03730,,,,,,,,,,,,,,,,,,,,,,,,,,0,0,0,0,0
57.2752,1783969909.0420,3,1,0.5000,-0.0000,1.42244,0.00059,-2.63066,1.05917,1.57081,0.11674,-0.12764,-0.48143,0.03728,,,,,,,,,,,,,,,,,,,,,,,,,,0,0,0,0,0
57.2794,1783969909.0462,3,1,0.5000,-0.0000,1.42244,0.00057,-2.63067,1.05919,1.57081,0.11674,-0.12764,-0.48143,0.03727,,,,,,,,,,,,,,,,,,,,,,,,,,0,0,0,0,0
57.2897,1783969909.0565,3,1,0.5000,-0.0000,1.42244,0.00055,-2.63068,1.05921,1.57081,0.11674,-0.12765,-0.48142,0.03726,,,,,,,,,,,,,,,,,,,,,,,,,,0,0,0,0,0
57.3099,1783969909.0766,3,1,0.5000,-0.0000,1.42244,0.00045,-2.63071,1.05933,1.57081,0.11674,-0.12765,-0.48142,0.03723,,,,,,,,,,,,,,,,,,,,,,,,,,0,0,0,0,0
57.3101,1783969909.0769,3,1,0.5000,-0.0000,1.42244,0.00045,-2.63071,1.05933,1.57081,0.11674,-0.12765,-0.48142,0.03723,,,,,,,,,,,,,,,,,,,,,,,,,,0,0,0,0,0
57.3268,1783969909.0936,3,1,0.5000,-0.0000,1.42244,0.00040,-2.63072,1.05940,1.57081,0.11674,-0.12765,-0.48142,0.03721,,,,,,,,,,,,,,,,,,,,,,,,,,0,0,0,0,0
57.3295,1783969909.0963,3,1,0.5000,-0.0000,1.42244,0.00038,-2.63073,1.05943,1.57081,0.11674,-0.12765,-0.48142,0.03720,,,,,,,,,,,,,,,,,,,,,,,,,,0,0,0,0,0
57.3299,1783969909.0967,3,1,0.5000,-0.0000,1.42244,0.00038,-2.63073,1.05943,1.57081,0.11674,-0.12765,-0.48142,0.03720,,,,,,,,,,,,,,,,,,,,,,,,,,0,0,0,0,0
57.3471,1783969909.1139,3,1,0.5000,-0.0000,1.42244,0.00022,-2.63076,1.05962,1.57081,0.11674,-0.12765,-0.48142,0.03715,,,,,,,,,,,,,,,,,,,,,,,,,,0,0,0,0,0
57.3499,1783969909.1167,3,1,0.5000,-0.0000,1.42244,0.00022,-2.63076,1.05962,1.57081,0.11674,-0.12765,-0.48142,0.03715,,,,,,,,,,,,,,,,,,,,,,,,,,0,0,0,0,0
57.3615,1783969909.1282,3,1,0.5000,-0.0000,1.42244,0.00017,-2.63076,1.05968,1.57081,0.11674,-0.12764,-0.48143,0.03714,,,,,,,,,,,,,,,,,,,,,,,,,,0,0,0,0,0
57.3692,1783969909.1360,3,1,0.5000,-0.0000,1.42244,0.00009,-2.63078,1.05978,1.57081,0.11674,-0.12764,-0.48143,0.03711,,,,,,,,,,,,,,,,,,,,,,,,,,0,0,0,0,0
57.3698,1783969909.1366,3,1,0.5000,-0.0000,1.42244,0.00009,-2.63078,1.05978,1.57081,0.11674,-0.12764,-0.48143,0.03711,,,,,,,,,,,,,,,,,,,,,,,,,,0,0,0,0,0
57.3867,1783969909.1535,3,1,0.5000,-0.0000,1.42244,0.00004,-2.63078,1.05984,1.57081,0.11674,-0.12764,-0.48144,0.03710,,,,,,,,,,,,,,,,,,,,,,,,,,0,0,0,0,0
57.3871,1783969909.1539,3,1,0.5000,-0.0000,1.42244,0.00004,-2.63078,1.05984,1.57081,0.11674,-0.12764,-0.48144,0.03710,,,,,,,,,,,,,,,,,,,,,,,,,,0,0,0,0,0
57.3913,1783969909.1581,3,1,0.5000,-0.0000,1.42244,0.00000,-2.63079,1.05988,1.57081,0.11674,-0.12764,-0.48144,0.03709,,,,,,,,,,,,,,,,,,,,,,,,,,0,0,0,0,0
57.4106,1783969909.1774,3,1,0.5000,-0.0000,1.42244,-0.00014,-2.63080,1.06006,1.57081,0.11674,-0.12764,-0.48145,0.03705,,,,,,,,,,,,,,,,,,,,,,,,,,0,0,0,0,0
57.4149,1783969909.1817,3,1,0.5000,-0.0000,1.42244,-0.00015,-2.63080,1.06008,1.57081,0.11674,-0.12764,-0.48145,0.03704,,,,,,,,,,,,,,,,,,,,,,,,,,0,0,0,0,0
57.4212,1783969909.1880,3,1,0.5000,-0.0000,1.42244,-0.00019,-2.63080,1.06013,1.57081,0.11674,-0.12764,-0.48146,0.03704,,,,,,,,,,,,,,,,,,,,,,,,,,0,0,0,0,0
57.4342,1783969909.2010,3,1,0.5000,-0.0000,1.42244,-0.00028,-2.63079,1.06025,1.57081,0.11674,-0.12764,-0.48149,0.03702,,,,,,,,,,,,,,,,,,,,,,,,,,0,0,0,0,0
57.4393,1783969909.2061,3,1,0.5000,-0.0000,1.42244,-0.00031,-2.63079,1.06029,1.57081,0.11674,-0.12763,-0.48150,0.03702,,,,,,,,,,,,,,,,,,,,,,,,,,0,0,0,0,0
57.4640,1783969909.2308,3,1,0.5000,-0.0000,1.42244,-0.00047,-2.63073,1.06049,1.57081,0.11674,-0.12762,-0.48157,0.03701,,,,,,,,,,,,,,,,,,,,,,,,,,0,0,0,0,0
57.4698,1783969909.2366,3,1,0.5000,-0.0000,1.42244,-0.00047,-2.63072,1.06049,1.57081,0.11674,-0.12762,-0.48158,0.03701,,,,,,,,,,,,,,,,,,,,,,,,,,0,0,0,0,0
57.4704,1783969909.2371,3,1,0.5000,-0.0000,1.42244,-0.00047,-2.63072,1.06049,1.57081,0.11674,-0.12762,-0.48158,0.03701,,,,,,,,,,,,,,,,,,,,,,,,,,0,0,0,0,0
57.4708,1783969909.2375,3,1,0.5000,-0.0000,1.42244,-0.00047,-2.63072,1.06049,1.57081,0.11674,-0.12762,-0.48158,0.03701,,,,,,,,,,,,,,,,,,,,,,,,,,0,0,0,0,0
57.4794,1783969909.2462,3,1,0.5000,-0.0000,1.42244,-0.00047,-2.63072,1.06049,1.57081,0.11674,-0.12762,-0.48158,0.03701,,,,,,,,,,,,,,,,,,,,,,,,,,0,0,0,0,0
57.4799,1783969909.2466,3,1,0.5000,-0.0000,1.42244,-0.00047,-2.63072,1.06049,1.57081,0.11674,-0.12762,-0.48158,0.03701,,,,,,,,,,,,,,,,,,,,,,,,,,0,0,0,0,0
57.4943,1783969909.2611,3,1,0.5000,-0.0000,1.42244,-0.00047,-2.63072,1.06049,1.57081,0.11674,-0.12762,-0.48158,0.03701,,,,,,,,,,,,,,,,,,,,,,,,,,0,0,0,0,0
57.4994,1783969909.2662,3,1,0.5000,-0.0000,1.42244,-0.00047,-2.63072,1.06049,1.57081,0.11674,-0.12762,-0.48158,0.03701,,,,,,,,,,,,,,,,,,,,,,,,,,0,0,0,0,0
57.5130,1783969909.2798,3,1,0.5000,-0.0000,1.42244,-0.00047,-2.63072,1.06049,1.57081,0.11674,-0.12762,-0.48158,0.03701,,,,,,,,,,,,,,,,,,,,,,,,,,0,0,0,0,0
57.5221,1783969909.2888,3,1,0.5000,-0.0000,1.42244,-0.00047,-2.63072,1.06049,1.57081,0.11674,-0.12762,-0.48158,0.03701,,,,,,,,,,,,,,,,,,,,,,,,,,0,0,0,0,0
57.5327,1783969909.2995,3,1,0.5000,-0.0000,1.42244,-0.00047,-2.63072,1.06049,1.57081,0.11674,-0.12762,-0.48158,0.03701,,,,,,,,,,,,,,,,,,,,,,,,,,0,0,0,0,0
57.5458,1783969909.3126,3,1,0.5000,-0.0000,1.42244,-0.00047,-2.63072,1.06049,1.57081,0.11674,-0.12762,-0.48158,0.03701,,,,,,,,,,,,,,,,,,,,,,,,,,0,0,0,0,0
57.5522,1783969909.3190,3,1,0.5000,-0.0000,1.42244,-0.00047,-2.63072,1.06049,1.57081,0.11674,-0.12762,-0.48158,0.03701,,,,,,,,,,,,,,,,,,,,,,,,,,0,0,0,0,0
57.5794,1783969909.3461,3,1,0.5000,-0.0000,1.42244,-0.00047,-2.63072,1.06049,1.57081,0.11674,-0.12762,-0.48158,0.03701,,,,,,,,,,,,,,,,,,,,,,,,,,0,0,0,0,0
57.5869,1783969909.3536,3,1,0.5000,-0.0000,1.42244,-0.00047,-2.63072,1.06049,1.57081,0.11674,-0.12762,-0.48158,0.03701,,,,,,,,,,,,,,,,,,,,,,,,,,0,0,0,0,0
57.5872,1783969909.3540,3,1,0.5000,-0.0000,1.42244,-0.00047,-2.63072,1.06049,1.57081,0.11674,-0.12762,-0.48158,0.03701,,,,,,,,,,,,,,,,,,,,,,,,,,0,0,0,0,0
57.5876,1783969909.3543,3,1,0.5000,-0.0000,1.42244,-0.00047,-2.63072,1.06049,1.57081,0.11674,-0.12762,-0.48158,0.03701,,,,,,,,,,,,,,,,,,,,,,,,,,0,0,0,0,0
57.5955,1783969909.3622,3,1,0.5000,-0.0000,1.42244,-0.00047,-2.63072,1.06049,1.57081,0.11674,-0.12762,-0.48158,0.03701,,,,,,,,,,,,,,,,,,,,,,,,,,0,0,0,0,0
57.5959,1783969909.3626,3,1,0.5000,-0.0000,1.42244,-0.00047,-2.63072,1.06049,1.57081,0.11674,-0.12762,-0.48158,0.03701,,,,,,,,,,,,,,,,,,,,,,,,,,0,0,0,0,0
57.6012,1783969909.3680,3,1,0.5000,-0.0000,1.42244,-0.00047,-2.63072,1.06049,1.57081,0.11674,-0.12762,-0.48158,0.03701,,,,,,,,,,,,,,,,,,,,,,,,,,0,0,0,0,0
57.6133,1783969909.3801,3,1,0.5000,-0.0000,1.42244,-0.00047,-2.63072,1.06049,1.57081,0.11674,-0.12762,-0.48158,0.03701,,,,,,,,,,,,,,,,,,,,,,,,,,0,0,0,0,0
57.6404,1783969909.4071,3,1,0.5000,-0.0000,1.42244,-0.00047,-2.63072,1.06049,1.57081,0.11674,-0.12762,-0.48158,0.03701,,,,,,,,,,,,,,,,,,,,,,,,,,0,0,0,0,0
57.6414,1783969909.4081,3,1,0.5000,-0.0000,1.42244,-0.00047,-2.63072,1.06049,1.57081,0.11674,-0.12762,-0.48158,0.03701,,,,,,,,,,,,,,,,,,,,,,,,,,0,0,0,0,0
57.6418,1783969909.4086,3,1,0.5000,-0.0000,1.42244,-0.00047,-2.63072,1.06049,1.57081,0.11674,-0.12762,-0.48158,0.03701,,,,,,,,,,,,,,,,,,,,,,,,,,0,0,0,0,0
57.6673,1783969909.4341,3,1,0.5000,-0.0000,1.42244,-0.00050,-2.63076,1.06054,1.57081,0.11674,-0.12763,-0.48155,0.03698,,,,,,,,,,,,,,,,,,,,,,,,,,0,0,0,0,0
57.6713,1783969909.4380,3,1,0.5000,-0.0000,1.42244,-0.00051,-2.63078,1.06055,1.57081,0.11674,-0.12763,-0.48154,0.03697,,,,,,,,,,,,,,,,,,,,,,,,,,0,0,0,0,0
57.6738,1783969909.4406,3,1,0.5000,-0.0000,1.42244,-0.00053,-2.63081,1.06057,1.57081,0.11674,-0.12763,-0.48152,0.03696,,,,,,,,,,,,,,,,,,,,,,,,,,0,0,0,0,0
57.6742,1783969909.4410,3,1,0.5000,-0.0000,1.42244,-0.00053,-2.63081,1.06057,1.57081,0.11674,-0.12763,-0.48152,0.03696,,,,,,,,,,,,,,,,,,,,,,,,,,0,0,0,0,0
57.6796,1783969909.4464,3,1,0.5000,-0.0000,1.42244,-0.00053,-2.63081,1.06057,1.57081,0.11674,-0.12763,-0.48152,0.03696,,,,,,,,,,,,,,,,,,,,,,,,,,0,0,0,0,0
57.6932,1783969909.4600,3,1,0.5000,-0.0000,1.42244,-0.00057,-2.63084,1.06062,1.57081,0.11674,-0.12763,-0.48150,0.03693,,,,,,,,,,,,,,,,,,,,,,,,,,0,0,0,0,0
57.7017,1783969909.4685,3,1,0.5000,-0.0000,1.42244,-0.00059,-2.63086,1.06065,1.57081,0.11674,-0.12763,-0.48149,0.03692,,,,,,,,,,,,,,,,,,,,,,,,,,0,0,0,0,0
57.7019,1783969909.4687,3,1,0.5000,-0.0000,1.42244,-0.00059,-2.63086,1.06065,1.57081,0.11674,-0.12763,-0.48149,0.03692,,,,,,,,,,,,,,,,,,,,,,,,,,0,0,0,0,0
57.7138,1783969909.4805,3,1,0.5000,-0.0000,1.42244,-0.00063,-2.63088,1.06069,1.57081,0.11674,-0.12764,-0.48149,0.03690,,,,,,,,,,,,,,,,,,,,,,,,,,0,0,0,0,0
57.7142,1783969909.4810,3,1,0.5000,-0.0000,1.42244,-0.00063,-2.63088,1.06069,1.57081,0.11674,-0.12764,-0.48149,0.03690,,,,,,,,,,,,,,,,,,,,,,,,,,0,0,0,0,0
57.7218,1783969909.4885,3,1,0.5000,-0.0000,1.42244,-0.00069,-2.63090,1.06077,1.57081,0.11674,-0.12764,-0.48148,0.03688,,,,,,,,,,,,,,,,,,,,,,,,,,0,0,0,0,0
57.7222,1783969909.4890,3,1,0.5000,-0.0000,1.42244,-0.00069,-2.63090,1.06077,1.57081,0.11674,-0.12764,-0.48148,0.03688,,,,,,,,,,,,,,,,,,,,,,,,,,0,0,0,0,0
57.7358,1783969909.5026,3,1,0.5000,-0.0000,1.42244,-0.00077,-2.63093,1.06087,1.57081,0.11674,-0.12764,-0.48147,0.03684,,,,,,,,,,,,,,,,,,,,,,,,,,0,0,0,0,0
57.7429,1783969909.5096,3,1,0.5000,-0.0000,1.42244,-0.00079,-2.63094,1.06089,1.57081,0.11674,-0.12764,-0.48147,0.03684,,,,,,,,,,,,,,,,,,,,,,,,,,0,0,0,0,0
57.7573,1783969909.5241,3,1,0.5000,-0.0000,1.42244,-0.00094,-2.63098,1.06108,1.57081,0.11674,-0.12764,-0.48146,0.03678,,,,,,,,,,,,,,,,,,,,,,,,,,0,0,0,0,0
57.7682,1783969909.5349,3,1,0.5000,-0.0000,1.42244,-0.00105,-2.63100,1.06121,1.57081,0.11674,-0.12764,-0.48146,0.03675,,,,,,,,,,,,,,,,,,,,,,,,,,0,0,0,0,0
57.7705,1783969909.5372,3,1,0.5000,-0.0000,1.42244,-0.00105,-2.63100,1.06121,1.57081,0.11674,-0.12764,-0.48146,0.03675,,,,,,,,,,,,,,,,,,,,,,,,,,0,0,0,0,0
57.7795,1783969909.5463,3,1,0.5000,-0.0000,1.42244,-0.00107,-2.63101,1.06123,1.57081,0.11674,-0.12764,-0.48146,0.03674,,,,,,,,,,,,,,,,,,,,,,,,,,0,0,0,0,0
57.7898,1783969909.5566,3,1,0.5000,-0.0000,1.42244,-0.00116,-2.63103,1.06134,1.57081,0.11674,-0.12764,-0.48146,0.03671,,,,,,,,,,,,,,,,,,,,,,,,,,0,0,0,0,0
57.7997,1783969909.5665,3,1,0.5000,-0.0000,1.42244,-0.00116,-2.63103,1.06135,1.57081,0.11674,-0.12764,-0.48146,0.03671,,,,,,,,,,,,,,,,,,,,,,,,,,0,0,0,0,0
57.8171,1783969909.5839,3,1,0.5000,-0.0000,1.42244,-0.00131,-2.63105,1.06153,1.57081,0.11674,-0.12764,-0.48147,0.03666,,,,,,,,,,,,,,,,,,,,,,,,,,0,0,0,0,0
57.8303,1783969909.5971,3,1,0.5000,-0.0000,1.42244,-0.00145,-2.63106,1.06170,1.57081,0.11674,-0.12763,-0.48149,0.03662,,,,,,,,,,,,,,,,,,,,,,,,,,0,0,0,0,0
57.8670,1783969909.6338,3,1,0.5000,-0.0000,1.42244,-0.00164,-2.63107,1.06195,1.57081,0.11674,-0.12763,-0.48152,0.03658,,,,,,,,,,,,,,,,,,,,,,,,,,0,0,0,0,0
57.8715,1783969909.6382,3,1,0.5000,-0.0000,1.42244,-0.00164,-2.63107,1.06195,1.57081,0.11674,-0.12763,-0.48152,0.03658,,,,,,,,,,,,,,,,,,,,,,,,,,0,0,0,0,0
57.8771,1783969909.6438,3,1,0.5000,-0.0000,1.42244,-0.00164,-2.63107,1.06195,1.57081,0.11674,-0.12763,-0.48152,0.03658,,,,,,,,,,,,,,,,,,,,,,,,,,0,0,0,0,0
57.8772,1783969909.6440,3,1,0.5000,-0.0000,1.42244,-0.00164,-2.63107,1.06195,1.57081,0.11674,-0.12763,-0.48152,0.03658,,,,,,,,,,,,,,,,,,,,,,,,,,0,0,0,0,0
57.8803,1783969909.6471,3,1,0.5000,-0.0000,1.42244,-0.00164,-2.63107,1.06195,1.57081,0.11674,-0.12763,-0.48152,0.03658,,,,,,,,,,,,,,,,,,,,,,,,,,0,0,0,0,0
57.8807,1783969909.6475,3,1,0.5000,-0.0000,1.42244,-0.00164,-2.63107,1.06195,1.57081,0.11674,-0.12763,-0.48152,0.03658,,,,,,,,,,,,,,,,,,,,,,,,,,0,0,0,0,0
57.8903,1783969909.6570,3,1,0.5000,-0.0000,1.42244,-0.00164,-2.63107,1.06195,1.57081,0.11674,-0.12763,-0.48152,0.03658,,,,,,,,,,,,,,,,,,,,,,,,,,0,0,0,0,0
57.9016,1783969909.6684,3,1,0.5000,-0.0000,1.42244,-0.00164,-2.63107,1.06195,1.57081,0.11674,-0.12763,-0.48152,0.03658,,,,,,,,,,,,,,,,,,,,,,,,,,0,0,0,0,0
57.9129,1783969909.6797,3,1,0.5000,-0.0000,1.42244,-0.00164,-2.63107,1.06195,1.57081,0.11674,-0.12763,-0.48152,0.03658,,,,,,,,,,,,,,,,,,,,,,,,,,0,0,0,0,0
57.9551,1783969909.7219,3,1,0.5000,-0.0000,1.42244,-0.00164,-2.63107,1.06195,1.57081,0.11674,-0.12763,-0.48152,0.03658,,,,,,,,,,,,,,,,,,,,,,,,,,0,0,0,0,0
57.9819,1783969909.7487,3,1,0.5000,-0.0000,1.42244,-0.00164,-2.63107,1.06195,1.57081,0.11674,-0.12763,-0.48152,0.03658,,,,,,,,,,,,,,,,,,,,,,,,,,0,0,0,0,0
57.9959,1783969909.7626,3,1,0.5000,-0.0000,1.42244,-0.00164,-2.63107,1.06195,1.57081,0.11674,-0.12763,-0.48152,0.03658,,,,,,,,,,,,,,,,,,,,,,,,,,0,0,0,0,0
58.0338,1783969909.8006,3,1,0.5000,-0.0000,1.42244,-0.00164,-2.63107,1.06195,1.57081,0.11674,-0.12763,-0.48152,0.03658,,,,,,,,,,,,,,,,,,,,,,,,,,0,0,0,0,0
58.0462,1783969909.8130,3,1,0.5000,-0.0000,1.42244,-0.00164,-2.63107,1.06195,1.57081,0.11674,-0.12763,-0.48152,0.03658,,,,,,,,,,,,,,,,,,,,,,,,,,0,0,0,0,0
58.0570,1783969909.8238,3,1,0.5000,-0.0000,1.42244,-0.00164,-2.63107,1.06195,1.57081,0.11674,-0.12763,-0.48152,0.03658,,,,,,,,,,,,,,,,,,,,,,,,,,0,0,0,0,0
58.0644,1783969909.8312,3,1,0.5000,-0.0000,1.42244,-0.00164,-2.63107,1.06195,1.57081,0.11674,-0.12763,-0.48152,0.03658,,,,,,,,,,,,,,,,,,,,,,,,,,0,0,0,0,0
58.0669,1783969909.8337,3,1,0.5000,-0.0000,1.42244,-0.00164,-2.63107,1.06195,1.57081,0.11674,-0.12763,-0.48152,0.03658,,,,,,,,,,,,,,,,,,,,,,,,,,0,0,0,0,0
58.0672,1783969909.8340,3,1,0.5000,-0.0000,1.42244,-0.00164,-2.63107,1.06195,1.57081,0.11674,-0.12763,-0.48152,0.03658,,,,,,,,,,,,,,,,,,,,,,,,,,0,0,0,0,0
58.0754,1783969909.8422,3,1,0.5000,-0.0000,1.42244,-0.00164,-2.63107,1.06195,1.57081,0.11674,-0.12763,-0.48152,0.03658,,,,,,,,,,,,,,,,,,,,,,,,,,0,0,0,0,0
58.0779,1783969909.8447,3,1,0.5000,-0.0000,1.42244,-0.00165,-2.63107,1.06196,1.57081,0.11674,-0.12763,-0.48151,0.03657,,,,,,,,,,,,,,,,,,,,,,,,,,0,0,0,0,0
58.0784,1783969909.8452,3,1,0.5000,-0.0000,1.42244,-0.00165,-2.63107,1.06196,1.57081,0.11674,-0.12763,-0.48151,0.03657,,,,,,,,,,,,,,,,,,,,,,,,,,0,0,0,0,0
58.0789,1783969909.8457,3,1,0.5000,-0.0000,1.42244,-0.00165,-2.63107,1.06196,1.57081,0.11674,-0.12763,-0.48151,0.03657,,,,,,,,,,,,,,,,,,,,,,,,,,0,0,0,0,0
58.0793,1783969909.8461,3,1,0.5000,-0.0000,1.42244,-0.00165,-2.63107,1.06196,1.57081,0.11674,-0.12763,-0.48151,0.03657,,,,,,,,,,,,,,,,,,,,,,,,,,0,0,0,0,0
58.0810,1783969909.8477,3,1,0.5000,-0.0000,1.42244,-0.00166,-2.63108,1.06197,1.57081,0.11674,-0.12763,-0.48151,0.03657,,,,,,,,,,,,,,,,,,,,,,,,,,0,0,0,0,0
58.0812,1783969909.8480,3,1,0.5000,-0.0000,1.42244,-0.00166,-2.63108,1.06197,1.57081,0.11674,-0.12763,-0.48151,0.03657,,,,,,,,,,,,,,,,,,,,,,,,,,0,0,0,0,0
58.0936,1783969909.8603,3,1,0.5000,-0.0000,1.42243,-0.00170,-2.63111,1.06202,1.57081,0.11675,-0.12763,-0.48149,0.03654,,,,,,,,,,,,,,,,,,,,,,,,,,0,0,0,0,0
58.1066,1783969909.8734,3,1,0.5000,-0.0000,1.42243,-0.00171,-2.63112,1.06203,1.57081,0.11675,-0.12763,-0.48149,0.03654,,,,,,,,,,,,,,,,,,,,,,,,,,0,0,0,0,0
58.1100,1783969909.8768,3,1,0.5000,-0.0000,1.42243,-0.00172,-2.63113,1.06205,1.57081,0.11675,-0.12763,-0.48149,0.03653,,,,,,,,,,,,,,,,,,,,,,,,,,0,0,0,0,0
58.1104,1783969909.8772,3,1,0.5000,-0.0000,1.42243,-0.00172,-2.63113,1.06205,1.57081,0.11675,-0.12763,-0.48149,0.03653,,,,,,,,,,,,,,,,,,,,,,,,,,0,0,0,0,0
58.1281,1783969909.8949,3,1,0.5000,-0.0000,1.42243,-0.00177,-2.63116,1.06210,1.57081,0.11675,-0.12764,-0.48147,0.03651,,,,,,,,,,,,,,,,,,,,,,,,,,0,0,0,0,0
58.1337,1783969909.9005,3,1,0.5000,-0.0000,1.42243,-0.00180,-2.63117,1.06214,1.57081,0.11675,-0.12764,-0.48147,0.03649,,,,,,,,,,,,,,,,,,,,,,,,,,0,0,0,0,0
58.1473,1783969909.9141,3,1,0.5000,-0.0000,1.42243,-0.00189,-2.63120,1.06225,1.57081,0.11675,-0.12764,-0.48146,0.03646,,,,,,,,,,,,,,,,,,,,,,,,,,0,0,0,0,0
58.1539,1783969909.9207,3,1,0.5000,-0.0000,1.42243,-0.00193,-2.63121,1.06229,1.57081,0.11675,-0.12764,-0.48146,0.03644,,,,,,,,,,,,,,,,,,,,,,,,,,0,0,0,0,0
58.2221,1783969909.9889,3,1,0.5000,-0.0000,1.42243,-0.00233,-2.63129,1.06278,1.57080,0.11675,-0.12764,-0.48146,0.03631,,,,,,,,,,,,,,,,,,,,,,,,,,0,0,0,0,0
58.2479,1783969910.0147,3,1,0.5000,-0.0000,1.42243,-0.00256,-2.63132,1.06307,1.57080,0.11675,-0.12763,-0.48148,0.03624,,,,,,,,,,,,,,,,,,,,,,,,,,0,0,0,0,0
58.2502,1783969910.0169,3,1,0.5000,-0.0000,1.42243,-0.00261,-2.63132,1.06313,1.57080,0.11675,-0.12763,-0.48149,0.03623,,,,,,,,,,,,,,,,,,,,,,,,,,0,0,0,0,0
58.2505,1783969910.0173,3,1,0.5000,-0.0000,1.42243,-0.00261,-2.63132,1.06313,1.57080,0.11675,-0.12763,-0.48149,0.03623,,,,,,,,,,,,,,,,,,,,,,,,,,0,0,0,0,0
58.2523,1783969910.0191,3,1,0.5000,-0.0000,1.42243,-0.00261,-2.63132,1.06313,1.57080,0.11675,-0.12763,-0.48149,0.03623,,,,,,,,,,,,,,,,,,,,,,,,,,0,0,0,0,0
58.2531,1783969910.0198,3,1,0.5000,-0.0000,1.42243,-0.00266,-2.63132,1.06319,1.57080,0.11675,-0.12763,-0.48150,0.03622,,,,,,,,,,,,,,,,,,,,,,,,,,0,0,0,0,0
58.2535,1783969910.0202,3,1,0.5000,-0.0000,1.42243,-0.00266,-2.63132,1.06319,1.57080,0.11675,-0.12763,-0.48150,0.03622,,,,,,,,,,,,,,,,,,,,,,,,,,0,0,0,0,0
58.2539,1783969910.0207,3,1,0.5000,-0.0000,1.42243,-0.00266,-2.63132,1.06319,1.57080,0.11675,-0.12763,-0.48150,0.03622,,,,,,,,,,,,,,,,,,,,,,,,,,0,0,0,0,0
58.2543,1783969910.0211,3,1,0.5000,-0.0000,1.42243,-0.00266,-2.63132,1.06319,1.57080,0.11675,-0.12763,-0.48150,0.03622,,,,,,,,,,,,,,,,,,,,,,,,,,0,0,0,0,0
58.2939,1783969910.0607,3,1,0.5000,-0.0000,1.42243,-0.00282,-2.63132,1.06339,1.57080,0.11675,-0.12763,-0.48152,0.03618,,,,,,,,,,,,,,,,,,,,,,,,,,0,0,0,0,0
58.2943,1783969910.0611,3,1,0.5000,-0.0000,1.42243,-0.00282,-2.63132,1.06339,1.57080,0.11675,-0.12763,-0.48152,0.03618,,,,,,,,,,,,,,,,,,,,,,,,,,0,0,0,0,0
58.2951,1783969910.0619,3,1,0.5000,-0.0000,1.42243,-0.00282,-2.63132,1.06339,1.57080,0.11675,-0.12763,-0.48152,0.03618,,,,,,,,,,,,,,,,,,,,,,,,,,0,0,0,0,0
58.2954,1783969910.0622,3,1,0.5000,-0.0000,1.42243,-0.00282,-2.63132,1.06339,1.57080,0.11675,-0.12763,-0.48152,0.03618,,,,,,,,,,,,,,,,,,,,,,,,,,0,0,0,0,0
58.2991,1783969910.0659,3,1,0.5000,-0.0000,1.42243,-0.00282,-2.63132,1.06339,1.57080,0.11675,-0.12763,-0.48152,0.03618,,,,,,,,,,,,,,,,,,,,,,,,,,0,0,0,0,0
58.2994,1783969910.0662,3,1,0.5000,-0.0000,1.42243,-0.00282,-2.63132,1.06339,1.57080,0.11675,-0.12763,-0.48152,0.03618,,,,,,,,,,,,,,,,,,,,,,,,,,0,0,0,0,0
58.3016,1783969910.0684,3,1,0.5000,-0.0000,1.42243,-0.00282,-2.63132,1.06339,1.57080,0.11675,-0.12763,-0.48152,0.03618,,,,,,,,,,,,,,,,,,,,,,,,,,0,0,0,0,0
58.3020,1783969910.0688,3,1,0.5000,-0.0000,1.42243,-0.00282,-2.63132,1.06339,1.57080,0.11675,-0.12763,-0.48152,0.03618,,,,,,,,,,,,,,,,,,,,,,,,,,0,0,0,0,0
58.3158,1783969910.0825,3,1,0.5000,-0.0000,1.42243,-0.00282,-2.63132,1.06339,1.57080,0.11675,-0.12763,-0.48152,0.03618,,,,,,,,,,,,,,,,,,,,,,,,,,0,0,0,0,0
58.3231,1783969910.0898,3,1,0.5000,-0.0000,1.42243,-0.00282,-2.63132,1.06339,1.57080,0.11675,-0.12763,-0.48152,0.03618,,,,,,,,,,,,,,,,,,,,,,,,,,0,0,0,0,0
58.3306,1783969910.0974,3,1,0.5000,-0.0000,1.42243,-0.00282,-2.63132,1.06339,1.57080,0.11675,-0.12763,-0.48152,0.03618,,,,,,,,,,,,,,,,,,,,,,,,,,0,0,0,0,0
58.3396,1783969910.1064,3,1,0.5000,-0.0000,1.42243,-0.00282,-2.63132,1.06339,1.57080,0.11675,-0.12763,-0.48152,0.03618,,,,,,,,,,,,,,,,,,,,,,,,,,0,0,0,0,0
58.3402,1783969910.1070,3,1,0.5000,-0.0000,1.42243,-0.00282,-2.63132,1.06339,1.57080,0.11675,-0.12763,-0.48152,0.03618,,,,,,,,,,,,,,,,,,,,,,,,,,0,0,0,0,0
58.3519,1783969910.1186,3,1,0.5000,-0.0000,1.42243,-0.00282,-2.63132,1.06339,1.57080,0.11675,-0.12763,-0.48152,0.03618,,,,,,,,,,,,,,,,,,,,,,,,,,0,0,0,0,0
58.3653,1783969910.1320,3,1,0.5000,-0.0000,1.42243,-0.00282,-2.63132,1.06339,1.57080,0.11675,-0.12763,-0.48152,0.03618,,,,,,,,,,,,,,,,,,,,,,,,,,0,0,0,0,0
58.3841,1783969910.1509,3,1,0.5000,-0.0000,1.42243,-0.00282,-2.63132,1.06339,1.57080,0.11675,-0.12763,-0.48152,0.03618,,,,,,,,,,,,,,,,,,,,,,,,,,0,0,0,0,0
58.3857,1783969910.1524,3,1,0.5000,-0.0000,1.42243,-0.00282,-2.63132,1.06339,1.57080,0.11675,-0.12763,-0.48152,0.03618,,,,,,,,,,,,,,,,,,,,,,,,,,0,0,0,0,0
58.3902,1783969910.1570,3,1,0.5000,-0.0000,1.42243,-0.00282,-2.63132,1.06339,1.57080,0.11675,-0.12763,-0.48152,0.03618,,,,,,,,,,,,,,,,,,,,,,,,,,0,0,0,0,0
58.4016,1783969910.1684,3,1,0.5000,-0.0000,1.42243,-0.00282,-2.63132,1.06339,1.57080,0.11675,-0.12763,-0.48152,0.03618,,,,,,,,,,,,,,,,,,,,,,,,,,0,0,0,0,0
58.4100,1783969910.1768,3,1,0.5000,-0.0000,1.42243,-0.00282,-2.63132,1.06339,1.57080,0.11675,-0.12763,-0.48152,0.03618,,,,,,,,,,,,,,,,,,,,,,,,,,0,0,0,0,0
58.4103,1783969910.1771,3,1,0.5000,-0.0000,1.42243,-0.00282,-2.63132,1.06339,1.57080,0.11675,-0.12763,-0.48152,0.03618,,,,,,,,,,,,,,,,,,,,,,,,,,0,0,0,0,0
58.4196,1783969910.1864,3,1,0.5000,-0.0000,1.42243,-0.00282,-2.63132,1.06339,1.57080,0.11675,-0.12763,-0.48152,0.03618,,,,,,,,,,,,,,,,,,,,,,,,,,0,0,0,0,0
58.4332,1783969910.2000,3,1,0.5000,-0.0000,1.42243,-0.00282,-2.63132,1.06339,1.57080,0.11675,-0.12763,-0.48152,0.03618,,,,,,,,,,,,,,,,,,,,,,,,,,0,0,0,0,0
58.4337,1783969910.2005,3,1,0.5000,-0.0000,1.42243,-0.00282,-2.63132,1.06339,1.57080,0.11675,-0.12763,-0.48152,0.03618,,,,,,,,,,,,,,,,,,,,,,,,,,0,0,0,0,0
58.6568,1783969910.4236,3,1,0.5000,-0.0000,1.42243,-0.00362,-2.63157,1.06435,1.57080,0.11675,-0.12763,-0.48147,0.03588,,,,,,,,,,,,,,,,,,,,,,,,,,0,0,0,0,0
58.6595,1783969910.4263,3,1,0.5000,-0.0000,1.42243,-0.00362,-2.63157,1.06435,1.57080,0.11675,-0.12763,-0.48147,0.03588,,,,,,,,,,,,,,,,,,,,,,,,,,0,0,0,0,0
58.6649,1783969910.4317,3,1,0.5000,-0.0000,1.42243,-0.00370,-2.63158,1.06445,1.57080,0.11675,-0.12763,-0.48148,0.03585,,,,,,,,,,,,,,,,,,,,,,,,,,0,0,0,0,0
58.6652,1783969910.4319,3,1,0.5000,-0.0000,1.42243,-0.00370,-2.63158,1.06445,1.57080,0.11675,-0.12763,-0.48148,0.03585,,,,,,,,,,,,,,,,,,,,,,,,,,0,0,0,0,0
58.6657,1783969910.4325,3,1,0.5000,-0.0000,1.42243,-0.00370,-2.63158,1.06445,1.57080,0.11675,-0.12763,-0.48148,0.03585,,,,,,,,,,,,,,,,,,,,,,,,,,0,0,0,0,0
58.6659,1783969910.4327,3,1,0.5000,-0.0000,1.42243,-0.00370,-2.63158,1.06445,1.57080,0.11675,-0.12763,-0.48148,0.03585,,,,,,,,,,,,,,,,,,,,,,,,,,0,0,0,0,0
58.6672,1783969910.4340,3,1,0.5000,-0.0000,1.42243,-0.00370,-2.63158,1.06445,1.57080,0.11675,-0.12763,-0.48148,0.03585,,,,,,,,,,,,,,,,,,,,,,,,,,0,0,0,0,0
58.6675,1783969910.4343,3,1,0.5000,-0.0000,1.42243,-0.00370,-2.63158,1.06445,1.57080,0.11675,-0.12763,-0.48148,0.03585,,,,,,,,,,,,,,,,,,,,,,,,,,0,0,0,0,0
58.6678,1783969910.4346,3,1,0.5000,-0.0000,1.42243,-0.00370,-2.63158,1.06445,1.57080,0.11675,-0.12763,-0.48148,0.03585,,,,,,,,,,,,,,,,,,,,,,,,,,0,0,0,0,0
58.6729,1783969910.4397,3,1,0.5000,-0.0000,1.42243,-0.00379,-2.63158,1.06456,1.57080,0.11675,-0.12763,-0.48149,0.03583,,,,,,,,,,,,,,,,,,,,,,,,,,0,0,0,0,0
58.6801,1783969910.4468,3,1,0.5000,-0.0000,1.42243,-0.00383,-2.63159,1.06461,1.57080,0.11675,-0.12763,-0.48149,0.03582,,,,,,,,,,,,,,,,,,,,,,,,,,0,0,0,0,0
58.6808,1783969910.4475,3,1,0.5000,-0.0000,1.42243,-0.00387,-2.63159,1.06466,1.57080,0.11675,-0.12763,-0.48150,0.03581,,,,,,,,,,,,,,,,,,,,,,,,,,0,0,0,0,0
58.6847,1783969910.4515,3,1,0.5000,-0.0000,1.42243,-0.00391,-2.63159,1.06471,1.57080,0.11675,-0.12763,-0.48150,0.03580,,,,,,,,,,,,,,,,,,,,,,,,,,0,0,0,0,0
58.6851,1783969910.4518,3,1,0.5000,-0.0000,1.42243,-0.00391,-2.63159,1.06471,1.57080,0.11675,-0.12763,-0.48150,0.03580,,,,,,,,,,,,,,,,,,,,,,,,,,0,0,0,0,0
58.6962,1783969910.4630,3,1,0.5000,-0.0000,1.42243,-0.00398,-2.63159,1.06479,1.57080,0.11675,-0.12763,-0.48151,0.03578,,,,,,,,,,,,,,,,,,,,,,,,,,0,0,0,0,0
58.6970,1783969910.4637,3,1,0.5000,-0.0000,1.42243,-0.00400,-2.63159,1.06482,1.57080,0.11675,-0.12763,-0.48152,0.03578,,,,,,,,,,,,,,,,,,,,,,,,,,0,0,0,0,0
58.7049,1783969910.4717,3,1,0.5000,-0.0000,1.42243,-0.00400,-2.63159,1.06482,1.57080,0.11675,-0.12763,-0.48152,0.03578,,,,,,,,,,,,,,,,,,,,,,,,,,0,0,0,0,0
58.7103,1783969910.4771,3,1,0.5000,-0.0000,1.42243,-0.00400,-2.63159,1.06482,1.57080,0.11675,-0.12763,-0.48152,0.03578,,,,,,,,,,,,,,,,,,,,,,,,,,0,0,0,0,0
58.7128,1783969910.4796,3,1,0.5000,-0.0000,1.42243,-0.00400,-2.63159,1.06482,1.57080,0.11675,-0.12763,-0.48152,0.03578,,,,,,,,,,,,,,,,,,,,,,,,,,0,0,0,0,0
58.7228,1783969910.4896,3,1,0.5000,-0.0000,1.42243,-0.00400,-2.63159,1.06482,1.57080,0.11675,-0.12763,-0.48152,0.03578,,,,,,,,,,,,,,,,,,,,,,,,,,0,0,0,0,0
58.7249,1783969910.4917,3,1,0.5000,-0.0000,1.42243,-0.00400,-2.63159,1.06482,1.57080,0.11675,-0.12763,-0.48152,0.03578,,,,,,,,,,,,,,,,,,,,,,,,,,0,0,0,0,0
58.7252,1783969910.4920,3,1,0.5000,-0.0000,1.42243,-0.00400,-2.63159,1.06482,1.57080,0.11675,-0.12763,-0.48152,0.03578,,,,,,,,,,,,,,,,,,,,,,,,,,0,0,0,0,0
58.7254,1783969910.4922,3,1,0.5000,-0.0000,1.42243,-0.00400,-2.63159,1.06482,1.57080,0.11675,-0.12763,-0.48152,0.03578,,,,,,,,,,,,,,,,,,,,,,,,,,0,0,0,0,0
58.7274,1783969910.4942,3,1,0.5000,-0.0000,1.42243,-0.00400,-2.63159,1.06482,1.57080,0.11675,-0.12763,-0.48152,0.03578,,,,,,,,,,,,,,,,,,,,,,,,,,0,0,0,0,0
58.7277,1783969910.4945,3,1,0.5000,-0.0000,1.42243,-0.00400,-2.63159,1.06482,1.57080,0.11675,-0.12763,-0.48152,0.03578,,,,,,,,,,,,,,,,,,,,,,,,,,0,0,0,0,0
58.7280,1783969910.4948,3,1,0.5000,-0.0000,1.42243,-0.00400,-2.63159,1.06482,1.57080,0.11675,-0.12763,-0.48152,0.03578,,,,,,,,,,,,,,,,,,,,,,,,,,0,0,0,0,0
58.7284,1783969910.4952,3,1,0.5000,-0.0000,1.42243,-0.00400,-2.63159,1.06482,1.57080,0.11675,-0.12763,-0.48152,0.03578,,,,,,,,,,,,,,,,,,,,,,,,,,0,0,0,0,0
58.7288,1783969910.4956,3,1,0.5000,-0.0000,1.42243,-0.00400,-2.63159,1.06482,1.57080,0.11675,-0.12763,-0.48152,0.03578,,,,,,,,,,,,,,,,,,,,,,,,,,0,0,0,0,0
58.7314,1783969910.4982,3,1,0.5000,-0.0000,1.42243,-0.00400,-2.63159,1.06482,1.57080,0.11675,-0.12763,-0.48152,0.03578,,,,,,,,,,,,,,,,,,,,,,,,,,0,0,0,0,0
58.7318,1783969910.4986,3,1,0.5000,-0.0000,1.42243,-0.00400,-2.63159,1.06482,1.57080,0.11675,-0.12763,-0.48152,0.03578,,,,,,,,,,,,,,,,,,,,,,,,,,0,0,0,0,0
58.7376,1783969910.5043,3,1,0.5000,-0.0000,1.42243,-0.00400,-2.63159,1.06482,1.57080,0.11675,-0.12763,-0.48152,0.03578,,,,,,,,,,,,,,,,,,,,,,,,,,0,0,0,0,0
58.7379,1783969910.5047,3,1,0.5000,-0.0000,1.42243,-0.00400,-2.63159,1.06482,1.57080,0.11675,-0.12763,-0.48152,0.03578,,,,,,,,,,,,,,,,,,,,,,,,,,0,0,0,0,0
58.7456,1783969910.5124,3,1,0.5000,-0.0000,1.42243,-0.00400,-2.63159,1.06482,1.57080,0.11675,-0.12763,-0.48152,0.03578,,,,,,,,,,,,,,,,,,,,,,,,,,0,0,0,0,0
58.7462,1783969910.5130,3,1,0.5000,-0.0000,1.42243,-0.00400,-2.63159,1.06482,1.57080,0.11675,-0.12763,-0.48152,0.03578,,,,,,,,,,,,,,,,,,,,,,,,,,0,0,0,0,0
58.7465,1783969910.5133,3,1,0.5000,-0.0000,1.42243,-0.00400,-2.63159,1.06482,1.57080,0.11675,-0.12763,-0.48152,0.03578,,,,,,,,,,,,,,,,,,,,,,,,,,0,0,0,0,0
58.7514,1783969910.5181,3,1,0.5000,-0.0000,1.42243,-0.00400,-2.63159,1.06482,1.57080,0.11675,-0.12763,-0.48152,0.03578,,,,,,,,,,,,,,,,,,,,,,,,,,0,0,0,0,0
58.7549,1783969910.5217,3,1,0.5000,-0.0000,1.42243,-0.00400,-2.63159,1.06482,1.57080,0.11675,-0.12763,-0.48152,0.03578,,,,,,,,,,,,,,,,,,,,,,,,,,0,0,0,0,0
58.7553,1783969910.5221,3,1,0.5000,-0.0000,1.42243,-0.00400,-2.63159,1.06482,1.57080,0.11675,-0.12763,-0.48152,0.03578,,,,,,,,,,,,,,,,,,,,,,,,,,0,0,0,0,0
58.7569,1783969910.5236,3,1,0.5000,-0.0000,1.42243,-0.00400,-2.63159,1.06482,1.57080,0.11675,-0.12763,-0.48152,0.03578,,,,,,,,,,,,,,,,,,,,,,,,,,0,0,0,0,0
58.7573,1783969910.5241,3,1,0.5000,-0.0000,1.42243,-0.00400,-2.63159,1.06482,1.57080,0.11675,-0.12763,-0.48152,0.03578,,,,,,,,,,,,,,,,,,,,,,,,,,0,0,0,0,0
58.7610,1783969910.5278,3,1,0.5000,-0.0000,1.42243,-0.00400,-2.63159,1.06482,1.57080,0.11675,-0.12763,-0.48152,0.03578,,,,,,,,,,,,,,,,,,,,,,,,,,0,0,0,0,0
58.7613,1783969910.5281,3,1,0.5000,-0.0000,1.42243,-0.00400,-2.63159,1.06482,1.57080,0.11675,-0.12763,-0.48152,0.03578,,,,,,,,,,,,,,,,,,,,,,,,,,0,0,0,0,0
58.7747,1783969910.5415,3,1,0.5000,-0.0000,1.42243,-0.00400,-2.63159,1.06482,1.57080,0.11675,-0.12763,-0.48152,0.03578,,,,,,,,,,,,,,,,,,,,,,,,,,0,0,0,0,0
58.7849,1783969910.5517,3,1,0.5000,-0.0000,1.42243,-0.00400,-2.63159,1.06482,1.57080,0.11675,-0.12763,-0.48152,0.03578,,,,,,,,,,,,,,,,,,,,,,,,,,0,0,0,0,0
58.7853,1783969910.5520,3,1,0.5000,-0.0000,1.42243,-0.00400,-2.63159,1.06482,1.57080,0.11675,-0.12763,-0.48152,0.03578,,,,,,,,,,,,,,,,,,,,,,,,,,0,0,0,0,0
58.7956,1783969910.5623,3,1,0.5000,-0.0000,1.42243,-0.00400,-2.63159,1.06482,1.57080,0.11675,-0.12763,-0.48152,0.03578,,,,,,,,,,,,,,,,,,,,,,,,,,0,0,0,0,0
58.7996,1783969910.5664,3,1,0.5000,-0.0000,1.42243,-0.00400,-2.63159,1.06482,1.57080,0.11675,-0.12763,-0.48152,0.03578,,,,,,,,,,,,,,,,,,,,,,,,,,0,0,0,0,0
58.8000,1783969910.5667,3,1,0.5000,-0.0000,1.42243,-0.00400,-2.63159,1.06482,1.57080,0.11675,-0.12763,-0.48152,0.03578,,,,,,,,,,,,,,,,,,,,,,,,,,0,0,0,0,0
58.8111,1783969910.5779,3,1,0.5000,-0.0000,1.42243,-0.00400,-2.63159,1.06482,1.57080,0.11675,-0.12763,-0.48152,0.03578,,,,,,,,,,,,,,,,,,,,,,,,,,0,0,0,0,0
58.8216,1783969910.5884,3,1,0.5000,-0.0000,1.42243,-0.00400,-2.63159,1.06482,1.57080,0.11675,-0.12763,-0.48152,0.03578,,,,,,,,,,,,,,,,,,,,,,,,,,0,0,0,0,0
58.8450,1783969910.6118,3,1,0.5000,-0.0000,1.42243,-0.00400,-2.63159,1.06482,1.57080,0.11675,-0.12763,-0.48152,0.03578,,,,,,,,,,,,,,,,,,,,,,,,,,0,0,0,0,0
58.8503,1783969910.6171,3,1,0.5000,-0.0000,1.42243,-0.00400,-2.63159,1.06482,1.57080,0.11675,-0.12763,-0.48152,0.03578,,,,,,,,,,,,,,,,,,,,,,,,,,0,0,0,0,0
58.8515,1783969910.6183,3,1,0.5000,-0.0000,1.42243,-0.00400,-2.63159,1.06482,1.57080,0.11675,-0.12763,-0.48152,0.03578,,,,,,,,,,,,,,,,,,,,,,,,,,0,0,0,0,0
58.8518,1783969910.6186,3,1,0.5000,-0.0000,1.42243,-0.00400,-2.63159,1.06482,1.57080,0.11675,-0.12763,-0.48152,0.03578,,,,,,,,,,,,,,,,,,,,,,,,,,0,0,0,0,0
58.8694,1783969910.6362,3,1,0.5000,-0.0000,1.42243,-0.00400,-2.63159,1.06482,1.57080,0.11675,-0.12763,-0.48152,0.03578,,,,,,,,,,,,,,,,,,,,,,,,,,0,0,0,0,0
58.8700,1783969910.6368,3,1,0.5000,-0.0000,1.42243,-0.00400,-2.63159,1.06482,1.57080,0.11675,-0.12763,-0.48152,0.03578,,,,,,,,,,,,,,,,,,,,,,,,,,0,0,0,0,0
58.8943,1783969910.6611,3,1,0.5000,-0.0000,1.42243,-0.00400,-2.63159,1.06482,1.57080,0.11675,-0.12763,-0.48152,0.03578,,,,,,,,,,,,,,,,,,,,,,,,,,0,0,0,0,0
58.8957,1783969910.6624,3,1,0.5000,-0.0000,1.42243,-0.00400,-2.63159,1.06482,1.57080,0.11675,-0.12763,-0.48152,0.03578,,,,,,,,,,,,,,,,,,,,,,,,,,0,0,0,0,0
58.9000,1783969910.6668,3,1,0.5000,-0.0000,1.42243,-0.00400,-2.63159,1.06482,1.57080,0.11675,-0.12763,-0.48152,0.03578,,,,,,,,,,,,,,,,,,,,,,,,,,0,0,0,0,0
58.9104,1783969910.6772,3,1,0.5000,-0.0000,1.42243,-0.00400,-2.63159,1.06482,1.57080,0.11675,-0.12763,-0.48152,0.03578,,,,,,,,,,,,,,,,,,,,,,,,,,0,0,0,0,0
58.9228,1783969910.6895,3,1,0.5000,-0.0000,1.42243,-0.00401,-2.63159,1.06483,1.57080,0.11675,-0.12763,-0.48152,0.03577,,,,,,,,,,,,,,,,,,,,,,,,,,0,0,0,0,0
58.9309,1783969910.6977,3,1,0.5000,-0.0000,1.42243,-0.00402,-2.63161,1.06485,1.57080,0.11675,-0.12763,-0.48151,0.03577,,,,,,,,,,,,,,,,,,,,,,,,,,0,0,0,0,0
58.9423,1783969910.7091,3,1,0.5000,-0.0000,1.42243,-0.00403,-2.63161,1.06487,1.57080,0.11675,-0.12763,-0.48151,0.03576,,,,,,,,,,,,,,,,,,,,,,,,,,0,0,0,0,0
58.9493,1783969910.7161,3,1,0.5000,-0.0000,1.42243,-0.00406,-2.63164,1.06490,1.57080,0.11675,-0.12763,-0.48149,0.03574,,,,,,,,,,,,,,,,,,,,,,,,,,0,0,0,0,0
58.9497,1783969910.7165,3,1,0.5000,-0.0000,1.42243,-0.00406,-2.63164,1.06490,1.57080,0.11675,-0.12763,-0.48149,0.03574,,,,,,,,,,,,,,,,,,,,,,,,,,0,0,0,0,0
58.9604,1783969910.7271,3,1,0.5000,-0.0000,1.42243,-0.00410,-2.63167,1.06495,1.57080,0.11675,-0.12763,-0.48147,0.03571,,,,,,,,,,,,,,,,,,,,,,,,,,0,0,0,0,0
58.9718,1783969910.7386,3,1,0.5000,-0.0000,1.42243,-0.00413,-2.63170,1.06498,1.57080,0.11675,-0.12763,-0.48146,0.03570,,,,,,,,,,,,,,,,,,,,,,,,,,0,0,0,0,0
58.9849,1783969910.7516,3,1,0.5000,-0.0000,1.42243,-0.00421,-2.63173,1.06507,1.57080,0.11675,-0.12764,-0.48145,0.03567,,,,,,,,,,,,,,,,,,,,,,,,,,0,0,0,0,0
58.9911,1783969910.7578,3,1,0.5000,-0.0000,1.42243,-0.00424,-2.63174,1.06511,1.57080,0.11675,-0.12764,-0.48145,0.03565,,,,,,,,,,,,,,,,,,,,,,,,,,0,0,0,0,0
58.9914,1783969910.7581,3,1,0.5000,-0.0000,1.42243,-0.00424,-2.63174,1.06511,1.57080,0.11675,-0.12764,-0.48145,0.03565,,,,,,,,,,,,,,,,,,,,,,,,,,0,0,0,0,0
59.0063,1783969910.7731,3,1,0.5000,-0.0000,1.42243,-0.00429,-2.63175,1.06518,1.57080,0.11675,-0.12764,-0.48144,0.03563,,,,,,,,,,,,,,,,,,,,,,,,,,0,0,0,0,0
59.0159,1783969910.7827,3,1,0.5000,-0.0000,1.42243,-0.00435,-2.63177,1.06524,1.57080,0.11675,-0.12764,-0.48145,0.03561,,,,,,,,,,,,,,,,,,,,,,,,,,0,0,0,0,0
59.0215,1783969910.7883,3,1,0.5000,-0.0000,1.42243,-0.00439,-2.63177,1.06529,1.57080,0.11675,-0.12764,-0.48145,0.03560,,,,,,,,,,,,,,,,,,,,,,,,,,0,0,0,0,0
59.0219,1783969910.7887,3,1,0.5000,-0.0000,1.42243,-0.00439,-2.63177,1.06529,1.57080,0.11675,-0.12764,-0.48145,0.03560,,,,,,,,,,,,,,,,,,,,,,,,,,0,0,0,0,0
59.0297,1783969910.7965,3,1,0.5000,-0.0000,1.42243,-0.00441,-2.63178,1.06532,1.57080,0.11675,-0.12764,-0.48145,0.03559,,,,,,,,,,,,,,,,,,,,,,,,,,0,0,0,0,0
59.0459,1783969910.8127,3,1,0.5000,-0.0000,1.42242,-0.00459,-2.63181,1.06553,1.57080,0.11675,-0.12763,-0.48145,0.03554,,,,,,,,,,,,,,,,,,,,,,,,,,0,0,0,0,0
59.0496,1783969910.8164,3,1,0.5000,-0.0000,1.42242,-0.00465,-2.63182,1.06560,1.57080,0.11675,-0.12763,-0.48145,0.03552,,,,,,,,,,,,,,,,,,,,,,,,,,0,0,0,0,0
59.0498,1783969910.8166,3,1,0.5000,-0.0000,1.42242,-0.00465,-2.63182,1.06560,1.57080,0.11675,-0.12763,-0.48145,0.03552,,,,,,,,,,,,,,,,,,,,,,,,,,0,0,0,0,0
59.0666,1783969910.8334,3,1,0.5000,-0.0000,1.42242,-0.00469,-2.63182,1.06565,1.57080,0.11675,-0.12763,-0.48146,0.03550,,,,,,,,,,,,,,,,,,,,,,,,,,0,0,0,0,0
59.0815,1783969910.8483,3,1,0.5000,-0.0000,1.42242,-0.00485,-2.63184,1.06585,1.57080,0.11675,-0.12763,-0.48147,0.03546,,,,,,,,,,,,,,,,,,,,,,,,,,0,0,0,0,0
59.0927,1783969910.8595,3,1,0.5000,-0.0000,1.42242,-0.00490,-2.63185,1.06591,1.57080,0.11675,-0.12763,-0.48147,0.03544,,,,,,,,,,,,,,,,,,,,,,,,,,0,0,0,0,0
59.0934,1783969910.8602,3,1,0.5000,-0.0000,1.42242,-0.00490,-2.63185,1.06591,1.57080,0.11675,-0.12763,-0.48147,0.03544,,,,,,,,,,,,,,,,,,,,,,,,,,0,0,0,0,0
59.1007,1783969910.8674,3,1,0.5000,-0.0000,1.42242,-0.00491,-2.63185,1.06592,1.57080,0.11675,-0.12763,-0.48148,0.03544,,,,,,,,,,,,,,,,,,,,,,,,,,0,0,0,0,0
59.1175,1783969910.8842,3,1,0.5000,-0.0000,1.42242,-0.00503,-2.63184,1.06607,1.57080,0.11675,-0.12763,-0.48150,0.03542,,,,,,,,,,,,,,,,,,,,,,,,,,0,0,0,0,0
59.1561,1783969910.9229,3,1,0.5000,-0.0000,1.42242,-0.00519,-2.63177,1.06628,1.57080,0.11675,-0.12761,-0.48158,0.03541,,,,,,,,,,,,,,,,,,,,,,,,,,0,0,0,0,0
59.1565,1783969910.9233,3,1,0.5000,-0.0000,1.42242,-0.00519,-2.63177,1.06628,1.57080,0.11675,-0.12761,-0.48158,0.03541,,,,,,,,,,,,,,,,,,,,,,,,,,0,0,0,0,0
59.1577,1783969910.9245,3,1,0.5000,-0.0000,1.42242,-0.00519,-2.63177,1.06628,1.57080,0.11675,-0.12761,-0.48158,0.03541,,,,,,,,,,,,,,,,,,,,,,,,,,0,0,0,0,0
59.1635,1783969910.9303,3,1,0.5000,-0.0000,1.42242,-0.00519,-2.63177,1.06628,1.57080,0.11675,-0.12761,-0.48158,0.03541,,,,,,,,,,,,,,,,,,,,,,,,,,0,0,0,0,0
59.1727,1783969910.9395,3,1,0.5000,-0.0000,1.42242,-0.00519,-2.63177,1.06628,1.57080,0.11675,-0.12761,-0.48158,0.03541,,,,,,,,,,,,,,,,,,,,,,,,,,0,0,0,0,0
59.2078,1783969910.9746,3,1,0.5000,-0.0000,1.42242,-0.00519,-2.63177,1.06628,1.57080,0.11675,-0.12761,-0.48158,0.03541,,,,,,,,,,,,,,,,,,,,,,,,,,0,0,0,0,0
59.2105,1783969910.9773,3,1,0.5000,-0.0000,1.42242,-0.00519,-2.63177,1.06628,1.57080,0.11675,-0.12761,-0.48158,0.03541,,,,,,,,,,,,,,,,,,,,,,,,,,0,0,0,0,0
59.2239,1783969910.9907,3,1,0.5000,-0.0000,1.42242,-0.00519,-2.63177,1.06628,1.57080,0.11675,-0.12761,-0.48158,0.03541,,,,,,,,,,,,,,,,,,,,,,,,,,0,0,0,0,0
59.2332,1783969910.9999,3,1,0.5000,-0.0000,1.42242,-0.00519,-2.63177,1.06628,1.57080,0.11675,-0.12761,-0.48158,0.03541,,,,,,,,,,,,,,,,,,,,,,,,,,0,0,0,0,0
59.2366,1783969911.0034,3,1,0.5000,-0.0000,1.42242,-0.00519,-2.63177,1.06628,1.57080,0.11675,-0.12761,-0.48158,0.03541,,,,,,,,,,,,,,,,,,,,,,,,,,0,0,0,0,0
59.2373,1783969911.0041,3,1,0.5000,-0.0000,1.42242,-0.00519,-2.63177,1.06628,1.57080,0.11675,-0.12761,-0.48158,0.03541,,,,,,,,,,,,,,,,,,,,,,,,,,0,0,0,0,0
59.2601,1783969911.0269,3,1,0.5000,-0.0000,1.42242,-0.00519,-2.63177,1.06628,1.57080,0.11675,-0.12761,-0.48158,0.03541,,,,,,,,,,,,,,,,,,,,,,,,,,0,0,0,0,0
59.2678,1783969911.0346,3,1,0.5000,-0.0000,1.42242,-0.00519,-2.63177,1.06628,1.57080,0.11675,-0.12761,-0.48158,0.03541,,,,,,,,,,,,,,,,,,,,,,,,,,0,0,0,0,0
59.2766,1783969911.0434,3,1,0.5000,-0.0000,1.42242,-0.00519,-2.63177,1.06628,1.57080,0.11675,-0.12761,-0.48158,0.03541,,,,,,,,,,,,,,,,,,,,,,,,,,0,0,0,0,0
59.2874,1783969911.0542,3,1,0.5000,-0.0000,1.42242,-0.00519,-2.63177,1.06628,1.57080,0.11675,-0.12761,-0.48158,0.03541,,,,,,,,,,,,,,,,,,,,,,,,,,0,0,0,0,0
59.2949,1783969911.0617,3,1,0.5000,-0.0000,1.42242,-0.00519,-2.63177,1.06628,1.57080,0.11675,-0.12761,-0.48158,0.03541,,,,,,,,,,,,,,,,,,,,,,,,,,0,0,0,0,0
59.2967,1783969911.0634,3,1,0.5000,-0.0000,1.42242,-0.00519,-2.63177,1.06628,1.57080,0.11675,-0.12761,-0.48158,0.03541,,,,,,,,,,,,,,,,,,,,,,,,,,0,0,0,0,0
59.2973,1783969911.0641,3,1,0.5000,-0.0000,1.42242,-0.00519,-2.63177,1.06628,1.57080,0.11675,-0.12761,-0.48158,0.03541,,,,,,,,,,,,,,,,,,,,,,,,,,0,0,0,0,0
59.2975,1783969911.0643,3,1,0.5000,-0.0000,1.42242,-0.00519,-2.63177,1.06628,1.57080,0.11675,-0.12761,-0.48158,0.03541,,,,,,,,,,,,,,,,,,,,,,,,,,0,0,0,0,0
59.3065,1783969911.0733,3,1,0.5000,-0.0000,1.42242,-0.00519,-2.63177,1.06628,1.57080,0.11675,-0.12761,-0.48158,0.03541,,,,,,,,,,,,,,,,,,,,,,,,,,0,0,0,0,0
59.3176,1783969911.0844,3,1,0.5000,-0.0000,1.42242,-0.00519,-2.63177,1.06628,1.57080,0.11675,-0.12761,-0.48158,0.03541,,,,,,,,,,,,,,,,,,,,,,,,,,0,0,0,0,0
59.3226,1783969911.0893,3,1,0.5000,-0.0000,1.42242,-0.00519,-2.63177,1.06628,1.57080,0.11675,-0.12761,-0.48158,0.03541,,,,,,,,,,,,,,,,,,,,,,,,,,0,0,0,0,0
59.3242,1783969911.0910,3,1,0.5000,-0.0000,1.42242,-0.00519,-2.63177,1.06628,1.57080,0.11675,-0.12761,-0.48158,0.03541,,,,,,,,,,,,,,,,,,,,,,,,,,0,0,0,0,0
59.3245,1783969911.0913,3,1,0.5000,-0.0000,1.42242,-0.00519,-2.63177,1.06628,1.57080,0.11675,-0.12761,-0.48158,0.03541,,,,,,,,,,,,,,,,,,,,,,,,,,0,0,0,0,0
59.3321,1783969911.0989,3,1,0.5000,-0.0000,1.42242,-0.00519,-2.63177,1.06628,1.57080,0.11675,-0.12761,-0.48158,0.03541,,,,,,,,,,,,,,,,,,,,,,,,,,0,0,0,0,0
59.3393,1783969911.1061,3,1,0.5000,-0.0000,1.42242,-0.00520,-2.63178,1.06629,1.57080,0.11675,-0.12762,-0.48158,0.03541,,,,,,,,,,,,,,,,,,,,,,,,,,0,0,0,0,0
59.4308,1783969911.1975,3,1,0.5000,-0.0000,1.42242,-0.00550,-2.63200,1.06667,1.57080,0.11675,-0.12763,-0.48147,0.03524,,,,,,,,,,,,,,,,,,,,,,,,,,0,0,0,0,0
59.4311,1783969911.1978,3,1,0.5000,-0.0000,1.42242,-0.00550,-2.63200,1.06667,1.57080,0.11675,-0.12763,-0.48147,0.03524,,,,,,,,,,,,,,,,,,,,,,,,,,0,0,0,0,0
59.4595,1783969911.2263,3,1,0.5000,-0.0000,1.42242,-0.00571,-2.63205,1.06691,1.57080,0.11675,-0.12763,-0.48146,0.03516,,,,,,,,,,,,,,,,,,,,,,,,,,0,0,0,0,0
59.4598,1783969911.2266,3,1,0.5000,-0.0000,1.42242,-0.00571,-2.63205,1.06691,1.57080,0.11675,-0.12763,-0.48146,0.03516,,,,,,,,,,,,,,,,,,,,,,,,,,0,0,0,0,0
59.4606,1783969911.2274,3,1,0.5000,-0.0000,1.42242,-0.00571,-2.63205,1.06691,1.57080,0.11675,-0.12763,-0.48146,0.03516,,,,,,,,,,,,,,,,,,,,,,,,,,0,0,0,0,0
59.4648,1783969911.2316,3,1,0.5000,-0.0000,1.42242,-0.00573,-2.63206,1.06694,1.57080,0.11675,-0.12763,-0.48146,0.03515,,,,,,,,,,,,,,,,,,,,,,,,,,0,0,0,0,0
59.4667,1783969911.2335,3,1,0.5000,-0.0000,1.42242,-0.00576,-2.63206,1.06698,1.57080,0.11675,-0.12763,-0.48146,0.03514,,,,,,,,,,,,,,,,,,,,,,,,,,0,0,0,0,0
59.4672,1783969911.2340,3,1,0.5000,-0.0000,1.42242,-0.00576,-2.63206,1.06698,1.57080,0.11675,-0.12763,-0.48146,0.03514,,,,,,,,,,,,,,,,,,,,,,,,,,0,0,0,0,0
59.4677,1783969911.2345,3,1,0.5000,-0.0000,1.42242,-0.00576,-2.63206,1.06698,1.57080,0.11675,-0.12763,-0.48146,0.03514,,,,,,,,,,,,,,,,,,,,,,,,,,0,0,0,0,0
59.4783,1783969911.2450,3,1,0.5000,-0.0000,1.42242,-0.00581,-2.63207,1.06703,1.57080,0.11675,-0.12763,-0.48146,0.03513,,,,,,,,,,,,,,,,,,,,,,,,,,0,0,0,0,0
59.4787,1783969911.2454,3,1,0.5000,-0.0000,1.42242,-0.00581,-2.63207,1.06703,1.57080,0.11675,-0.12763,-0.48146,0.03513,,,,,,,,,,,,,,,,,,,,,,,,,,0,0,0,0,0
59.4791,1783969911.2459,3,1,0.5000,-0.0000,1.42242,-0.00581,-2.63207,1.06703,1.57080,0.11675,-0.12763,-0.48146,0.03513,,,,,,,,,,,,,,,,,,,,,,,,,,0,0,0,0,0
59.4819,1783969911.2486,3,1,0.5000,-0.0000,1.42242,-0.00582,-2.63207,1.06705,1.57080,0.11675,-0.12763,-0.48146,0.03512,,,,,,,,,,,,,,,,,,,,,,,,,,0,0,0,0,0
59.5107,1783969911.2774,3,1,0.5000,-0.0000,1.42242,-0.00602,-2.63210,1.06729,1.57080,0.11675,-0.12763,-0.48147,0.03506,,,,,,,,,,,,,,,,,,,,,,,,,,0,0,0,0,0
59.5113,1783969911.2781,3,1,0.5000,-0.0000,1.42242,-0.00602,-2.63210,1.06729,1.57080,0.11675,-0.12763,-0.48147,0.03506,,,,,,,,,,,,,,,,,,,,,,,,,,0,0,0,0,0
59.5116,1783969911.2784,3,1,0.5000,-0.0000,1.42242,-0.00602,-2.63210,1.06729,1.57080,0.11675,-0.12763,-0.48147,0.03506,,,,,,,,,,,,,,,,,,,,,,,,,,0,0,0,0,0
59.5119,1783969911.2787,3,1,0.5000,-0.0000,1.42242,-0.00602,-2.63210,1.06729,1.57080,0.11675,-0.12763,-0.48147,0.03506,,,,,,,,,,,,,,,,,,,,,,,,,,0,0,0,0,0
59.5128,1783969911.2796,3,1,0.5000,-0.0000,1.42242,-0.00602,-2.63210,1.06729,1.57080,0.11675,-0.12763,-0.48147,0.03506,,,,,,,,,,,,,,,,,,,,,,,,,,0,0,0,0,0
59.5129,1783969911.2797,3,1,0.5000,-0.0000,1.42242,-0.00602,-2.63210,1.06729,1.57080,0.11675,-0.12763,-0.48147,0.03506,,,,,,,,,,,,,,,,,,,,,,,,,,0,0,0,0,0
59.5137,1783969911.2805,3,1,0.5000,-0.0000,1.42242,-0.00603,-2.63210,1.06731,1.57080,0.11675,-0.12763,-0.48147,0.03506,,,,,,,,,,,,,,,,,,,,,,,,,,0,0,0,0,0
59.5239,1783969911.2906,3,1,0.5000,-0.0000,1.42242,-0.00608,-2.63210,1.06736,1.57080,0.11675,-0.12763,-0.48148,0.03505,,,,,,,,,,,,,,,,,,,,,,,,,,0,0,0,0,0
59.5314,1783969911.2982,3,1,0.5000,-0.0000,1.42242,-0.00614,-2.63210,1.06744,1.57080,0.11675,-0.12763,-0.48149,0.03504,,,,,,,,,,,,,,,,,,,,,,,,,,0,0,0,0,0
59.5399,1783969911.3066,3,1,0.5000,-0.0000,1.42242,-0.00621,-2.63209,1.06752,1.57080,0.11675,-0.12762,-0.48151,0.03502,,,,,,,,,,,,,,,,,,,,,,,,,,0,0,0,0,0
59.5403,1783969911.3071,3,1,0.5000,-0.0000,1.42242,-0.00621,-2.63209,1.06752,1.57080,0.11675,-0.12762,-0.48151,0.03502,,,,,,,,,,,,,,,,,,,,,,,,,,0,0,0,0,0
59.5560,1783969911.3228,3,1,0.5000,-0.0000,1.42242,-0.00633,-2.63207,1.06768,1.57080,0.11675,-0.12762,-0.48155,0.03501,,,,,,,,,,,,,,,,,,,,,,,,,,0,0,0,0,0
59.5564,1783969911.3231,3,1,0.5000,-0.0000,1.42242,-0.00633,-2.63207,1.06768,1.57080,0.11675,-0.12762,-0.48155,0.03501,,,,,,,,,,,,,,,,,,,,,,,,,,0,0,0,0,0
59.5678,1783969911.3346,3,1,0.5000,-0.0000,1.42242,-0.00637,-2.63204,1.06773,1.57080,0.11675,-0.12761,-0.48158,0.03501,,,,,,,,,,,,,,,,,,,,,,,,,,0,0,0,0,0
59.5795,1783969911.3462,3,1,0.5000,-0.0000,1.42242,-0.00637,-2.63204,1.06773,1.57080,0.11675,-0.12761,-0.48158,0.03501,,,,,,,,,,,,,,,,,,,,,,,,,,0,0,0,0,0
59.5799,1783969911.3467,3,1,0.5000,-0.0000,1.42242,-0.00637,-2.63204,1.06773,1.57080,0.11675,-0.12761,-0.48158,0.03501,,,,,,,,,,,,,,,,,,,,,,,,,,0,0,0,0,0
59.5802,1783969911.3470,3,1,0.5000,-0.0000,1.42242,-0.00637,-2.63204,1.06773,1.57080,0.11675,-0.12761,-0.48158,0.03501,,,,,,,,,,,,,,,,,,,,,,,,,,0,0,0,0,0
59.6047,1783969911.3715,3,1,0.5000,-0.0000,1.42242,-0.00637,-2.63204,1.06773,1.57080,0.11675,-0.12761,-0.48158,0.03501,,,,,,,,,,,,,,,,,,,,,,,,,,0,0,0,0,0
59.6051,1783969911.3719,3,1,0.5000,-0.0000,1.42242,-0.00637,-2.63204,1.06773,1.57080,0.11675,-0.12761,-0.48158,0.03501,,,,,,,,,,,,,,,,,,,,,,,,,,0,0,0,0,0
59.6060,1783969911.3728,3,1,0.5000,-0.0000,1.42242,-0.00637,-2.63204,1.06773,1.57080,0.11675,-0.12761,-0.48158,0.03501,,,,,,,,,,,,,,,,,,,,,,,,,,0,0,0,0,0
59.6064,1783969911.3731,3,1,0.5000,-0.0000,1.42242,-0.00637,-2.63204,1.06773,1.57080,0.11675,-0.12761,-0.48158,0.03501,,,,,,,,,,,,,,,,,,,,,,,,,,0,0,0,0,0
59.6150,1783969911.3818,3,1,0.5000,-0.0000,1.42242,-0.00637,-2.63204,1.06773,1.57080,0.11675,-0.12761,-0.48158,0.03501,,,,,,,,,,,,,,,,,,,,,,,,,,0,0,0,0,0
59.6153,1783969911.3820,3,1,0.5000,-0.0000,1.42242,-0.00637,-2.63204,1.06773,1.57080,0.11675,-0.12761,-0.48158,0.03501,,,,,,,,,,,,,,,,,,,,,,,,,,0,0,0,0,0
59.6229,1783969911.3896,3,1,0.5000,-0.0000,1.42242,-0.00637,-2.63204,1.06773,1.57080,0.11675,-0.12761,-0.48158,0.03501,,,,,,,,,,,,,,,,,,,,,,,,,,0,0,0,0,0
59.6297,1783969911.3965,3,1,0.5000,-0.0000,1.42242,-0.00637,-2.63204,1.06773,1.57080,0.11675,-0.12761,-0.48158,0.03501,,,,,,,,,,,,,,,,,,,,,,,,,,0,0,0,0,0
59.6420,1783969911.4088,3,1,0.5000,-0.0000,1.42242,-0.00637,-2.63204,1.06773,1.57080,0.11675,-0.12761,-0.48158,0.03501,,,,,,,,,,,,,,,,,,,,,,,,,,0,0,0,0,0
59.6422,1783969911.4090,3,1,0.5000,-0.0000,1.42242,-0.00637,-2.63204,1.06773,1.57080,0.11675,-0.12761,-0.48158,0.03501,,,,,,,,,,,,,,,,,,,,,,,,,,0,0,0,0,0
59.6672,1783969911.4340,3,1,0.5000,-0.0000,1.42242,-0.00637,-2.63204,1.06773,1.57080,0.11675,-0.12761,-0.48158,0.03501,,,,,,,,,,,,,,,,,,,,,,,,,,0,0,0,0,0
59.6702,1783969911.4370,3,1,0.5000,-0.0000,1.42242,-0.00637,-2.63204,1.06773,1.57080,0.11675,-0.12761,-0.48158,0.03501,,,,,,,,,,,,,,,,,,,,,,,,,,0,0,0,0,0
59.6706,1783969911.4374,3,1,0.5000,-0.0000,1.42242,-0.00637,-2.63204,1.06773,1.57080,0.11675,-0.12761,-0.48158,0.03501,,,,,,,,,,,,,,,,,,,,,,,,,,0,0,0,0,0
59.6710,1783969911.4377,3,1,0.5000,-0.0000,1.42242,-0.00637,-2.63204,1.06773,1.57080,0.11675,-0.12761,-0.48158,0.03501,,,,,,,,,,,,,,,,,,,,,,,,,,0,0,0,0,0
59.6877,1783969911.4545,3,1,0.5000,-0.0000,1.42242,-0.00637,-2.63204,1.06773,1.57080,0.11675,-0.12761,-0.48158,0.03501,,,,,,,,,,,,,,,,,,,,,,,,,,0,0,0,0,0
59.6904,1783969911.4572,3,1,0.5000,-0.0000,1.42242,-0.00637,-2.63204,1.06773,1.57080,0.11675,-0.12761,-0.48158,0.03501,,,,,,,,,,,,,,,,,,,,,,,,,,0,0,0,0,0
59.6907,1783969911.4575,3,1,0.5000,-0.0000,1.42242,-0.00637,-2.63204,1.06773,1.57080,0.11675,-0.12761,-0.48158,0.03501,,,,,,,,,,,,,,,,,,,,,,,,,,0,0,0,0,0
59.7043,1783969911.4711,3,1,0.5000,-0.0000,1.42242,-0.00637,-2.63204,1.06773,1.57080,0.11675,-0.12761,-0.48158,0.03501,,,,,,,,,,,,,,,,,,,,,,,,,,0,0,0,0,0
59.7142,1783969911.4809,3,1,0.5000,-0.0000,1.42242,-0.00637,-2.63204,1.06773,1.57080,0.11675,-0.12761,-0.48158,0.03501,,,,,,,,,,,,,,,,,,,,,,,,,,0,0,0,0,0
59.7196,1783969911.4864,3,1,0.5000,-0.0000,1.42242,-0.00637,-2.63204,1.06773,1.57080,0.11675,-0.12761,-0.48158,0.03501,,,,,,,,,,,,,,,,,,,,,,,,,,0,0,0,0,0
59.7320,1783969911.4988,3,1,0.5000,-0.0000,1.42242,-0.00637,-2.63204,1.06773,1.57080,0.11675,-0.12761,-0.48158,0.03501,,,,,,,,,,,,,,,,,,,,,,,,,,0,0,0,0,0
59.7450,1783969911.5117,3,1,0.5000,-0.0000,1.42242,-0.00637,-2.63204,1.06773,1.57080,0.11675,-0.12761,-0.48158,0.03501,,,,,,,,,,,,,,,,,,,,,,,,,,0,0,0,0,0
59.7453,1783969911.5121,3,1,0.5000,-0.0000,1.42242,-0.00637,-2.63204,1.06773,1.57080,0.11675,-0.12761,-0.48158,0.03501,,,,,,,,,,,,,,,,,,,,,,,,,,0,0,0,0,0
59.7526,1783969911.5194,3,1,0.5000,-0.0000,1.42242,-0.00637,-2.63204,1.06774,1.57080,0.11675,-0.12761,-0.48158,0.03501,,,,,,,,,,,,,,,,,,,,,,,,,,0,0,0,0,0
59.7531,1783969911.5199,3,1,0.5000,-0.0000,1.42242,-0.00637,-2.63204,1.06774,1.57080,0.11675,-0.12761,-0.48158,0.03501,,,,,,,,,,,,,,,,,,,,,,,,,,0,0,0,0,0
59.7620,1783969911.5288,3,1,0.5000,-0.0000,1.42242,-0.00639,-2.63207,1.06775,1.57080,0.11675,-0.12762,-0.48156,0.03499,,,,,,,,,,,,,,,,,,,,,,,,,,0,0,0,0,0
59.7623,1783969911.5291,3,1,0.5000,-0.0000,1.42242,-0.00639,-2.63207,1.06775,1.57080,0.11675,-0.12762,-0.48156,0.03499,,,,,,,,,,,,,,,,,,,,,,,,,,0,0,0,0,0
59.7724,1783969911.5392,3,1,0.5000,-0.0000,1.42242,-0.00640,-2.63210,1.06777,1.57080,0.11675,-0.12762,-0.48154,0.03498,,,,,,,,,,,,,,,,,,,,,,,,,,0,0,0,0,0
59.7829,1783969911.5497,3,1,0.5000,-0.0000,1.42242,-0.00641,-2.63211,1.06778,1.57080,0.11675,-0.12762,-0.48153,0.03497,,,,,,,,,,,,,,,,,,,,,,,,,,0,0,0,0,0
59.7994,1783969911.5662,3,1,0.5000,-0.0000,1.42242,-0.00646,-2.63217,1.06785,1.57080,0.11675,-0.12762,-0.48150,0.03493,,,,,,,,,,,,,,,,,,,,,,,,,,0,0,0,0,0
59.8068,1783969911.5736,3,1,0.5000,-0.0000,1.42242,-0.00651,-2.63221,1.06790,1.57080,0.11675,-0.12763,-0.48147,0.03490,,,,,,,,,,,,,,,,,,,,,,,,,,0,0,0,0,0
59.8102,1783969911.5770,3,1,0.5000,-0.0000,1.42242,-0.00651,-2.63221,1.06790,1.57080,0.11675,-0.12763,-0.48147,0.03490,,,,,,,,,,,,,,,,,,,,,,,,,,0,0,0,0,0
59.8260,1783969911.5928,3,1,0.5000,-0.0000,1.42242,-0.00656,-2.63224,1.06795,1.57080,0.11675,-0.12763,-0.48146,0.03488,,,,,,,,,,,,,,,,,,,,,,,,,,0,0,0,0,0
59.8301,1783969911.5969,3,1,0.5000,-0.0000,1.42242,-0.00658,-2.63225,1.06798,1.57080,0.11675,-0.12763,-0.48146,0.03486,,,,,,,,,,,,,,,,,,,,,,,,,,0,0,0,0,0
59.8648,1783969911.6316,3,1,0.5000,-0.0000,1.42242,-0.00681,-2.63230,1.06825,1.57080,0.11675,-0.12763,-0.48145,0.03479,,,,,,,,,,,,,,,,,,,,,,,,,,0,0,0,0,0
59.8651,1783969911.6319,3,1,0.5000,-0.0000,1.42242,-0.00681,-2.63230,1.06825,1.57080,0.11675,-0.12763,-0.48145,0.03479,,,,,,,,,,,,,,,,,,,,,,,,,,0,0,0,0,0
59.8657,1783969911.6325,3,1,0.5000,-0.0000,1.42242,-0.00681,-2.63230,1.06825,1.57080,0.11675,-0.12763,-0.48145,0.03479,,,,,,,,,,,,,,,,,,,,,,,,,,0,0,0,0,0
59.8703,1783969911.6371,3,1,0.5000,-0.0000,1.42242,-0.00681,-2.63230,1.06826,1.57080,0.11675,-0.12763,-0.48145,0.03479,,,,,,,,,,,,,,,,,,,,,,,,,,0,0,0,0,0
59.8823,1783969911.6491,3,1,0.5000,-0.0000,1.42242,-0.00689,-2.63231,1.06835,1.57080,0.11675,-0.12763,-0.48146,0.03476,,,,,,,,,,,,,,,,,,,,,,,,,,0,0,0,0,0
59.8890,1783969911.6557,3,1,0.5000,-0.0000,1.42242,-0.00693,-2.63232,1.06840,1.57080,0.11675,-0.12763,-0.48146,0.03475,,,,,,,,,,,,,,,,,,,,,,,,,,0,0,0,0,0
59.8893,1783969911.6561,3,1,0.5000,-0.0000,1.42242,-0.00693,-2.63232,1.06840,1.57080,0.11675,-0.12763,-0.48146,0.03475,,,,,,,,,,,,,,,,,,,,,,,,,,0,0,0,0,0
59.9010,1783969911.6677,3,1,0.5000,-0.0000,1.42242,-0.00703,-2.63234,1.06852,1.57080,0.11675,-0.12763,-0.48146,0.03472,,,,,,,,,,,,,,,,,,,,,,,,,,0,0,0,0,0
59.9106,1783969911.6773,3,1,0.5000,-0.0000,1.42242,-0.00707,-2.63235,1.06857,1.57080,0.11675,-0.12763,-0.48146,0.03470,,,,,,,,,,,,,,,,,,,,,,,,,,0,0,0,0,0
59.9205,1783969911.6873,3,1,0.5000,-0.0000,1.42242,-0.00714,-2.63235,1.06865,1.57080,0.11675,-0.12763,-0.48147,0.03468,,,,,,,,,,,,,,,,,,,,,,,,,,0,0,0,0,0
59.9333,1783969911.7001,3,1,0.5000,-0.0000,1.42241,-0.00727,-2.63237,1.06881,1.57080,0.11675,-0.12763,-0.48147,0.03464,,,,,,,,,,,,,,,,,,,,,,,,,,0,0,0,0,0
59.9339,1783969911.7007,3,1,0.5000,-0.0000,1.42241,-0.00731,-2.63238,1.06887,1.57080,0.11675,-0.12763,-0.48148,0.03463,,,,,,,,,,,,,,,,,,,,,,,,,,0,0,0,0,0
59.9504,1783969911.7172,3,1,0.5000,-0.0000,1.42241,-0.00748,-2.63240,1.06908,1.57080,0.11675,-0.12762,-0.48149,0.03458,,,,,,,,,,,,,,,,,,,,,,,,,,0,0,0,0,0
59.9532,1783969911.7199,3,1,0.5000,-0.0000,1.42241,-0.00748,-2.63240,1.06908,1.57080,0.11675,-0.12762,-0.48149,0.03458,,,,,,,,,,,,,,,,,,,,,,,,,,0,0,0,0,0
59.9623,1783969911.7290,3,1,0.5000,-0.0000,1.42241,-0.00754,-2.63240,1.06915,1.57080,0.11675,-0.12762,-0.48150,0.03457,,,,,,,,,,,,,,,,,,,,,,,,,,0,0,0,0,0
59.9748,1783969911.7416,3,1,0.5000,-0.0000,1.42241,-0.00754,-2.63240,1.06915,1.57080,0.11675,-0.12762,-0.48150,0.03457,,,,,,,,,,,,,,,,,,,,,,,,,,0,0,0,0,0
59.9815,1783969911.7482,3,1,0.5000,-0.0000,1.42241,-0.00754,-2.63240,1.06915,1.57080,0.11675,-0.12762,-0.48150,0.03457,,,,,,,,,,,,,,,,,,,,,,,,,,0,0,0,0,0
59.9820,1783969911.7488,3,1,0.5000,-0.0000,1.42241,-0.00754,-2.63240,1.06915,1.57080,0.11675,-0.12762,-0.48150,0.03457,,,,,,,,,,,,,,,,,,,,,,,,,,0,0,0,0,0
59.9908,1783969911.7576,3,1,0.5000,-0.0000,1.42241,-0.00754,-2.63240,1.06915,1.57080,0.11675,-0.12762,-0.48150,0.03457,,,,,,,,,,,,,,,,,,,,,,,,,,0,0,0,0,0
60.0121,1783969911.7788,3,1,0.5000,-0.0000,1.42241,-0.00754,-2.63240,1.06915,1.57080,0.11675,-0.12762,-0.48150,0.03457,,,,,,,,,,,,,,,,,,,,,,,,,,0,0,0,0,0
60.0149,1783969911.7816,3,1,0.5000,-0.0000,1.42241,-0.00754,-2.63240,1.06915,1.57080,0.11675,-0.12762,-0.48150,0.03457,,,,,,,,,,,,,,,,,,,,,,,,,,0,0,0,0,0
60.0229,1783969911.7897,3,1,0.5000,-0.0000,1.42241,-0.00754,-2.63240,1.06915,1.57080,0.11675,-0.12762,-0.48150,0.03457,,,,,,,,,,,,,,,,,,,,,,,,,,0,0,0,0,0
60.0329,1783969911.7996,3,1,0.5000,-0.0000,1.42241,-0.00754,-2.63240,1.06915,1.57080,0.11675,-0.12762,-0.48150,0.03457,,,,,,,,,,,,,,,,,,,,,,,,,,0,0,0,0,0
60.0419,1783969911.8087,3,1,0.5000,-0.0000,1.42241,-0.00754,-2.63240,1.06915,1.57080,0.11675,-0.12762,-0.48150,0.03457,,,,,,,,,,,,,,,,,,,,,,,,,,0,0,0,0,0
60.0525,1783969911.8193,3,1,0.5000,-0.0000,1.42241,-0.00754,-2.63240,1.06915,1.57080,0.11675,-0.12762,-0.48150,0.03457,,,,,,,,,,,,,,,,,,,,,,,,,,0,0,0,0,0
60.0607,1783969911.8274,3,1,0.5000,-0.0000,1.42241,-0.00754,-2.63240,1.06915,1.57080,0.11675,-0.12762,-0.48150,0.03457,,,,,,,,,,,,,,,,,,,,,,,,,,0,0,0,0,0
60.0610,1783969911.8277,3,1,0.5000,-0.0000,1.42241,-0.00754,-2.63240,1.06915,1.57080,0.11675,-0.12762,-0.48150,0.03457,,,,,,,,,,,,,,,,,,,,,,,,,,0,0,0,0,0
60.0847,1783969911.8515,3,1,0.5000,-0.0000,1.42241,-0.00754,-2.63240,1.06915,1.57080,0.11675,-0.12762,-0.48150,0.03457,,,,,,,,,,,,,,,,,,,,,,,,,,0,0,0,0,0
60.0876,1783969911.8543,3,1,0.5000,-0.0000,1.42241,-0.00754,-2.63240,1.06915,1.57080,0.11675,-0.12762,-0.48150,0.03457,,,,,,,,,,,,,,,,,,,,,,,,,,0,0,0,0,0
60.0879,1783969911.8547,3,1,0.5000,-0.0000,1.42241,-0.00754,-2.63240,1.06915,1.57080,0.11675,-0.12762,-0.48150,0.03457,,,,,,,,,,,,,,,,,,,,,,,,,,0,0,0,0,0
60.0915,1783969911.8582,3,1,0.5000,-0.0000,1.42241,-0.00754,-2.63240,1.06915,1.57080,0.11675,-0.12762,-0.48150,0.03457,,,,,,,,,,,,,,,,,,,,,,,,,,0,0,0,0,0
60.0918,1783969911.8586,3,1,0.5000,-0.0000,1.42241,-0.00754,-2.63240,1.06915,1.57080,0.11675,-0.12762,-0.48150,0.03457,,,,,,,,,,,,,,,,,,,,,,,,,,0,0,0,0,0
60.0922,1783969911.8590,3,1,0.5000,-0.0000,1.42241,-0.00754,-2.63240,1.06915,1.57080,0.11675,-0.12762,-0.48150,0.03457,,,,,,,,,,,,,,,,,,,,,,,,,,0,0,0,0,0
60.0995,1783969911.8662,3,1,0.5000,-0.0000,1.42241,-0.00754,-2.63240,1.06915,1.57080,0.11675,-0.12762,-0.48150,0.03457,,,,,,,,,,,,,,,,,,,,,,,,,,0,0,0,0,0
60.0998,1783969911.8665,3,1,0.5000,-0.0000,1.42241,-0.00754,-2.63240,1.06915,1.57080,0.11675,-0.12762,-0.48150,0.03457,,,,,,,,,,,,,,,,,,,,,,,,,,0,0,0,0,0
60.1138,1783969911.8806,3,1,0.5000,-0.0000,1.42241,-0.00754,-2.63240,1.06915,1.57080,0.11675,-0.12762,-0.48150,0.03457,,,,,,,,,,,,,,,,,,,,,,,,,,0,0,0,0,0
60.1271,1783969911.8938,3,1,0.5000,-0.0000,1.42241,-0.00754,-2.63240,1.06915,1.57080,0.11675,-0.12762,-0.48150,0.03457,,,,,,,,,,,,,,,,,,,,,,,,,,0,0,0,0,0
60.1309,1783969911.8977,3,1,0.5000,-0.0000,1.42241,-0.00754,-2.63240,1.06915,1.57080,0.11675,-0.12762,-0.48150,0.03457,,,,,,,,,,,,,,,,,,,,,,,,,,0,0,0,0,0
60.1458,1783969911.9126,3,1,0.5000,-0.0000,1.42241,-0.00754,-2.63240,1.06915,1.57080,0.11675,-0.12762,-0.48150,0.03457,,,,,,,,,,,,,,,,,,,,,,,,,,0,0,0,0,0
60.1566,1783969911.9234,3,1,0.5000,-0.0000,1.42241,-0.00754,-2.63240,1.06915,1.57080,0.11675,-0.12762,-0.48150,0.03457,,,,,,,,,,,,,,,,,,,,,,,,,,0,0,0,0,0
60.1741,1783969911.9409,3,1,0.5000,-0.0000,1.42241,-0.00754,-2.63240,1.06916,1.57080,0.11675,-0.12762,-0.48150,0.03457,,,,,,,,,,,,,,,,,,,,,,,,,,0,0,0,0,0
60.1744,1783969911.9412,3,1,0.5000,-0.0000,1.42241,-0.00754,-2.63240,1.06916,1.57080,0.11675,-0.12762,-0.48150,0.03457,,,,,,,,,,,,,,,,,,,,,,,,,,0,0,0,0,0
60.1750,1783969911.9418,3,1,0.5000,-0.0000,1.42241,-0.00754,-2.63240,1.06916,1.57080,0.11675,-0.12762,-0.48150,0.03457,,,,,,,,,,,,,,,,,,,,,,,,,,0,0,0,0,0
60.1755,1783969911.9422,3,1,0.5000,-0.0000,1.42241,-0.00754,-2.63240,1.06916,1.57080,0.11675,-0.12762,-0.48150,0.03457,,,,,,,,,,,,,,,,,,,,,,,,,,0,0,0,0,0
60.1930,1783969911.9598,3,1,0.5000,-0.0000,1.42241,-0.00756,-2.63241,1.06920,1.57081,0.11675,-0.12762,-0.48150,0.03456,,,,,,,,,,,,,,,,,,,,,,,,,,0,0,0,0,0
60.1963,1783969911.9631,3,1,0.5000,-0.0000,1.42241,-0.00756,-2.63241,1.06920,1.57081,0.11675,-0.12762,-0.48150,0.03456,,,,,,,,,,,,,,,,,,,,,,,,,,0,0,0,0,0
60.1967,1783969911.9634,3,1,0.5000,-0.0000,1.42241,-0.00756,-2.63241,1.06920,1.57081,0.11675,-0.12762,-0.48150,0.03456,,,,,,,,,,,,,,,,,,,,,,,,,,0,0,0,0,0
60.2006,1783969911.9674,3,1,0.5000,-0.0000,1.42241,-0.00757,-2.63241,1.06920,1.57081,0.11675,-0.12762,-0.48150,0.03456,,,,,,,,,,,,,,,,,,,,,,,,,,0,0,0,0,0
60.2173,1783969911.9840,3,1,0.5000,-0.0000,1.42241,-0.00761,-2.63244,1.06925,1.57081,0.11675,-0.12762,-0.48148,0.03453,,,,,,,,,,,,,,,,,,,,,,,,,,0,0,0,0,0
60.2278,1783969911.9945,3,1,0.5000,-0.0000,1.42241,-0.00767,-2.63249,1.06932,1.57081,0.11675,-0.12763,-0.48146,0.03450,,,,,,,,,,,,,,,,,,,,,,,,,,0,0,0,0,0
60.2322,1783969911.9990,3,1,0.5000,-0.0000,1.42241,-0.00767,-2.63249,1.06932,1.57081,0.11675,-0.12763,-0.48146,0.03450,,,,,,,,,,,,,,,,,,,,,,,,,,0,0,0,0,0
60.2325,1783969911.9993,3,1,0.5000,-0.0000,1.42241,-0.00767,-2.63249,1.06932,1.57081,0.11675,-0.12763,-0.48146,0.03450,,,,,,,,,,,,,,,,,,,,,,,,,,0,0,0,0,0
60.2448,1783969912.0116,3,1,0.5000,-0.0000,1.42241,-0.00770,-2.63250,1.06935,1.57081,0.11675,-0.12763,-0.48146,0.03449,,,,,,,,,,,,,,,,,,,,,,,,,,0,0,0,0,0
60.2630,1783969912.0298,3,1,0.5000,-0.0000,1.42241,-0.00776,-2.63252,1.06942,1.57081,0.11675,-0.12763,-0.48145,0.03446,,,,,,,,,,,,,,,,,,,,,,,,,,0,0,0,0,0
60.2650,1783969912.0318,3,1,0.5000,-0.0000,1.42241,-0.00776,-2.63252,1.06942,1.57081,0.11675,-0.12763,-0.48145,0.03446,,,,,,,,,,,,,,,,,,,,,,,,,,0,0,0,0,0
60.2823,1783969912.0491,3,1,0.5000,-0.0000,1.42241,-0.00794,-2.63256,1.06965,1.57081,0.11675,-0.12763,-0.48145,0.03440,,,,,,,,,,,,,,,,,,,,,,,,,,0,0,0,0,0
60.2827,1783969912.0495,3,1,0.5000,-0.0000,1.42241,-0.00794,-2.63256,1.06965,1.57081,0.11675,-0.12763,-0.48145,0.03440,,,,,,,,,,,,,,,,,,,,,,,,,,0,0,0,0,0
60.2842,1783969912.0510,3,1,0.5000,-0.0000,1.42241,-0.00794,-2.63256,1.06965,1.57081,0.11675,-0.12763,-0.48145,0.03440,,,,,,,,,,,,,,,,,,,,,,,,,,0,0,0,0,0
60.2950,1783969912.0618,3,1,0.5000,-0.0000,1.42241,-0.00797,-2.63256,1.06967,1.57081,0.11675,-0.12763,-0.48145,0.03439,,,,,,,,,,,,,,,,,,,,,,,,,,0,0,0,0,0
60.3038,1783969912.0706,3,1,0.5000,-0.0000,1.42241,-0.00803,-2.63257,1.06975,1.57081,0.11675,-0.12763,-0.48145,0.03437,,,,,,,,,,,,,,,,,,,,,,,,,,0,0,0,0,0
60.3104,1783969912.0772,3,1,0.5000,-0.0000,1.42241,-0.00812,-2.63259,1.06986,1.57081,0.11675,-0.12763,-0.48146,0.03434,,,,,,,,,,,,,,,,,,,,,,,,,,0,0,0,0,0
60.3107,1783969912.0775,3,1,0.5000,-0.0000,1.42241,-0.00812,-2.63259,1.06986,1.57081,0.11675,-0.12763,-0.48146,0.03434,,,,,,,,,,,,,,,,,,,,,,,,,,0,0,0,0,0
60.3220,1783969912.0888,3,1,0.5000,-0.0000,1.42241,-0.00818,-2.63259,1.06993,1.57081,0.11675,-0.12763,-0.48146,0.03433,,,,,,,,,,,,,,,,,,,,,,,,,,0,0,0,0,0
60.3292,1783969912.0960,3,1,0.5000,-0.0000,1.42241,-0.00820,-2.63260,1.06994,1.57081,0.11675,-0.12763,-0.48146,0.03432,,,,,,,,,,,,,,,,,,,,,,,,,,0,0,0,0,0
60.3298,1783969912.0965,3,1,0.5000,-0.0000,1.42241,-0.00822,-2.63260,1.06997,1.57081,0.11675,-0.12763,-0.48146,0.03431,,,,,,,,,,,,,,,,,,,,,,,,,,0,0,0,0,0
60.3469,1783969912.1137,3,1,0.5000,-0.0000,1.42241,-0.00838,-2.63262,1.07016,1.57081,0.11675,-0.12763,-0.48147,0.03427,,,,,,,,,,,,,,,,,,,,,,,,,,0,0,0,0,0
60.3488,1783969912.1156,3,1,0.5000,-0.0000,1.42241,-0.00838,-2.63262,1.07016,1.57081,0.11675,-0.12763,-0.48147,0.03427,,,,,,,,,,,,,,,,,,,,,,,,,,0,0,0,0,0
60.3491,1783969912.1159,3,1,0.5000,-0.0000,1.42241,-0.00838,-2.63262,1.07016,1.57081,0.11675,-0.12763,-0.48147,0.03427,,,,,,,,,,,,,,,,,,,,,,,,,,0,0,0,0,0
60.3605,1783969912.1273,3,1,0.5000,-0.0000,1.42241,-0.00853,-2.63264,1.07034,1.57081,0.11675,-0.12762,-0.48148,0.03422,,,,,,,,,,,,,,,,,,,,,,,,,,0,0,0,0,0
60.3765,1783969912.1433,3,1,0.5000,-0.0000,1.42241,-0.00868,-2.63266,1.07054,1.57081,0.11675,-0.12762,-0.48149,0.03418,,,,,,,,,,,,,,,,,,,,,,,,,,0,0,0,0,0
60.3816,1783969912.1484,3,1,0.5000,-0.0000,1.42241,-0.00871,-2.63266,1.07058,1.57081,0.11675,-0.12762,-0.48150,0.03417,,,,,,,,,,,,,,,,,,,,,,,,,,0,0,0,0,0
60.3912,1783969912.1579,3,1,0.5000,-0.0000,1.42241,-0.00871,-2.63266,1.07058,1.57081,0.11675,-0.12762,-0.48150,0.03417,,,,,,,,,,,,,,,,,,,,,,,,,,0,0,0,0,0
60.3994,1783969912.1661,3,1,0.5000,-0.0000,1.42241,-0.00871,-2.63266,1.07058,1.57081,0.11675,-0.12762,-0.48150,0.03417,,,,,,,,,,,,,,,,,,,,,,,,,,0,0,0,0,0
60.4134,1783969912.1801,3,1,0.5000,-0.0000,1.42241,-0.00871,-2.63266,1.07058,1.57081,0.11675,-0.12762,-0.48150,0.03417,,,,,,,,,,,,,,,,,,,,,,,,,,0,0,0,0,0
60.4318,1783969912.1986,3,1,0.5000,-0.0000,1.42241,-0.00871,-2.63266,1.07058,1.57081,0.11675,-0.12762,-0.48150,0.03417,,,,,,,,,,,,,,,,,,,,,,,,,,0,0,0,0,0
60.4358,1783969912.2026,3,1,0.5000,-0.0000,1.42241,-0.00871,-2.63266,1.07058,1.57081,0.11675,-0.12762,-0.48150,0.03417,,,,,,,,,,,,,,,,,,,,,,,,,,0,0,0,0,0
60.4497,1783969912.2165,3,1,0.5000,-0.0000,1.42241,-0.00871,-2.63266,1.07058,1.57081,0.11675,-0.12762,-0.48150,0.03417,,,,,,,,,,,,,,,,,,,,,,,,,,0,0,0,0,0
60.4510,1783969912.2178,3,1,0.5000,-0.0000,1.42241,-0.00871,-2.63266,1.07058,1.57081,0.11675,-0.12762,-0.48150,0.03417,,,,,,,,,,,,,,,,,,,,,,,,,,0,0,0,0,0
60.4515,1783969912.2182,3,1,0.5000,-0.0000,1.42241,-0.00871,-2.63266,1.07058,1.57081,0.11675,-0.12762,-0.48150,0.03417,,,,,,,,,,,,,,,,,,,,,,,,,,0,0,0,0,0
60.4618,1783969912.2286,3,1,0.5000,-0.0000,1.42241,-0.00871,-2.63266,1.07058,1.57081,0.11675,-0.12762,-0.48150,0.03417,,,,,,,,,,,,,,,,,,,,,,,,,,0,0,0,0,0
60.4809,1783969912.2477,3,1,0.5000,-0.0000,1.42241,-0.00871,-2.63266,1.07058,1.57081,0.11675,-0.12762,-0.48150,0.03417,,,,,,,,,,,,,,,,,,,,,,,,,,0,0,0,0,0
60.4875,1783969912.2543,3,1,0.5000,-0.0000,1.42241,-0.00871,-2.63266,1.07058,1.57081,0.11675,-0.12762,-0.48150,0.03417,,,,,,,,,,,,,,,,,,,,,,,,,,0,0,0,0,0
60.4908,1783969912.2576,3,1,0.5000,-0.0000,1.42241,-0.00871,-2.63266,1.07058,1.57081,0.11675,-0.12762,-0.48150,0.03417,,,,,,,,,,,,,,,,,,,,,,,,,,0,0,0,0,0
60.5105,1783969912.2773,3,1,0.5000,-0.0000,1.42241,-0.00871,-2.63266,1.07058,1.57081,0.11675,-0.12762,-0.48150,0.03417,,,,,,,,,,,,,,,,,,,,,,,,,,0,0,0,0,0
60.5138,1783969912.2806,3,1,0.5000,-0.0000,1.42241,-0.00871,-2.63266,1.07058,1.57081,0.11675,-0.12762,-0.48150,0.03417,,,,,,,,,,,,,,,,,,,,,,,,,,0,0,0,0,0
60.5145,1783969912.2813,3,1,0.5000,-0.0000,1.42241,-0.00871,-2.63266,1.07058,1.57081,0.11675,-0.12762,-0.48150,0.03417,,,,,,,,,,,,,,,,,,,,,,,,,,0,0,0,0,0
60.5249,1783969912.2917,3,1,0.5000,-0.0000,1.42241,-0.00871,-2.63266,1.07058,1.57081,0.11675,-0.12762,-0.48150,0.03417,,,,,,,,,,,,,,,,,,,,,,,,,,0,0,0,0,0
60.5332,1783969912.3000,3,1,0.5000,-0.0000,1.42241,-0.00871,-2.63266,1.07058,1.57081,0.11675,-0.12762,-0.48150,0.03417,,,,,,,,,,,,,,,,,,,,,,,,,,0,0,0,0,0
60.5392,1783969912.3060,3,1,0.5000,-0.0000,1.42241,-0.00871,-2.63266,1.07058,1.57081,0.11675,-0.12762,-0.48150,0.03417,,,,,,,,,,,,,,,,,,,,,,,,,,0,0,0,0,0
60.5395,1783969912.3062,3,1,0.5000,-0.0000,1.42241,-0.00871,-2.63266,1.07058,1.57081,0.11675,-0.12762,-0.48150,0.03417,,,,,,,,,,,,,,,,,,,,,,,,,,0,0,0,0,0
60.5649,1783969912.3317,3,1,0.5000,-0.0000,1.42241,-0.00871,-2.63266,1.07058,1.57081,0.11675,-0.12762,-0.48150,0.03417,,,,,,,,,,,,,,,,,,,,,,,,,,0,0,0,0,0
60.5803,1783969912.3470,3,1,0.5000,-0.0000,1.42241,-0.00871,-2.63266,1.07058,1.57081,0.11675,-0.12762,-0.48150,0.03417,,,,,,,,,,,,,,,,,,,,,,,,,,0,0,0,0,0
60.5815,1783969912.3483,3,1,0.5000,-0.0000,1.42241,-0.00871,-2.63266,1.07058,1.57081,0.11675,-0.12762,-0.48150,0.03417,,,,,,,,,,,,,,,,,,,,,,,,,,0,0,0,0,0
60.5958,1783969912.3626,3,1,0.5000,-0.0000,1.42241,-0.00871,-2.63266,1.07058,1.57081,0.11675,-0.12762,-0.48150,0.03417,,,,,,,,,,,,,,,,,,,,,,,,,,0,0,0,0,0
60.6031,1783969912.3699,3,1,0.5000,-0.0000,1.42241,-0.00872,-2.63266,1.07059,1.57081,0.11675,-0.12762,-0.48150,0.03417,,,,,,,,,,,,,,,,,,,,,,,,,,0,0,0,0,0
60.6034,1783969912.3702,3,1,0.5000,-0.0000,1.42241,-0.00872,-2.63266,1.07059,1.57081,0.11675,-0.12762,-0.48150,0.03417,,,,,,,,,,,,,,,,,,,,,,,,,,0,0,0,0,0
60.6114,1783969912.3782,3,1,0.5000,-0.0000,1.42241,-0.00873,-2.63266,1.07060,1.57081,0.11675,-0.12762,-0.48150,0.03417,,,,,,,,,,,,,,,,,,,,,,,,,,0,0,0,0,0
60.6267,1783969912.3934,3,1,0.5000,-0.0000,1.42241,-0.00876,-2.63269,1.07064,1.57081,0.11675,-0.12762,-0.48149,0.03415,,,,,,,,,,,,,,,,,,,,,,,,,,0,0,0,0,0
60.6300,1783969912.3967,3,1,0.5000,-0.0000,1.42241,-0.00876,-2.63269,1.07064,1.57081,0.11675,-0.12762,-0.48149,0.03415,,,,,,,,,,,,,,,,,,,,,,,,,,0,0,0,0,0
60.6393,1783969912.4060,3,1,0.5000,-0.0000,1.42241,-0.00881,-2.63273,1.07071,1.57081,0.11675,-0.12763,-0.48146,0.03412,,,,,,,,,,,,,,,,,,,,,,,,,,0,0,0,0,0
60.6538,1783969912.4206,3,1,0.5000,-0.0000,1.42241,-0.00884,-2.63275,1.07074,1.57081,0.11675,-0.12763,-0.48146,0.03410,,,,,,,,,,,,,,,,,,,,,,,,,,0,0,0,0,0
60.6663,1783969912.4331,3,1,0.5000,-0.0000,1.42241,-0.00890,-2.63277,1.07080,1.57081,0.11675,-0.12763,-0.48144,0.03408,,,,,,,,,,,,,,,,,,,,,,,,,,0,0,0,0,0
60.6722,1783969912.4390,3,1,0.5000,-0.0000,1.42241,-0.00892,-2.63278,1.07083,1.57081,0.11675,-0.12763,-0.48144,0.03407,,,,,,,,,,,,,,,,,,,,,,,,,,0,0,0,0,0
60.6836,1783969912.4503,3,1,0.5000,-0.0000,1.42241,-0.00895,-2.63279,1.07086,1.57081,0.11675,-0.12763,-0.48143,0.03405,,,,,,,,,,,,,,,,,,,,,,,,,,0,0,0,0,0
60.6920,1783969912.4588,3,1,0.5000,-0.0000,1.42241,-0.00898,-2.63280,1.07090,1.57081,0.11675,-0.12763,-0.48144,0.03404,,,,,,,,,,,,,,,,,,,,,,,,,,0,0,0,0,0
60.6923,1783969912.4590,3,1,0.5000,-0.0000,1.42241,-0.00898,-2.63280,1.07090,1.57081,0.11675,-0.12763,-0.48144,0.03404,,,,,,,,,,,,,,,,,,,,,,,,,,0,0,0,0,0
60.7059,1783969912.4727,3,1,0.5000,-0.0000,1.42241,-0.00904,-2.63281,1.07097,1.57081,0.11675,-0.12763,-0.48144,0.03402,,,,,,,,,,,,,,,,,,,,,,,,,,0,0,0,0,0
60.7146,1783969912.4813,3,1,0.5000,-0.0000,1.42241,-0.00910,-2.63282,1.07105,1.57081,0.11675,-0.12763,-0.48144,0.03400,,,,,,,,,,,,,,,,,,,,,,,,,,0,0,0,0,0
60.7300,1783969912.4968,3,1,0.5000,-0.0000,1.42241,-0.00925,-2.63284,1.07122,1.57081,0.11675,-0.12763,-0.48144,0.03396,,,,,,,,,,,,,,,,,,,,,,,,,,0,0,0,0,0
60.7308,1783969912.4976,3,1,0.5000,-0.0000,1.42241,-0.00931,-2.63285,1.07129,1.57081,0.11675,-0.12763,-0.48145,0.03394,,,,,,,,,,,,,,,,,,,,,,,,,,0,0,0,0,0
60.7310,1783969912.4978,3,1,0.5000,-0.0000,1.42241,-0.00931,-2.63285,1.07129,1.57081,0.11675,-0.12763,-0.48145,0.03394,,,,,,,,,,,,,,,,,,,,,,,,,,0,0,0,0,0
60.7408,1783969912.5076,3,1,0.5000,-0.0000,1.42241,-0.00931,-2.63285,1.07130,1.57081,0.11675,-0.12763,-0.48145,0.03394,,,,,,,,,,,,,,,,,,,,,,,,,,0,0,0,0,0
60.7495,1783969912.5163,3,1,0.5000,-0.0000,1.42241,-0.00935,-2.63286,1.07135,1.57081,0.11675,-0.12763,-0.48145,0.03392,,,,,,,,,,,,,,,,,,,,,,,,,,0,0,0,0,0
60.7591,1783969912.5259,3,1,0.5000,-0.0000,1.42241,-0.00947,-2.63288,1.07149,1.57081,0.11675,-0.12763,-0.48146,0.03389,,,,,,,,,,,,,,,,,,,,,,,,,,0,0,0,0,0
60.7595,1783969912.5263,3,1,0.5000,-0.0000,1.42241,-0.00947,-2.63288,1.07149,1.57081,0.11675,-0.12763,-0.48146,0.03389,,,,,,,,,,,,,,,,,,,,,,,,,,0,0,0,0,0
60.7701,1783969912.5369,3,1,0.5000,-0.0000,1.42241,-0.00957,-2.63289,1.07161,1.57081,0.11675,-0.12762,-0.48146,0.03386,,,,,,,,,,,,,,,,,,,,,,,,,,0,0,0,0,0
60.7807,1783969912.5475,3,1,0.5000,-0.0000,1.42241,-0.00972,-2.63291,1.07179,1.57081,0.11675,-0.12762,-0.48147,0.03382,,,,,,,,,,,,,,,,,,,,,,,,,,0,0,0,0,0
60.7899,1783969912.5567,3,1,0.5000,-0.0000,1.42241,-0.00980,-2.63292,1.07189,1.57081,0.11675,-0.12762,-0.48148,0.03379,,,,,,,,,,,,,,,,,,,,,,,,,,0,0,0,0,0
60.8107,1783969912.5775,3,1,0.5000,-0.0000,1.42241,-0.00986,-2.63293,1.07197,1.57081,0.11675,-0.12762,-0.48148,0.03377,,,,,,,,,,,,,,,,,,,,,,,,,,0,0,0,0,0
60.8125,1783969912.5793,3,1,0.5000,-0.0000,1.42241,-0.00986,-2.63293,1.07197,1.57081,0.11675,-0.12762,-0.48148,0.03377,,,,,,,,,,,,,,,,,,,,,,,,,,0,0,0,0,0
60.8129,1783969912.5797,3,1,0.5000,-0.0000,1.42241,-0.00986,-2.63293,1.07197,1.57081,0.11675,-0.12762,-0.48148,0.03377,,,,,,,,,,,,,,,,,,,,,,,,,,0,0,0,0,0
60.8235,1783969912.5902,3,1,0.5000,-0.0000,1.42241,-0.00986,-2.63293,1.07197,1.57081,0.11675,-0.12762,-0.48148,0.03377,,,,,,,,,,,,,,,,,,,,,,,,,,0,0,0,0,0
60.8306,1783969912.5974,3,1,0.5000,-0.0000,1.42241,-0.00986,-2.63293,1.07197,1.57081,0.11675,-0.12762,-0.48148,0.03377,,,,,,,,,,,,,,,,,,,,,,,,,,0,0,0,0,0
60.8455,1783969912.6123,3,1,0.5000,-0.0000,1.42241,-0.00986,-2.63293,1.07197,1.57081,0.11675,-0.12762,-0.48148,0.03377,,,,,,,,,,,,,,,,,,,,,,,,,,0,0,0,0,0
60.8461,1783969912.6129,3,1,0.5000,-0.0000,1.42241,-0.00986,-2.63293,1.07197,1.57081,0.11675,-0.12762,-0.48148,0.03377,,,,,,,,,,,,,,,,,,,,,,,,,,0,0,0,0,0
60.8555,1783969912.6223,3,1,0.5000,-0.0000,1.42241,-0.00986,-2.63293,1.07197,1.57081,0.11675,-0.12762,-0.48148,0.03377,,,,,,,,,,,,,,,,,,,,,,,,,,0,0,0,0,0
60.8608,1783969912.6276,3,1,0.5000,-0.0000,1.42241,-0.00986,-2.63293,1.07197,1.57081,0.11675,-0.12762,-0.48148,0.03377,,,,,,,,,,,,,,,,,,,,,,,,,,0,0,0,0,0
60.8726,1783969912.6394,3,1,0.5000,-0.0000,1.42241,-0.00986,-2.63293,1.07197,1.57081,0.11675,-0.12762,-0.48148,0.03377,,,,,,,,,,,,,,,,,,,,,,,,,,0,0,0,0,0
60.8818,1783969912.6486,3,1,0.5000,-0.0000,1.42241,-0.00986,-2.63293,1.07197,1.57081,0.11675,-0.12762,-0.48148,0.03377,,,,,,,,,,,,,,,,,,,,,,,,,,0,0,0,0,0
60.8961,1783969912.6629,3,1,0.5000,-0.0000,1.42241,-0.00986,-2.63293,1.07197,1.57081,0.11675,-0.12762,-0.48148,0.03377,,,,,,,,,,,,,,,,,,,,,,,,,,0,0,0,0,0
60.9036,1783969912.6704,3,1,0.5000,-0.0000,1.42241,-0.00986,-2.63293,1.07197,1.57081,0.11675,-0.12762,-0.48148,0.03377,,,,,,,,,,,,,,,,,,,,,,,,,,0,0,0,0,0
60.9040,1783969912.6708,3,1,0.5000,-0.0000,1.42241,-0.00986,-2.63293,1.07197,1.57081,0.11675,-0.12762,-0.48148,0.03377,,,,,,,,,,,,,,,,,,,,,,,,,,0,0,0,0,0
60.9108,1783969912.6775,3,1,0.5000,-0.0000,1.42241,-0.00986,-2.63293,1.07197,1.57081,0.11675,-0.12762,-0.48148,0.03377,,,,,,,,,,,,,,,,,,,,,,,,,,0,0,0,0,0
60.9199,1783969912.6867,3,1,0.5000,-0.0000,1.42241,-0.00986,-2.63293,1.07197,1.57081,0.11675,-0.12762,-0.48148,0.03377,,,,,,,,,,,,,,,,,,,,,,,,,,0,0,0,0,0
61.0066,1783969912.7734,3,1,0.5000,-0.0000,1.42241,-0.00986,-2.63293,1.07197,1.57081,0.11675,-0.12762,-0.48148,0.03377,,,,,,,,,,,,,,,,,,,,,,,,,,0,0,0,0,0
61.0070,1783969912.7737,3,1,0.5000,-0.0000,1.42241,-0.00986,-2.63293,1.07197,1.57081,0.11675,-0.12762,-0.48148,0.03377,,,,,,,,,,,,,,,,,,,,,,,,,,0,0,0,0,0
61.0132,1783969912.7800,3,1,0.5000,-0.0000,1.42241,-0.00987,-2.63293,1.07198,1.57081,0.11675,-0.12762,-0.48148,0.03377,,,,,,,,,,,,,,,,,,,,,,,,,,0,0,0,0,0
61.0145,1783969912.7813,3,1,0.5000,-0.0000,1.42241,-0.00987,-2.63292,1.07198,1.57081,0.11675,-0.12762,-0.48149,0.03377,,,,,,,,,,,,,,,,,,,,,,,,,,0,0,0,0,0
61.0148,1783969912.7815,3,1,0.5000,-0.0000,1.42241,-0.00987,-2.63292,1.07198,1.57081,0.11675,-0.12762,-0.48149,0.03377,,,,,,,,,,,,,,,,,,,,,,,,,,0,0,0,0,0
61.0154,1783969912.7821,3,1,0.5000,-0.0000,1.42241,-0.00987,-2.63292,1.07198,1.57081,0.11675,-0.12762,-0.48149,0.03377,,,,,,,,,,,,,,,,,,,,,,,,,,0,0,0,0,0
61.0156,1783969912.7824,3,1,0.5000,-0.0000,1.42241,-0.00987,-2.63292,1.07198,1.57081,0.11675,-0.12762,-0.48149,0.03377,,,,,,,,,,,,,,,,,,,,,,,,,,0,0,0,0,0
61.0171,1783969912.7838,3,1,0.5000,-0.0000,1.42241,-0.00987,-2.63292,1.07198,1.57081,0.11675,-0.12762,-0.48149,0.03377,,,,,,,,,,,,,,,,,,,,,,,,,,0,0,0,0,0
61.0173,1783969912.7841,3,1,0.5000,-0.0000,1.42241,-0.00987,-2.63292,1.07198,1.57081,0.11675,-0.12762,-0.48149,0.03377,,,,,,,,,,,,,,,,,,,,,,,,,,0,0,0,0,0
61.0176,1783969912.7844,3,1,0.5000,-0.0000,1.42241,-0.00987,-2.63292,1.07198,1.57081,0.11675,-0.12762,-0.48149,0.03377,,,,,,,,,,,,,,,,,,,,,,,,,,0,0,0,0,0
61.0212,1783969912.7879,3,1,0.5000,-0.0000,1.42241,-0.00988,-2.63292,1.07199,1.57081,0.11675,-0.12762,-0.48149,0.03377,,,,,,,,,,,,,,,,,,,,,,,,,,0,0,0,0,0
61.0215,1783969912.7883,3,1,0.5000,-0.0000,1.42241,-0.00988,-2.63292,1.07199,1.57081,0.11675,-0.12762,-0.48149,0.03377,,,,,,,,,,,,,,,,,,,,,,,,,,0,0,0,0,0
61.0371,1783969912.8039,3,1,0.5000,-0.0000,1.42241,-0.00991,-2.63292,1.07204,1.57081,0.11675,-0.12762,-0.48150,0.03377,,,,,,,,,,,,,,,,,,,,,,,,,,0,0,0,0,0
61.0450,1783969912.8118,3,1,0.5000,-0.0000,1.42241,-0.00991,-2.63293,1.07205,1.57081,0.11675,-0.12762,-0.48149,0.03376,,,,,,,,,,,,,,,,,,,,,,,,,,0,0,0,0,0
61.0455,1783969912.8123,3,1,0.5000,-0.0000,1.42241,-0.00991,-2.63293,1.07205,1.57081,0.11675,-0.12762,-0.48149,0.03376,,,,,,,,,,,,,,,,,,,,,,,,,,0,0,0,0,0
61.0515,1783969912.8183,3,1,0.5000,-0.0000,1.42241,-0.00994,-2.63295,1.07207,1.57081,0.11675,-0.12762,-0.48148,0.03375,,,,,,,,,,,,,,,,,,,,,,,,,,0,0,0,0,0
61.0643,1783969912.8310,3,1,0.5000,-0.0000,1.42241,-0.01000,-2.63299,1.07214,1.57081,0.11675,-0.12762,-0.48146,0.03372,,,,,,,,,,,,,,,,,,,,,,,,,,0,0,0,0,0
61.0694,1783969912.8361,3,1,0.5000,-0.0000,1.42241,-0.01002,-2.63300,1.07217,1.57081,0.11675,-0.12762,-0.48146,0.03370,,,,,,,,,,,,,,,,,,,,,,,,,,0,0,0,0,0
61.0697,1783969912.8364,3,1,0.5000,-0.0000,1.42241,-0.01002,-2.63300,1.07217,1.57081,0.11675,-0.12762,-0.48146,0.03370,,,,,,,,,,,,,,,,,,,,,,,,,,0,0,0,0,0
61.0795,1783969912.8462,3,1,0.5000,-0.0000,1.42241,-0.01010,-2.63306,1.07227,1.57081,0.11675,-0.12763,-0.48143,0.03366,,,,,,,,,,,,,,,,,,,,,,,,,,0,0,0,0,0
61.0929,1783969912.8597,3,1,0.5000,-0.0000,1.42241,-0.01019,-2.63311,1.07237,1.57081,0.11675,-0.12763,-0.48140,0.03361,,,,,,,,,,,,,,,,,,,,,,,,,,0,0,0,0,0
61.1106,1783969912.8773,3,1,0.5000,-0.0000,1.42240,-0.01022,-2.63311,1.07240,1.57081,0.11675,-0.12763,-0.48140,0.03360,,,,,,,,,,,,,,,,,,,,,,,,,,0,0,0,0,0
61.1113,1783969912.8781,3,1,0.5000,-0.0000,1.42240,-0.01024,-2.63311,1.07242,1.57081,0.11675,-0.12763,-0.48140,0.03360,,,,,,,,,,,,,,,,,,,,,,,,,,0,0,0,0,0
61.1164,1783969912.8832,3,1,0.5000,-0.0000,1.42240,-0.01026,-2.63311,1.07245,1.57081,0.11675,-0.12763,-0.48141,0.03359,,,,,,,,,,,,,,,,,,,,,,,,,,0,0,0,0,0
61.1223,1783969912.8891,3,1,0.5000,-0.0000,1.42240,-0.01029,-2.63312,1.07248,1.57081,0.11675,-0.12763,-0.48141,0.03359,,,,,,,,,,,,,,,,,,,,,,,,,,0,0,0,0,0
61.1307,1783969912.8975,3,1,0.5000,-0.0000,1.42240,-0.01035,-2.63312,1.07256,1.57081,0.11675,-0.12763,-0.48142,0.03357,,,,,,,,,,,,,,,,,,,,,,,,,,0,0,0,0,0
61.1402,1783969912.9070,3,1,0.5000,-0.0000,1.42240,-0.01037,-2.63312,1.07259,1.57081,0.11675,-0.12763,-0.48142,0.03356,,,,,,,,,,,,,,,,,,,,,,,,,,0,0,0,0,0
61.1512,1783969912.9180,3,1,0.5000,-0.0000,1.42240,-0.01046,-2.63313,1.07269,1.57081,0.11675,-0.12763,-0.48143,0.03354,,,,,,,,,,,,,,,,,,,,,,,,,,0,0,0,0,0
61.1604,1783969912.9272,3,1,0.5000,-0.0000,1.42240,-0.01047,-2.63313,1.07270,1.57081,0.11675,-0.12763,-0.48143,0.03354,,,,,,,,,,,,,,,,,,,,,,,,,,0,0,0,0,0
61.1696,1783969912.9364,3,1,0.5000,-0.0000,1.42240,-0.01051,-2.63313,1.07275,1.57081,0.11675,-0.12763,-0.48143,0.03352,,,,,,,,,,,,,,,,,,,,,,,,,,0,0,0,0,0
61.1831,1783969912.9499,3,1,0.5000,-0.0000,1.42240,-0.01069,-2.63315,1.07296,1.57081,0.11675,-0.12762,-0.48145,0.03347,,,,,,,,,,,,,,,,,,,,,,,,,,0,0,0,0,0
61.1948,1783969912.9615,3,1,0.5000,-0.0000,1.42240,-0.01071,-2.63315,1.07298,1.57081,0.11675,-0.12762,-0.48145,0.03347,,,,,,,,,,,,,,,,,,,,,,,,,,0,0,0,0,0
61.1951,1783969912.9619,3,1,0.5000,-0.0000,1.42240,-0.01071,-2.63315,1.07298,1.57081,0.11675,-0.12762,-0.48145,0.03347,,,,,,,,,,,,,,,,,,,,,,,,,,0,0,0,0,0
61.2069,1783969912.9737,3,1,0.5000,-0.0000,1.42240,-0.01079,-2.63315,1.07308,1.57081,0.11674,-0.12762,-0.48146,0.03345,,,,,,,,,,,,,,,,,,,,,,,,,,0,0,0,0,0
61.2073,1783969912.9741,3,1,0.5000,-0.0000,1.42240,-0.01079,-2.63315,1.07308,1.57081,0.11674,-0.12762,-0.48146,0.03345,,,,,,,,,,,,,,,,,,,,,,,,,,0,0,0,0,0
61.2108,1783969912.9776,3,1,0.5000,-0.0000,1.42240,-0.01082,-2.63315,1.07313,1.57081,0.11674,-0.12762,-0.48147,0.03344,,,,,,,,,,,,,,,,,,,,,,,,,,0,0,0,0,0
61.2210,1783969912.9878,3,1,0.5000,-0.0000,1.42240,-0.01090,-2.63315,1.07322,1.57081,0.11674,-0.12762,-0.48148,0.03342,,,,,,,,,,,,,,,,,,,,,,,,,,0,0,0,0,0
61.2441,1783969913.0109,3,1,0.5000,-0.0000,1.42240,-0.01110,-2.63312,1.07348,1.57081,0.11674,-0.12761,-0.48154,0.03339,,,,,,,,,,,,,,,,,,,,,,,,,,0,0,0,0,0
61.2513,1783969913.0180,3,1,0.5000,-0.0000,1.42240,-0.01112,-2.63312,1.07350,1.57081,0.11674,-0.12761,-0.48154,0.03339,,,,,,,,,,,,,,,,,,,,,,,,,,0,0,0,0,0
61.2563,1783969913.0231,3,1,0.5000,-0.0000,1.42240,-0.01112,-2.63312,1.07350,1.57081,0.11674,-0.12761,-0.48154,0.03339,,,,,,,,,,,,,,,,,,,,,,,,,,0,0,0,0,0
61.2595,1783969913.0263,3,1,0.5000,-0.0000,1.42240,-0.01112,-2.63312,1.07350,1.57081,0.11674,-0.12761,-0.48154,0.03339,,,,,,,,,,,,,,,,,,,,,,,,,,0,0,0,0,0
61.2708,1783969913.0376,3,1,0.5000,-0.0000,1.42240,-0.01112,-2.63312,1.07350,1.57081,0.11674,-0.12761,-0.48154,0.03339,,,,,,,,,,,,,,,,,,,,,,,,,,0,0,0,0,0
61.2829,1783969913.0497,3,1,0.5000,-0.0000,1.42240,-0.01112,-2.63312,1.07350,1.57081,0.11674,-0.12761,-0.48154,0.03339,,,,,,,,,,,,,,,,,,,,,,,,,,0,0,0,0,0
61.2933,1783969913.0600,3,1,0.5000,-0.0000,1.42240,-0.01112,-2.63312,1.07350,1.57081,0.11674,-0.12761,-0.48154,0.03339,,,,,,,,,,,,,,,,,,,,,,,,,,0,0,0,0,0
61.2936,1783969913.0604,3,1,0.5000,-0.0000,1.42240,-0.01112,-2.63312,1.07350,1.57081,0.11674,-0.12761,-0.48154,0.03339,,,,,,,,,,,,,,,,,,,,,,,,,,0,0,0,0,0
61.3023,1783969913.0691,3,1,0.5000,-0.0000,1.42240,-0.01112,-2.63312,1.07350,1.57081,0.11674,-0.12761,-0.48154,0.03339,,,,,,,,,,,,,,,,,,,,,,,,,,0,0,0,0,0
61.3197,1783969913.0864,3,1,0.5000,-0.0000,1.42240,-0.01112,-2.63312,1.07350,1.57081,0.11674,-0.12761,-0.48154,0.03339,,,,,,,,,,,,,,,,,,,,,,,,,,0,0,0,0,0
61.3211,1783969913.0879,3,1,0.5000,-0.0000,1.42240,-0.01112,-2.63312,1.07350,1.57081,0.11674,-0.12761,-0.48154,0.03339,,,,,,,,,,,,,,,,,,,,,,,,,,0,0,0,0,0
61.3336,1783969913.1003,3,1,0.5000,-0.0000,1.42240,-0.01112,-2.63312,1.07350,1.57081,0.11674,-0.12761,-0.48154,0.03339,,,,,,,,,,,,,,,,,,,,,,,,,,0,0,0,0,0
61.3414,1783969913.1081,3,1,0.5000,-0.0000,1.42240,-0.01112,-2.63312,1.07350,1.57081,0.11674,-0.12761,-0.48154,0.03339,,,,,,,,,,,,,,,,,,,,,,,,,,0,0,0,0,0
61.3540,1783969913.1207,3,1,0.5000,-0.0000,1.42240,-0.01112,-2.63312,1.07350,1.57081,0.11674,-0.12761,-0.48154,0.03339,,,,,,,,,,,,,,,,,,,,,,,,,,0,0,0,0,0
61.3649,1783969913.1316,3,1,0.5000,-0.0000,1.42240,-0.01112,-2.63312,1.07350,1.57081,0.11674,-0.12761,-0.48154,0.03339,,,,,,,,,,,,,,,,,,,,,,,,,,0,0,0,0,0
61.3729,1783969913.1396,3,1,0.5000,-0.0000,1.42240,-0.01112,-2.63312,1.07350,1.57081,0.11674,-0.12761,-0.48154,0.03339,,,,,,,,,,,,,,,,,,,,,,,,,,0,0,0,0,0
61.3822,1783969913.1490,3,1,0.5000,-0.0000,1.42240,-0.01112,-2.63312,1.07350,1.57081,0.11674,-0.12761,-0.48154,0.03339,,,,,,,,,,,,,,,,,,,,,,,,,,0,0,0,0,0
61.3903,1783969913.1571,3,1,0.5000,-0.0000,1.42240,-0.01112,-2.63312,1.07350,1.57081,0.11674,-0.12761,-0.48154,0.03339,,,,,,,,,,,,,,,,,,,,,,,,,,0,0,0,0,0
61.3910,1783969913.1578,3,1,0.5000,-0.0000,1.42240,-0.01112,-2.63312,1.07350,1.57081,0.11674,-0.12761,-0.48154,0.03339,,,,,,,,,,,,,,,,,,,,,,,,,,0,0,0,0,0
61.4005,1783969913.1673,3,1,0.5000,-0.0000,1.42240,-0.01112,-2.63312,1.07350,1.57081,0.11674,-0.12761,-0.48154,0.03339,,,,,,,,,,,,,,,,,,,,,,,,,,0,0,0,0,0
61.4110,1783969913.1778,3,1,0.5000,-0.0000,1.42240,-0.01112,-2.63312,1.07350,1.57081,0.11674,-0.12761,-0.48154,0.03339,,,,,,,,,,,,,,,,,,,,,,,,,,0,0,0,0,0
61.4223,1783969913.1891,3,1,0.5000,-0.0000,1.42240,-0.01112,-2.63312,1.07350,1.57081,0.11674,-0.12761,-0.48154,0.03339,,,,,,,,,,,,,,,,,,,,,,,,,,0,0,0,0,0
61.4228,1783969913.1895,3,1,0.5000,-0.0000,1.42240,-0.01112,-2.63312,1.07350,1.57081,0.11674,-0.12761,-0.48154,0.03339,,,,,,,,,,,,,,,,,,,,,,,,,,0,0,0,0,0
61.4297,1783969913.1964,3,1,0.5000,-0.0000,1.42240,-0.01112,-2.63312,1.07350,1.57081,0.11674,-0.12761,-0.48154,0.03339,,,,,,,,,,,,,,,,,,,,,,,,,,0,0,0,0,0
61.4606,1783969913.2273,3,1,0.5000,-0.0000,1.42240,-0.01113,-2.63314,1.07352,1.57081,0.11674,-0.12761,-0.48153,0.03338,,,,,,,,,,,,,,,,,,,,,,,,,,0,0,0,0,0
61.4616,1783969913.2284,3,1,0.5000,-0.0000,1.42240,-0.01113,-2.63314,1.07352,1.57081,0.11674,-0.12761,-0.48153,0.03338,,,,,,,,,,,,,,,,,,,,,,,,,,0,0,0,0,0
61.4620,1783969913.2288,3,1,0.5000,-0.0000,1.42240,-0.01113,-2.63314,1.07352,1.57081,0.11674,-0.12761,-0.48153,0.03338,,,,,,,,,,,,,,,,,,,,,,,,,,0,0,0,0,0
61.4740,1783969913.2407,3,1,0.5000,-0.0000,1.42240,-0.01115,-2.63316,1.07355,1.57081,0.11674,-0.12761,-0.48152,0.03336,,,,,,,,,,,,,,,,,,,,,,,,,,0,0,0,0,0
61.4859,1783969913.2526,3,1,0.5000,-0.0000,1.42240,-0.01119,-2.63321,1.07360,1.57081,0.11674,-0.12762,-0.48149,0.03333,,,,,,,,,,,,,,,,,,,,,,,,,,0,0,0,0,0
61.4892,1783969913.2559,3,1,0.5000,-0.0000,1.42240,-0.01119,-2.63321,1.07360,1.57081,0.11674,-0.12762,-0.48149,0.03333,,,,,,,,,,,,,,,,,,,,,,,,,,0,0,0,0,0
61.4895,1783969913.2563,3,1,0.5000,-0.0000,1.42240,-0.01119,-2.63321,1.07360,1.57081,0.11674,-0.12762,-0.48149,0.03333,,,,,,,,,,,,,,,,,,,,,,,,,,0,0,0,0,0
61.5027,1783969913.2694,3,1,0.5000,-0.0000,1.42240,-0.01123,-2.63323,1.07364,1.57081,0.11674,-0.12762,-0.48148,0.03331,,,,,,,,,,,,,,,,,,,,,,,,,,0,0,0,0,0
61.5139,1783969913.2806,3,1,0.5000,-0.0000,1.42240,-0.01125,-2.63325,1.07366,1.57081,0.11674,-0.12762,-0.48147,0.03330,,,,,,,,,,,,,,,,,,,,,,,,,,0,0,0,0,0
61.5268,1783969913.2936,3,1,0.5000,-0.0000,1.42240,-0.01131,-2.63327,1.07374,1.57081,0.11674,-0.12762,-0.48146,0.03328,,,,,,,,,,,,,,,,,,,,,,,,,,0,0,0,0,0
61.5313,1783969913.2981,3,1,0.5000,-0.0000,1.42240,-0.01134,-2.63328,1.07377,1.57081,0.11674,-0.12762,-0.48146,0.03327,,,,,,,,,,,,,,,,,,,,,,,,,,0,0,0,0,0
61.5317,1783969913.2984,3,1,0.5000,-0.0000,1.42240,-0.01134,-2.63328,1.07377,1.57081,0.11674,-0.12762,-0.48146,0.03327,,,,,,,,,,,,,,,,,,,,,,,,,,0,0,0,0,0
61.5395,1783969913.3063,3,1,0.5000,-0.0000,1.42240,-0.01141,-2.63330,1.07386,1.57081,0.11674,-0.12762,-0.48146,0.03324,,,,,,,,,,,,,,,,,,,,,,,,,,0,0,0,0,0
61.5399,1783969913.3067,3,1,0.5000,-0.0000,1.42240,-0.01141,-2.63330,1.07386,1.57081,0.11674,-0.12762,-0.48146,0.03324,,,,,,,,,,,,,,,,,,,,,,,,,,0,0,0,0,0
61.5560,1783969913.3228,3,1,0.5000,-0.0000,1.42240,-0.01147,-2.63332,1.07393,1.57081,0.11674,-0.12762,-0.48145,0.03322,,,,,,,,,,,,,,,,,,,,,,,,,,0,0,0,0,0
61.5720,1783969913.3388,3,1,0.5000,-0.0000,1.42240,-0.01160,-2.63334,1.07409,1.57081,0.11674,-0.12762,-0.48145,0.03317,,,,,,,,,,,,,,,,,,,,,,,,,,0,0,0,0,0
61.5750,1783969913.3418,3,1,0.5000,-0.0000,1.42240,-0.01165,-2.63335,1.07415,1.57081,0.11674,-0.12762,-0.48145,0.03316,,,,,,,,,,,,,,,,,,,,,,,,,,0,0,0,0,0
61.5754,1783969913.3421,3,1,0.5000,-0.0000,1.42240,-0.01165,-2.63335,1.07415,1.57081,0.11674,-0.12762,-0.48145,0.03316,,,,,,,,,,,,,,,,,,,,,,,,,,0,0,0,0,0
61.5795,1783969913.3463,3,1,0.5000,-0.0000,1.42240,-0.01165,-2.63335,1.07415,1.57081,0.11674,-0.12762,-0.48145,0.03316,,,,,,,,,,,,,,,,,,,,,,,,,,0,0,0,0,0
61.5939,1783969913.3607,3,1,0.5000,-0.0000,1.42240,-0.01170,-2.63336,1.07420,1.57081,0.11674,-0.12762,-0.48146,0.03314,,,,,,,,,,,,,,,,,,,,,,,,,,0,0,0,0,0
61.6056,1783969913.3724,3,1,0.5000,-0.0000,1.42240,-0.01177,-2.63337,1.07429,1.57081,0.11674,-0.12762,-0.48146,0.03312,,,,,,,,,,,,,,,,,,,,,,,,,,0,0,0,0,0
61.6153,1783969913.3821,3,1,0.5000,-0.0000,1.42240,-0.01182,-2.63338,1.07435,1.57081,0.11674,-0.12762,-0.48146,0.03310,,,,,,,,,,,,,,,,,,,,,,,,,,0,0,0,0,0
61.6232,1783969913.3900,3,1,0.5000,-0.0000,1.42240,-0.01190,-2.63339,1.07445,1.57081,0.11674,-0.12762,-0.48147,0.03308,,,,,,,,,,,,,,,,,,,,,,,,,,0,0,0,0,0
61.6298,1783969913.3966,3,1,0.5000,-0.0000,1.42240,-0.01194,-2.63339,1.07450,1.57081,0.11674,-0.12762,-0.48147,0.03307,,,,,,,,,,,,,,,,,,,,,,,,,,0,0,0,0,0
61.6518,1783969913.4185,3,1,0.5000,-0.0000,1.42240,-0.01223,-2.63341,1.07485,1.57081,0.11674,-0.12761,-0.48151,0.03299,,,,,,,,,,,,,,,,,,,,,,,,,,0,0,0,0,0
61.6600,1783969913.4268,3,1,0.5000,-0.0000,1.42240,-0.01229,-2.63341,1.07493,1.57081,0.11674,-0.12761,-0.48152,0.03298,,,,,,,,,,,,,,,,,,,,,,,,,,0,0,0,0,0
61.6627,1783969913.4295,3,1,0.5000,-0.0000,1.42240,-0.01230,-2.63341,1.07495,1.57081,0.11674,-0.12761,-0.48152,0.03298,,,,,,,,,,,,,,,,,,,,,,,,,,0,0,0,0,0
61.6799,1783969913.4466,3,1,0.5000,-0.0000,1.42240,-0.01230,-2.63341,1.07495,1.57081,0.11674,-0.12761,-0.48152,0.03298,,,,,,,,,,,,,,,,,,,,,,,,,,0,0,0,0,0
61.6812,1783969913.4480,3,1,0.5000,-0.0000,1.42240,-0.01230,-2.63341,1.07495,1.57081,0.11674,-0.12761,-0.48152,0.03298,,,,,,,,,,,,,,,,,,,,,,,,,,0,0,0,0,0
61.6903,1783969913.4571,3,1,0.5000,-0.0000,1.42240,-0.01230,-2.63341,1.07495,1.57081,0.11674,-0.12761,-0.48152,0.03298,,,,,,,,,,,,,,,,,,,,,,,,,,0,0,0,0,0
61.6910,1783969913.4577,3,1,0.5000,-0.0000,1.42240,-0.01230,-2.63341,1.07495,1.57081,0.11674,-0.12761,-0.48152,0.03298,,,,,,,,,,,,,,,,,,,,,,,,,,0,0,0,0,0
61.6993,1783969913.4660,3,1,0.5000,-0.0000,1.42240,-0.01230,-2.63341,1.07495,1.57081,0.11674,-0.12761,-0.48152,0.03298,,,,,,,,,,,,,,,,,,,,,,,,,,0,0,0,0,0
61.7117,1783969913.4785,3,1,0.5000,-0.0000,1.42240,-0.01230,-2.63341,1.07495,1.57081,0.11674,-0.12761,-0.48152,0.03298,,,,,,,,,,,,,,,,,,,,,,,,,,0,0,0,0,0
61.7342,1783969913.5010,3,1,0.5000,-0.0000,1.42240,-0.01230,-2.63341,1.07495,1.57081,0.11674,-0.12761,-0.48152,0.03298,,,,,,,,,,,,,,,,,,,,,,,,,,0,0,0,0,0
61.7345,1783969913.5013,3,1,0.5000,-0.0000,1.42240,-0.01230,-2.63341,1.07495,1.57081,0.11674,-0.12761,-0.48152,0.03298,,,,,,,,,,,,,,,,,,,,,,,,,,0,0,0,0,0
61.7393,1783969913.5061,3,1,0.5000,-0.0000,1.42240,-0.01230,-2.63341,1.07495,1.57081,0.11674,-0.12761,-0.48152,0.03298,,,,,,,,,,,,,,,,,,,,,,,,,,0,0,0,0,0
61.7395,1783969913.5063,3,1,0.5000,-0.0000,1.42240,-0.01230,-2.63341,1.07495,1.57081,0.11674,-0.12761,-0.48152,0.03298,,,,,,,,,,,,,,,,,,,,,,,,,,0,0,0,0,0
61.7405,1783969913.5073,3,1,0.5000,-0.0000,1.42240,-0.01230,-2.63341,1.07495,1.57081,0.11674,-0.12761,-0.48152,0.03298,,,,,,,,,,,,,,,,,,,,,,,,,,0,0,0,0,0
61.7408,1783969913.5076,3,1,0.5000,-0.0000,1.42240,-0.01230,-2.63341,1.07495,1.57081,0.11674,-0.12761,-0.48152,0.03298,,,,,,,,,,,,,,,,,,,,,,,,,,0,0,0,0,0
61.7552,1783969913.5220,3,1,0.5000,-0.0000,1.42240,-0.01230,-2.63341,1.07495,1.57081,0.11674,-0.12761,-0.48152,0.03298,,,,,,,,,,,,,,,,,,,,,,,,,,0,0,0,0,0
61.7555,1783969913.5223,3,1,0.5000,-0.0000,1.42240,-0.01230,-2.63341,1.07495,1.57081,0.11674,-0.12761,-0.48152,0.03298,,,,,,,,,,,,,,,,,,,,,,,,,,0,0,0,0,0
61.7638,1783969913.5305,3,1,0.5000,-0.0000,1.42240,-0.01230,-2.63341,1.07495,1.57081,0.11674,-0.12761,-0.48152,0.03298,,,,,,,,,,,,,,,,,,,,,,,,,,0,0,0,0,0
61.7900,1783969913.5568,3,1,0.5000,-0.0000,1.42240,-0.01230,-2.63341,1.07495,1.57081,0.11674,-0.12761,-0.48152,0.03298,,,,,,,,,,,,,,,,,,,,,,,,,,0,0,0,0,0
61.7935,1783969913.5603,3,1,0.5000,-0.0000,1.42240,-0.01230,-2.63341,1.07495,1.57081,0.11674,-0.12761,-0.48152,0.03298,,,,,,,,,,,,,,,,,,,,,,,,,,0,0,0,0,0
61.7938,1783969913.5606,3,1,0.5000,-0.0000,1.42240,-0.01230,-2.63341,1.07495,1.57081,0.11674,-0.12761,-0.48152,0.03298,,,,,,,,,,,,,,,,,,,,,,,,,,0,0,0,0,0
61.8103,1783969913.5771,3,1,0.5000,-0.0000,1.42240,-0.01230,-2.63341,1.07495,1.57081,0.11674,-0.12761,-0.48152,0.03298,,,,,,,,,,,,,,,,,,,,,,,,,,0,0,0,0,0
61.8174,1783969913.5841,3,1,0.5000,-0.0000,1.42240,-0.01230,-2.63341,1.07495,1.57081,0.11674,-0.12761,-0.48152,0.03298,,,,,,,,,,,,,,,,,,,,,,,,,,0,0,0,0,0
61.8248,1783969913.5916,3,1,0.5000,-0.0000,1.42240,-0.01230,-2.63341,1.07495,1.57081,0.11674,-0.12761,-0.48152,0.03298,,,,,,,,,,,,,,,,,,,,,,,,,,0,0,0,0,0
61.8321,1783969913.5989,3,1,0.5000,-0.0000,1.42240,-0.01230,-2.63341,1.07495,1.57081,0.11674,-0.12761,-0.48152,0.03298,,,,,,,,,,,,,,,,,,,,,,,,,,0,0,0,0,0
61.8420,1783969913.6088,3,1,0.5000,-0.0000,1.42240,-0.01230,-2.63341,1.07495,1.57081,0.11674,-0.12761,-0.48152,0.03298,,,,,,,,,,,,,,,,,,,,,,,,,,0,0,0,0,0
61.8422,1783969913.6090,3,1,0.5000,-0.0000,1.42240,-0.01230,-2.63341,1.07495,1.57081,0.11674,-0.12761,-0.48152,0.03298,,,,,,,,,,,,,,,,,,,,,,,,,,0,0,0,0,0
61.8561,1783969913.6229,3,1,0.5000,-0.0000,1.42240,-0.01230,-2.63341,1.07495,1.57081,0.11674,-0.12761,-0.48152,0.03298,,,,,,,,,,,,,,,,,,,,,,,,,,0,0,0,0,0
61.8565,1783969913.6232,3,1,0.5000,-0.0000,1.42240,-0.01230,-2.63341,1.07495,1.57081,0.11674,-0.12761,-0.48152,0.03298,,,,,,,,,,,,,,,,,,,,,,,,,,0,0,0,0,0
61.8640,1783969913.6307,3,1,0.5000,-0.0000,1.42240,-0.01231,-2.63341,1.07496,1.57081,0.11674,-0.12761,-0.48152,0.03298,,,,,,,,,,,,,,,,,,,,,,,,,,0,0,0,0,0
61.8644,1783969913.6311,3,1,0.5000,-0.0000,1.42240,-0.01231,-2.63341,1.07496,1.57081,0.11674,-0.12761,-0.48152,0.03298,,,,,,,,,,,,,,,,,,,,,,,,,,0,0,0,0,0
61.8705,1783969913.6373,3,1,0.5000,-0.0000,1.42240,-0.01231,-2.63341,1.07496,1.57081,0.11674,-0.12761,-0.48152,0.03298,,,,,,,,,,,,,,,,,,,,,,,,,,0,0,0,0,0
61.8829,1783969913.6497,3,1,0.5000,-0.0000,1.42240,-0.01232,-2.63341,1.07498,1.57081,0.11674,-0.12761,-0.48152,0.03297,,,,,,,,,,,,,,,,,,,,,,,,,,0,0,0,0,0
61.8928,1783969913.6596,3,1,0.5000,-0.0000,1.42240,-0.01233,-2.63342,1.07499,1.57081,0.11674,-0.12761,-0.48152,0.03297,,,,,,,,,,,,,,,,,,,,,,,,,,0,0,0,0,0
61.9001,1783969913.6668,3,1,0.5000,-0.0000,1.42240,-0.01235,-2.63344,1.07502,1.57081,0.11674,-0.12761,-0.48150,0.03295,,,,,,,,,,,,,,,,,,,,,,,,,,0,0,0,0,0
61.9118,1783969913.6786,3,1,0.5000,-0.0000,1.42240,-0.01240,-2.63349,1.07508,1.57081,0.11674,-0.12762,-0.48148,0.03292,,,,,,,,,,,,,,,,,,,,,,,,,,0,0,0,0,0
61.9230,1783969913.6898,3,1,0.5000,-0.0000,1.42240,-0.01247,-2.63355,1.07515,1.57081,0.11674,-0.12762,-0.48144,0.03287,,,,,,,,,,,,,,,,,,,,,,,,,,0,0,0,0,0
61.9355,1783969913.7022,3,1,0.5000,-0.0000,1.42240,-0.01252,-2.63359,1.07521,1.57081,0.11674,-0.12762,-0.48142,0.03284,,,,,,,,,,,,,,,,,,,,,,,,,,0,0,0,0,0
61.9358,1783969913.7026,3,1,0.5000,-0.0000,1.42240,-0.01252,-2.63359,1.07521,1.57081,0.11674,-0.12762,-0.48142,0.03284,,,,,,,,,,,,,,,,,,,,,,,,,,0,0,0,0,0
61.9408,1783969913.7076,3,1,0.5000,-0.0000,1.42240,-0.01253,-2.63359,1.07522,1.57081,0.11674,-0.12762,-0.48142,0.03284,,,,,,,,,,,,,,,,,,,,,,,,,,0,0,0,0,0
61.9574,1783969913.7242,3,1,0.5000,-0.0000,1.42240,-0.01259,-2.63360,1.07529,1.57081,0.11674,-0.12762,-0.48143,0.03282,,,,,,,,,,,,,,,,,,,,,,,,,,0,0,0,0,0
61.9668,1783969913.7336,3,1,0.5000,-0.0000,1.42240,-0.01262,-2.63360,1.07533,1.57081,0.11674,-0.12762,-0.48143,0.03281,,,,,,,,,,,,,,,,,,,,,,,,,,0,0,0,0,0
61.9692,1783969913.7360,3,1,0.5000,-0.0000,1.42240,-0.01262,-2.63360,1.07533,1.57081,0.11674,-0.12762,-0.48143,0.03281,,,,,,,,,,,,,,,,,,,,,,,,,,0,0,0,0,0
61.9695,1783969913.7363,3,1,0.5000,-0.0000,1.42240,-0.01262,-2.63360,1.07533,1.57081,0.11674,-0.12762,-0.48143,0.03281,,,,,,,,,,,,,,,,,,,,,,,,,,0,0,0,0,0
61.9810,1783969913.7478,3,1,0.5000,-0.0000,1.42240,-0.01269,-2.63361,1.07542,1.57081,0.11674,-0.12762,-0.48143,0.03279,,,,,,,,,,,,,,,,,,,,,,,,,,0,0,0,0,0
61.9894,1783969913.7561,3,1,0.5000,-0.0000,1.42240,-0.01277,-2.63362,1.07551,1.57081,0.11674,-0.12762,-0.48144,0.03277,,,,,,,,,,,,,,,,,,,,,,,,,,0,0,0,0,0
62.0044,1783969913.7712,3,1,0.5000,-0.0000,1.42240,-0.01284,-2.63363,1.07560,1.57081,0.11674,-0.12762,-0.48144,0.03275,,,,,,,,,,,,,,,,,,,,,,,,,,0,0,0,0,0
62.0175,1783969913.7843,3,1,0.5000,-0.0000,1.42240,-0.01294,-2.63364,1.07571,1.57081,0.11674,-0.12762,-0.48145,0.03272,,,,,,,,,,,,,,,,,,,,,,,,,,0,0,0,0,0
62.0192,1783969913.7859,3,1,0.5000,-0.0000,1.42239,-0.01298,-2.63364,1.07577,1.57081,0.11674,-0.12762,-0.48145,0.03271,,,,,,,,,,,,,,,,,,,,,,,,,,0,0,0,0,0
62.0357,1783969913.8025,3,1,0.5000,-0.0000,1.42239,-0.01305,-2.63365,1.07585,1.57081,0.11674,-0.12762,-0.48146,0.03269,,,,,,,,,,,,,,,,,,,,,,,,,,0,0,0,0,0
62.0442,1783969913.8110,3,1,0.5000,-0.0000,1.42239,-0.01310,-2.63365,1.07591,1.57081,0.11674,-0.12762,-0.48146,0.03267,,,,,,,,,,,,,,,,,,,,,,,,,,0,0,0,0,0
62.0624,1783969913.8291,3,1,0.5000,-0.0000,1.42239,-0.01325,-2.63366,1.07610,1.57081,0.11674,-0.12761,-0.48148,0.03263,,,,,,,,,,,,,,,,,,,,,,,,,,0,0,0,0,0
62.0633,1783969913.8300,3,1,0.5000,-0.0000,1.42239,-0.01330,-2.63367,1.07615,1.57081,0.11674,-0.12761,-0.48149,0.03262,,,,,,,,,,,,,,,,,,,,,,,,,,0,0,0,0,0
62.0637,1783969913.8305,3,1,0.5000,-0.0000,1.42239,-0.01330,-2.63367,1.07615,1.57081,0.11674,-0.12761,-0.48149,0.03262,,,,,,,,,,,,,,,,,,,,,,,,,,0,0,0,0,0
62.0641,1783969913.8309,3,1,0.5000,-0.0000,1.42239,-0.01330,-2.63367,1.07615,1.57081,0.11674,-0.12761,-0.48149,0.03262,,,,,,,,,,,,,,,,,,,,,,,,,,0,0,0,0,0
62.0766,1783969913.8434,3,1,0.5000,-0.0000,1.42239,-0.01342,-2.63367,1.07631,1.57081,0.11674,-0.12761,-0.48151,0.03259,,,,,,,,,,,,,,,,,,,,,,,,,,0,0,0,0,0
62.0770,1783969913.8438,3,1,0.5000,-0.0000,1.42239,-0.01342,-2.63367,1.07631,1.57081,0.11674,-0.12761,-0.48151,0.03259,,,,,,,,,,,,,,,,,,,,,,,,,,0,0,0,0,0
62.0816,1783969913.8484,3,1,0.5000,-0.0000,1.42239,-0.01345,-2.63367,1.07635,1.57081,0.11674,-0.12761,-0.48151,0.03259,,,,,,,,,,,,,,,,,,,,,,,,,,0,0,0,0,0
62.0820,1783969913.8488,3,1,0.5000,-0.0000,1.42239,-0.01345,-2.63367,1.07635,1.57081,0.11674,-0.12761,-0.48151,0.03259,,,,,,,,,,,,,,,,,,,,,,,,,,0,0,0,0,0
62.0927,1783969913.8594,3,1,0.5000,-0.0000,1.42239,-0.01350,-2.63366,1.07641,1.57081,0.11674,-0.12761,-0.48152,0.03258,,,,,,,,,,,,,,,,,,,,,,,,,,0,0,0,0,0
62.0929,1783969913.8597,3,1,0.5000,-0.0000,1.42239,-0.01350,-2.63366,1.07641,1.57081,0.11674,-0.12761,-0.48152,0.03258,,,,,,,,,,,,,,,,,,,,,,,,,,0,0,0,0,0
62.1108,1783969913.8776,3,1,0.5000,-0.0000,1.42239,-0.01350,-2.63366,1.07641,1.57081,0.11674,-0.12761,-0.48152,0.03258,,,,,,,,,,,,,,,,,,,,,,,,,,0,0,0,0,0
62.1220,1783969913.8888,3,1,0.5000,-0.0000,1.42239,-0.01350,-2.63366,1.07641,1.57081,0.11674,-0.12761,-0.48152,0.03258,,,,,,,,,,,,,,,,,,,,,,,,,,0,0,0,0,0
62.1227,1783969913.8895,3,1,0.5000,-0.0000,1.42239,-0.01350,-2.63366,1.07641,1.57081,0.11674,-0.12761,-0.48152,0.03258,,,,,,,,,,,,,,,,,,,,,,,,,,0,0,0,0,0
62.1264,1783969913.8932,3,1,0.5000,-0.0000,1.42239,-0.01350,-2.63366,1.07641,1.57081,0.11674,-0.12761,-0.48152,0.03258,,,,,,,,,,,,,,,,,,,,,,,,,,0,0,0,0,0
62.1269,1783969913.8937,3,1,0.5000,-0.0000,1.42239,-0.01350,-2.63366,1.07641,1.57081,0.11674,-0.12761,-0.48152,0.03258,,,,,,,,,,,,,,,,,,,,,,,,,,0,0,0,0,0
62.1461,1783969913.9129,3,1,0.5000,-0.0000,1.42239,-0.01350,-2.63366,1.07641,1.57081,0.11674,-0.12761,-0.48152,0.03258,,,,,,,,,,,,,,,,,,,,,,,,,,0,0,0,0,0
62.1464,1783969913.9132,3,1,0.5000,-0.0000,1.42239,-0.01350,-2.63366,1.07641,1.57081,0.11674,-0.12761,-0.48152,0.03258,,,,,,,,,,,,,,,,,,,,,,,,,,0,0,0,0,0
62.1510,1783969913.9178,3,1,0.5000,-0.0000,1.42239,-0.01350,-2.63366,1.07641,1.57081,0.11674,-0.12761,-0.48152,0.03258,,,,,,,,,,,,,,,,,,,,,,,,,,0,0,0,0,0
62.1645,1783969913.9313,3,1,0.5000,-0.0000,1.42239,-0.01350,-2.63366,1.07641,1.57081,0.11674,-0.12761,-0.48152,0.03258,,,,,,,,,,,,,,,,,,,,,,,,,,0,0,0,0,0
62.1782,1783969913.9449,3,1,0.5000,-0.0000,1.42239,-0.01350,-2.63366,1.07641,1.57081,0.11674,-0.12761,-0.48152,0.03258,,,,,,,,,,,,,,,,,,,,,,,,,,0,0,0,0,0
62.1852,1783969913.9520,3,1,0.5000,-0.0000,1.42239,-0.01350,-2.63366,1.07641,1.57081,0.11674,-0.12761,-0.48152,0.03258,,,,,,,,,,,,,,,,,,,,,,,,,,0,0,0,0,0
62.1856,1783969913.9524,3,1,0.5000,-0.0000,1.42239,-0.01350,-2.63366,1.07641,1.57081,0.11674,-0.12761,-0.48152,0.03258,,,,,,,,,,,,,,,,,,,,,,,,,,0,0,0,0,0
62.1895,1783969913.9563,3,1,0.5000,-0.0000,1.42239,-0.01350,-2.63366,1.07641,1.57081,0.11674,-0.12761,-0.48152,0.03258,,,,,,,,,,,,,,,,,,,,,,,,,,0,0,0,0,0
62.1898,1783969913.9565,3,1,0.5000,-0.0000,1.42239,-0.01350,-2.63366,1.07641,1.57081,0.11674,-0.12761,-0.48152,0.03258,,,,,,,,,,,,,,,,,,,,,,,,,,0,0,0,0,0
62.2102,1783969913.9770,3,1,0.5000,-0.0000,1.42239,-0.01350,-2.63366,1.07641,1.57081,0.11674,-0.12761,-0.48152,0.03258,,,,,,,,,,,,,,,,,,,,,,,,,,0,0,0,0,0
62.2106,1783969913.9774,3,1,0.5000,-0.0000,1.42239,-0.01350,-2.63366,1.07641,1.57081,0.11674,-0.12761,-0.48152,0.03258,,,,,,,,,,,,,,,,,,,,,,,,,,0,0,0,0,0
62.2136,1783969913.9803,3,1,0.5000,-0.0000,1.42239,-0.01350,-2.63366,1.07641,1.57081,0.11674,-0.12761,-0.48152,0.03258,,,,,,,,,,,,,,,,,,,,,,,,,,0,0,0,0,0
62.2257,1783969913.9925,3,1,0.5000,-0.0000,1.42239,-0.01350,-2.63366,1.07641,1.57081,0.11674,-0.12761,-0.48152,0.03258,,,,,,,,,,,,,,,,,,,,,,,,,,0,0,0,0,0
62.2434,1783969914.0102,3,1,0.5000,-0.0000,1.42239,-0.01350,-2.63366,1.07641,1.57081,0.11674,-0.12761,-0.48152,0.03258,,,,,,,,,,,,,,,,,,,,,,,,,,0,0,0,0,0
62.2436,1783969914.0103,3,1,0.5000,-0.0000,1.42239,-0.01350,-2.63366,1.07641,1.57081,0.11674,-0.12761,-0.48152,0.03258,,,,,,,,,,,,,,,,,,,,,,,,,,0,0,0,0,0
62.2564,1783969914.0232,3,1,0.5000,-0.0000,1.42239,-0.01350,-2.63366,1.07641,1.57081,0.11674,-0.12761,-0.48152,0.03258,,,,,,,,,,,,,,,,,,,,,,,,,,0,0,0,0,0
62.2648,1783969914.0315,3,1,0.5000,-0.0000,1.42239,-0.01350,-2.63366,1.07641,1.57081,0.11674,-0.12761,-0.48152,0.03258,,,,,,,,,,,,,,,,,,,,,,,,,,0,0,0,0,0
62.2756,1783969914.0424,3,1,0.5000,-0.0000,1.42239,-0.01350,-2.63366,1.07641,1.57081,0.11674,-0.12761,-0.48152,0.03258,,,,,,,,,,,,,,,,,,,,,,,,,,0,0,0,0,0
62.2871,1783969914.0539,3,1,0.5000,-0.0000,1.42239,-0.01350,-2.63366,1.07641,1.57081,0.11674,-0.12761,-0.48152,0.03258,,,,,,,,,,,,,,,,,,,,,,,,,,0,0,0,0,0
62.2923,1783969914.0591,3,1,0.5000,-0.0000,1.42239,-0.01350,-2.63366,1.07641,1.57081,0.11674,-0.12761,-0.48152,0.03258,,,,,,,,,,,,,,,,,,,,,,,,,,0,0,0,0,0
62.2927,1783969914.0594,3,1,0.5000,-0.0000,1.42239,-0.01350,-2.63366,1.07641,1.57081,0.11674,-0.12761,-0.48152,0.03258,,,,,,,,,,,,,,,,,,,,,,,,,,0,0,0,0,0
62.3057,1783969914.0725,3,1,0.5000,-0.0000,1.42239,-0.01350,-2.63366,1.07641,1.57081,0.11674,-0.12761,-0.48152,0.03258,,,,,,,,,,,,,,,,,,,,,,,,,,0,0,0,0,0
62.3106,1783969914.0773,3,1,0.5000,-0.0000,1.42239,-0.01350,-2.63367,1.07642,1.57081,0.11674,-0.12761,-0.48152,0.03258,,,,,,,,,,,,,,,,,,,,,,,,,,0,0,0,0,0
62.3111,1783969914.0779,3,1,0.5000,-0.0000,1.42239,-0.01351,-2.63367,1.07642,1.57081,0.11674,-0.12761,-0.48152,0.03257,,,,,,,,,,,,,,,,,,,,,,,,,,0,0,0,0,0
62.3264,1783969914.0932,3,1,0.5000,-0.0000,1.42239,-0.01352,-2.63368,1.07644,1.57081,0.11674,-0.12761,-0.48151,0.03256,,,,,,,,,,,,,,,,,,,,,,,,,,0,0,0,0,0
62.3444,1783969914.1112,3,1,0.5000,-0.0000,1.42239,-0.01359,-2.63373,1.07652,1.57081,0.11674,-0.12761,-0.48149,0.03252,,,,,,,,,,,,,,,,,,,,,,,,,,0,0,0,0,0
62.3499,1783969914.1167,3,1,0.5000,-0.0000,1.42239,-0.01361,-2.63375,1.07654,1.57081,0.11674,-0.12761,-0.48148,0.03251,,,,,,,,,,,,,,,,,,,,,,,,,,0,0,0,0,0
62.3502,1783969914.1170,3,1,0.5000,-0.0000,1.42239,-0.01361,-2.63375,1.07654,1.57081,0.11674,-0.12761,-0.48148,0.03251,,,,,,,,,,,,,,,,,,,,,,,,,,0,0,0,0,0
62.3669,1783969914.1337,3,1,0.5000,-0.0000,1.42239,-0.01370,-2.63381,1.07664,1.57081,0.11674,-0.12762,-0.48145,0.03246,,,,,,,,,,,,,,,,,,,,,,,,,,0,0,0,0,0
62.3672,1783969914.1340,3,1,0.5000,-0.0000,1.42239,-0.01370,-2.63381,1.07664,1.57081,0.11674,-0.12762,-0.48145,0.03246,,,,,,,,,,,,,,,,,,,,,,,,,,0,0,0,0,0
62.3711,1783969914.1379,3,1,0.5000,-0.0000,1.42239,-0.01371,-2.63381,1.07665,1.57081,0.11674,-0.12762,-0.48145,0.03246,,,,,,,,,,,,,,,,,,,,,,,,,,0,0,0,0,0
62.3767,1783969914.1435,3,1,0.5000,-0.0000,1.42239,-0.01372,-2.63381,1.07667,1.57081,0.11674,-0.12762,-0.48144,0.03245,,,,,,,,,,,,,,,,,,,,,,,,,,0,0,0,0,0
62.3771,1783969914.1439,3,1,0.5000,-0.0000,1.42239,-0.01372,-2.63381,1.07667,1.57081,0.11674,-0.12762,-0.48144,0.03245,,,,,,,,,,,,,,,,,,,,,,,,,,0,0,0,0,0
62.3797,1783969914.1464,3,1,0.5000,-0.0000,1.42239,-0.01374,-2.63382,1.07669,1.57081,0.11674,-0.12762,-0.48144,0.03245,,,,,,,,,,,,,,,,,,,,,,,,,,0,0,0,0,0
62.3896,1783969914.1564,3,1,0.5000,-0.0000,1.42239,-0.01377,-2.63383,1.07673,1.57081,0.11674,-0.12762,-0.48144,0.03244,,,,,,,,,,,,,,,,,,,,,,,,,,0,0,0,0,0
62.3900,1783969914.1568,3,1,0.5000,-0.0000,1.42239,-0.01377,-2.63383,1.07673,1.57081,0.11674,-0.12762,-0.48144,0.03244,,,,,,,,,,,,,,,,,,,,,,,,,,0,0,0,0,0
62.4072,1783969914.1740,3,1,0.5000,-0.0000,1.42239,-0.01390,-2.63385,1.07689,1.57081,0.11674,-0.12762,-0.48145,0.03239,,,,,,,,,,,,,,,,,,,,,,,,,,0,0,0,0,0
62.4091,1783969914.1759,3,1,0.5000,-0.0000,1.42239,-0.01390,-2.63385,1.07689,1.57081,0.11674,-0.12762,-0.48145,0.03239,,,,,,,,,,,,,,,,,,,,,,,,,,0,0,0,0,0
62.4096,1783969914.1763,3,1,0.5000,-0.0000,1.42239,-0.01390,-2.63385,1.07689,1.57081,0.11674,-0.12762,-0.48145,0.03239,,,,,,,,,,,,,,,,,,,,,,,,,,0,0,0,0,0
62.4567,1783969914.2234,3,1,0.5000,-0.0000,1.42239,-0.01424,-2.63390,1.07729,1.57081,0.11674,-0.12761,-0.48146,0.03229,,,,,,,,,,,,,,,,,,,,,,,,,,0,0,0,0,0
62.4749,1783969914.2417,3,1,0.5000,-0.0000,1.42239,-0.01440,-2.63392,1.07748,1.57081,0.11674,-0.12761,-0.48147,0.03224,,,,,,,,,,,,,,,,,,,,,,,,,,0,0,0,0,0
62.4752,1783969914.2420,3,1,0.5000,-0.0000,1.42239,-0.01440,-2.63392,1.07748,1.57081,0.11674,-0.12761,-0.48147,0.03224,,,,,,,,,,,,,,,,,,,,,,,,,,0,0,0,0,0
62.4806,1783969914.2473,3,1,0.5000,-0.0000,1.42239,-0.01440,-2.63392,1.07748,1.57081,0.11674,-0.12761,-0.48147,0.03224,,,,,,,,,,,,,,,,,,,,,,,,,,0,0,0,0,0
62.4810,1783969914.2478,3,1,0.5000,-0.0000,1.42239,-0.01440,-2.63392,1.07748,1.57081,0.11674,-0.12761,-0.48147,0.03224,,,,,,,,,,,,,,,,,,,,,,,,,,0,0,0,0,0
62.4870,1783969914.2538,3,1,0.5000,-0.0000,1.42239,-0.01441,-2.63392,1.07750,1.57081,0.11674,-0.12761,-0.48147,0.03224,,,,,,,,,,,,,,,,,,,,,,,,,,0,0,0,0,0
62.4875,1783969914.2543,3,1,0.5000,-0.0000,1.42239,-0.01441,-2.63392,1.07750,1.57081,0.11674,-0.12761,-0.48147,0.03224,,,,,,,,,,,,,,,,,,,,,,,,,,0,0,0,0,0
62.4912,1783969914.2580,3,1,0.5000,-0.0000,1.42239,-0.01443,-2.63392,1.07752,1.57081,0.11674,-0.12761,-0.48148,0.03224,,,,,,,,,,,,,,,,,,,,,,,,,,0,0,0,0,0
62.4916,1783969914.2583,3,1,0.5000,-0.0000,1.42239,-0.01443,-2.63392,1.07752,1.57081,0.11674,-0.12761,-0.48148,0.03224,,,,,,,,,,,,,,,,,,,,,,,,,,0,0,0,0,0
62.4973,1783969914.2640,3,1,0.5000,-0.0000,1.42239,-0.01445,-2.63392,1.07755,1.57081,0.11674,-0.12761,-0.48148,0.03223,,,,,,,,,,,,,,,,,,,,,,,,,,0,0,0,0,0
62.4976,1783969914.2644,3,1,0.5000,-0.0000,1.42239,-0.01445,-2.63392,1.07755,1.57081,0.11674,-0.12761,-0.48148,0.03223,,,,,,,,,,,,,,,,,,,,,,,,,,0,0,0,0,0
62.4979,1783969914.2647,3,1,0.5000,-0.0000,1.42239,-0.01445,-2.63392,1.07755,1.57081,0.11674,-0.12761,-0.48148,0.03223,,,,,,,,,,,,,,,,,,,,,,,,,,0,0,0,0,0
62.4994,1783969914.2661,3,1,0.5000,-0.0000,1.42239,-0.01447,-2.63391,1.07758,1.57081,0.11674,-0.12761,-0.48149,0.03223,,,,,,,,,,,,,,,,,,,,,,,,,,0,0,0,0,0
62.5104,1783969914.2772,3,1,0.5000,-0.0000,1.42239,-0.01453,-2.63391,1.07765,1.57081,0.11674,-0.12761,-0.48150,0.03222,,,,,,,,,,,,,,,,,,,,,,,,,,0,0,0,0,0
62.5221,1783969914.2888,3,1,0.5000,-0.0000,1.42239,-0.01462,-2.63389,1.07776,1.57082,0.11674,-0.12760,-0.48153,0.03221,,,,,,,,,,,,,,,,,,,,,,,,,,0,0,0,0,0
62.5226,1783969914.2894,3,1,0.5000,-0.0000,1.42239,-0.01462,-2.63389,1.07776,1.57082,0.11674,-0.12760,-0.48153,0.03221,,,,,,,,,,,,,,,,,,,,,,,,,,0,0,0,0,0
62.5315,1783969914.2983,3,1,0.5000,-0.0000,1.42239,-0.01468,-2.63386,1.07784,1.57082,0.11674,-0.12760,-0.48156,0.03220,,,,,,,,,,,,,,,,,,,,,,,,,,0,0,0,0,0
62.5423,1783969914.3090,3,1,0.5000,-0.0000,1.42239,-0.01470,-2.63384,1.07786,1.57082,0.11674,-0.12759,-0.48159,0.03221,,,,,,,,,,,,,,,,,,,,,,,,,,0,0,0,0,0
62.5533,1783969914.3201,3,1,0.5000,-0.0000,1.42239,-0.01470,-2.63384,1.07786,1.57082,0.11674,-0.12759,-0.48159,0.03221,,,,,,,,,,,,,,,,,,,,,,,,,,0,0,0,0,0
62.5757,1783969914.3424,3,1,0.5000,-0.0000,1.42239,-0.01470,-2.63384,1.07786,1.57082,0.11674,-0.12759,-0.48159,0.03221,,,,,,,,,,,,,,,,,,,,,,,,,,0,0,0,0,0
62.5857,1783969914.3525,3,1,0.5000,-0.0000,1.42239,-0.01470,-2.63384,1.07786,1.57082,0.11674,-0.12759,-0.48159,0.03221,,,,,,,,,,,,,,,,,,,,,,,,,,0,0,0,0,0
62.5861,1783969914.3529,3,1,0.5000,-0.0000,1.42239,-0.01470,-2.63384,1.07786,1.57082,0.11674,-0.12759,-0.48159,0.03221,,,,,,,,,,,,,,,,,,,,,,,,,,0,0,0,0,0
62.5891,1783969914.3559,3,1,0.5000,-0.0000,1.42239,-0.01470,-2.63384,1.07786,1.57082,0.11674,-0.12759,-0.48159,0.03221,,,,,,,,,,,,,,,,,,,,,,,,,,0,0,0,0,0
62.5894,1783969914.3562,3,1,0.5000,-0.0000,1.42239,-0.01470,-2.63384,1.07786,1.57082,0.11674,-0.12759,-0.48159,0.03221,,,,,,,,,,,,,,,,,,,,,,,,,,0,0,0,0,0
62.5993,1783969914.3661,3,1,0.5000,-0.0000,1.42239,-0.01470,-2.63384,1.07786,1.57082,0.11674,-0.12759,-0.48159,0.03221,,,,,,,,,,,,,,,,,,,,,,,,,,0,0,0,0,0
62.6096,1783969914.3764,3,1,0.5000,-0.0000,1.42239,-0.01470,-2.63384,1.07786,1.57082,0.11674,-0.12759,-0.48159,0.03221,,,,,,,,,,,,,,,,,,,,,,,,,,0,0,0,0,0
62.6295,1783969914.3963,3,1,0.5000,-0.0000,1.42239,-0.01470,-2.63384,1.07786,1.57082,0.11674,-0.12759,-0.48159,0.03221,,,,,,,,,,,,,,,,,,,,,,,,,,0,0,0,0,0
62.6311,1783969914.3979,3,1,0.5000,-0.0000,1.42239,-0.01470,-2.63384,1.07786,1.57082,0.11674,-0.12759,-0.48159,0.03221,,,,,,,,,,,,,,,,,,,,,,,,,,0,0,0,0,0
62.6316,1783969914.3983,3,1,0.5000,-0.0000,1.42239,-0.01470,-2.63384,1.07786,1.57082,0.11674,-0.12759,-0.48159,0.03221,,,,,,,,,,,,,,,,,,,,,,,,,,0,0,0,0,0
62.6481,1783969914.4148,3,1,0.5000,-0.0000,1.42239,-0.01470,-2.63384,1.07786,1.57082,0.11674,-0.12759,-0.48159,0.03221,,,,,,,,,,,,,,,,,,,,,,,,,,0,0,0,0,0
62.6569,1783969914.4237,3,1,0.5000,-0.0000,1.42239,-0.01470,-2.63384,1.07786,1.57082,0.11674,-0.12759,-0.48159,0.03221,,,,,,,,,,,,,,,,,,,,,,,,,,0,0,0,0,0
62.6642,1783969914.4309,3,1,0.5000,-0.0000,1.42239,-0.01470,-2.63384,1.07786,1.57082,0.11674,-0.12759,-0.48159,0.03221,,,,,,,,,,,,,,,,,,,,,,,,,,0,0,0,0,0
62.6738,1783969914.4406,3,1,0.5000,-0.0000,1.42239,-0.01470,-2.63384,1.07786,1.57082,0.11674,-0.12759,-0.48159,0.03221,,,,,,,,,,,,,,,,,,,,,,,,,,0,0,0,0,0
62.6858,1783969914.4526,3,1,0.5000,-0.0000,1.42239,-0.01470,-2.63384,1.07786,1.57082,0.11674,-0.12759,-0.48159,0.03221,,,,,,,,,,,,,,,,,,,,,,,,,,0,0,0,0,0
62.6893,1783969914.4561,3,1,0.5000,-0.0000,1.42239,-0.01470,-2.63384,1.07786,1.57082,0.11674,-0.12759,-0.48159,0.03221,,,,,,,,,,,,,,,,,,,,,,,,,,0,0,0,0,0
62.7057,1783969914.4724,3,1,0.5000,-0.0000,1.42239,-0.01470,-2.63384,1.07786,1.57082,0.11674,-0.12759,-0.48159,0.03221,,,,,,,,,,,,,,,,,,,,,,,,,,0,0,0,0,0
62.7140,1783969914.4808,3,1,0.5000,-0.0000,1.42239,-0.01470,-2.63384,1.07786,1.57082,0.11674,-0.12759,-0.48159,0.03221,,,,,,,,,,,,,,,,,,,,,,,,,,0,0,0,0,0
62.8525,1783969914.6193,3,1,0.5000,-0.0000,1.42239,-0.01524,-2.63412,1.07851,1.57082,0.11674,-0.12761,-0.48146,0.03195,,,,,,,,,,,,,,,,,,,,,,,,,,0,0,0,0,0
62.8597,1783969914.6264,3,1,0.5000,-0.0000,1.42239,-0.01532,-2.63413,1.07860,1.57082,0.11674,-0.12761,-0.48146,0.03193,,,,,,,,,,,,,,,,,,,,,,,,,,0,0,0,0,0
62.8603,1783969914.6271,3,1,0.5000,-0.0000,1.42239,-0.01532,-2.63413,1.07860,1.57082,0.11674,-0.12761,-0.48146,0.03193,,,,,,,,,,,,,,,,,,,,,,,,,,0,0,0,0,0
62.8607,1783969914.6275,3,1,0.5000,-0.0000,1.42239,-0.01532,-2.63413,1.07860,1.57082,0.11674,-0.12761,-0.48146,0.03193,,,,,,,,,,,,,,,,,,,,,,,,,,0,0,0,0,0
62.8667,1783969914.6335,3,1,0.5000,-0.0000,1.42239,-0.01532,-2.63413,1.07860,1.57082,0.11674,-0.12761,-0.48146,0.03193,,,,,,,,,,,,,,,,,,,,,,,,,,0,0,0,0,0
62.8672,1783969914.6340,3,1,0.5000,-0.0000,1.42239,-0.01532,-2.63413,1.07860,1.57082,0.11674,-0.12761,-0.48146,0.03193,,,,,,,,,,,,,,,,,,,,,,,,,,0,0,0,0,0
62.9115,1783969914.6782,3,1,0.5000,-0.0000,1.42239,-0.01559,-2.63417,1.07893,1.57082,0.11674,-0.12761,-0.48148,0.03185,,,,,,,,,,,,,,,,,,,,,,,,,,0,0,0,0,0
62.9173,1783969914.6841,3,1,0.5000,-0.0000,1.42239,-0.01562,-2.63417,1.07897,1.57082,0.11674,-0.12761,-0.48148,0.03184,,,,,,,,,,,,,,,,,,,,,,,,,,0,0,0,0,0
62.9176,1783969914.6844,3,1,0.5000,-0.0000,1.42239,-0.01562,-2.63417,1.07897,1.57082,0.11674,-0.12761,-0.48148,0.03184,,,,,,,,,,,,,,,,,,,,,,,,,,0,0,0,0,0
62.9180,1783969914.6848,3,1,0.5000,-0.0000,1.42239,-0.01562,-2.63417,1.07897,1.57082,0.11674,-0.12761,-0.48148,0.03184,,,,,,,,,,,,,,,,,,,,,,,,,,0,0,0,0,0
62.9191,1783969914.6859,3,1,0.5000,-0.0000,1.42239,-0.01565,-2.63417,1.07901,1.57082,0.11674,-0.12761,-0.48149,0.03183,,,,,,,,,,,,,,,,,,,,,,,,,,0,0,0,0,0
62.9195,1783969914.6863,3,1,0.5000,-0.0000,1.42239,-0.01565,-2.63417,1.07901,1.57082,0.11674,-0.12761,-0.48149,0.03183,,,,,,,,,,,,,,,,,,,,,,,,,,0,0,0,0,0
62.9200,1783969914.6867,3,1,0.5000,-0.0000,1.42239,-0.01565,-2.63417,1.07901,1.57082,0.11674,-0.12761,-0.48149,0.03183,,,,,,,,,,,,,,,,,,,,,,,,,,0,0,0,0,0
62.9203,1783969914.6871,3,1,0.5000,-0.0000,1.42239,-0.01565,-2.63417,1.07901,1.57082,0.11674,-0.12761,-0.48149,0.03183,,,,,,,,,,,,,,,,,,,,,,,,,,0,0,0,0,0
62.9219,1783969914.6887,3,1,0.5000,-0.0000,1.42239,-0.01565,-2.63417,1.07901,1.57082,0.11674,-0.12761,-0.48149,0.03183,,,,,,,,,,,,,,,,,,,,,,,,,,0,0,0,0,0
62.9223,1783969914.6891,3,1,0.5000,-0.0000,1.42239,-0.01565,-2.63417,1.07901,1.57082,0.11674,-0.12761,-0.48149,0.03183,,,,,,,,,,,,,,,,,,,,,,,,,,0,0,0,0,0
62.9405,1783969914.7073,3,1,0.5000,-0.0000,1.42238,-0.01582,-2.63415,1.07922,1.57082,0.11674,-0.12760,-0.48153,0.03180,,,,,,,,,,,,,,,,,,,,,,,,,,0,0,0,0,0
62.9421,1783969914.7089,3,1,0.5000,-0.0000,1.42238,-0.01582,-2.63415,1.07922,1.57082,0.11674,-0.12760,-0.48153,0.03180,,,,,,,,,,,,,,,,,,,,,,,,,,0,0,0,0,0
62.9427,1783969914.7095,3,1,0.5000,-0.0000,1.42238,-0.01585,-2.63414,1.07925,1.57082,0.11674,-0.12760,-0.48154,0.03180,,,,,,,,,,,,,,,,,,,,,,,,,,0,0,0,0,0
62.9477,1783969914.7144,3,1,0.5000,-0.0000,1.42238,-0.01587,-2.63413,1.07928,1.57082,0.11674,-0.12760,-0.48155,0.03180,,,,,,,,,,,,,,,,,,,,,,,,,,0,0,0,0,0
62.9480,1783969914.7148,3,1,0.5000,-0.0000,1.42238,-0.01587,-2.63413,1.07928,1.57082,0.11674,-0.12760,-0.48155,0.03180,,,,,,,,,,,,,,,,,,,,,,,,,,0,0,0,0,0
62.9518,1783969914.7186,3,1,0.5000,-0.0000,1.42238,-0.01588,-2.63412,1.07930,1.57082,0.11674,-0.12760,-0.48156,0.03180,,,,,,,,,,,,,,,,,,,,,,,,,,0,0,0,0,0
62.9611,1783969914.7278,3,1,0.5000,-0.0000,1.42238,-0.01589,-2.63410,1.07931,1.57082,0.11674,-0.12759,-0.48158,0.03181,,,,,,,,,,,,,,,,,,,,,,,,,,0,0,0,0,0
62.9655,1783969914.7323,3,1,0.5000,-0.0000,1.42238,-0.01589,-2.63410,1.07931,1.57082,0.11674,-0.12759,-0.48158,0.03181,,,,,,,,,,,,,,,,,,,,,,,,,,0,0,0,0,0
62.9660,1783969914.7328,3,1,0.5000,-0.0000,1.42238,-0.01589,-2.63410,1.07931,1.57082,0.11674,-0.12759,-0.48158,0.03181,,,,,,,,,,,,,,,,,,,,,,,,,,0,0,0,0,0
62.9810,1783969914.7478,3,1,0.5000,-0.0000,1.42238,-0.01589,-2.63410,1.07931,1.57082,0.11674,-0.12759,-0.48158,0.03181,,,,,,,,,,,,,,,,,,,,,,,,,,0,0,0,0,0
62.9826,1783969914.7494,3,1,0.5000,-0.0000,1.42238,-0.01589,-2.63410,1.07931,1.57082,0.11674,-0.12759,-0.48158,0.03181,,,,,,,,,,,,,,,,,,,,,,,,,,0,0,0,0,0
62.9898,1783969914.7566,3,1,0.5000,-0.0000,1.42238,-0.01589,-2.63410,1.07931,1.57082,0.11674,-0.12759,-0.48158,0.03181,,,,,,,,,,,,,,,,,,,,,,,,,,0,0,0,0,0
62.9902,1783969914.7569,3,1,0.5000,-0.0000,1.42238,-0.01589,-2.63410,1.07931,1.57082,0.11674,-0.12759,-0.48158,0.03181,,,,,,,,,,,,,,,,,,,,,,,,,,0,0,0,0,0
63.0461,1783969914.8129,3,1,0.5000,-0.0000,1.42238,-0.01589,-2.63410,1.07931,1.57082,0.11674,-0.12759,-0.48158,0.03181,,,,,,,,,,,,,,,,,,,,,,,,,,0,0,0,0,0
63.0645,1783969914.8312,3,1,0.5000,-0.0000,1.42238,-0.01589,-2.63410,1.07931,1.57082,0.11674,-0.12759,-0.48158,0.03181,,,,,,,,,,,,,,,,,,,,,,,,,,0,0,0,0,0
63.0673,1783969914.8341,3,1,0.5000,-0.0000,1.42238,-0.01589,-2.63410,1.07931,1.57082,0.11674,-0.12759,-0.48158,0.03181,,,,,,,,,,,,,,,,,,,,,,,,,,0,0,0,0,0
63.0873,1783969914.8541,3,1,0.5000,-0.0000,1.42238,-0.01589,-2.63410,1.07931,1.57082,0.11674,-0.12759,-0.48158,0.03181,,,,,,,,,,,,,,,,,,,,,,,,,,0,0,0,0,0
63.0876,1783969914.8544,3,1,0.5000,-0.0000,1.42238,-0.01589,-2.63410,1.07931,1.57082,0.11674,-0.12759,-0.48158,0.03181,,,,,,,,,,,,,,,,,,,,,,,,,,0,0,0,0,0
63.1042,1783969914.8709,3,1,0.5000,-0.0000,1.42238,-0.01589,-2.63410,1.07931,1.57082,0.11674,-0.12759,-0.48158,0.03181,,,,,,,,,,,,,,,,,,,,,,,,,,0,0,0,0,0
63.1056,1783969914.8724,3,1,0.5000,-0.0000,1.42238,-0.01589,-2.63410,1.07931,1.57082,0.11674,-0.12759,-0.48158,0.03181,,,,,,,,,,,,,,,,,,,,,,,,,,0,0,0,0,0
63.1059,1783969914.8727,3,1,0.5000,-0.0000,1.42238,-0.01589,-2.63410,1.07931,1.57082,0.11674,-0.12759,-0.48158,0.03181,,,,,,,,,,,,,,,,,,,,,,,,,,0,0,0,0,0
63.1104,1783969914.8772,3,1,0.5000,-0.0000,1.42238,-0.01589,-2.63410,1.07931,1.57082,0.11674,-0.12759,-0.48158,0.03181,,,,,,,,,,,,,,,,,,,,,,,,,,0,0,0,0,0
63.1110,1783969914.8777,3,1,0.5000,-0.0000,1.42238,-0.01589,-2.63410,1.07931,1.57082,0.11674,-0.12759,-0.48158,0.03181,,,,,,,,,,,,,,,,,,,,,,,,,,0,0,0,0,0
63.1113,1783969914.8781,3,1,0.5000,-0.0000,1.42238,-0.01589,-2.63410,1.07931,1.57082,0.11674,-0.12759,-0.48158,0.03181,,,,,,,,,,,,,,,,,,,,,,,,,,0,0,0,0,0
63.1116,1783969914.8783,3,1,0.5000,-0.0000,1.42238,-0.01589,-2.63410,1.07931,1.57082,0.11674,-0.12759,-0.48158,0.03181,,,,,,,,,,,,,,,,,,,,,,,,,,0,0,0,0,0
63.1126,1783969914.8794,3,1,0.5000,-0.0000,1.42238,-0.01589,-2.63410,1.07931,1.57082,0.11674,-0.12759,-0.48158,0.03181,,,,,,,,,,,,,,,,,,,,,,,,,,0,0,0,0,0
63.1128,1783969914.8796,3,1,0.5000,-0.0000,1.42238,-0.01589,-2.63410,1.07931,1.57082,0.11674,-0.12759,-0.48158,0.03181,,,,,,,,,,,,,,,,,,,,,,,,,,0,0,0,0,0
63.1260,1783969914.8928,3,1,0.5000,-0.0000,1.42238,-0.01589,-2.63410,1.07931,1.57082,0.11674,-0.12759,-0.48158,0.03181,,,,,,,,,,,,,,,,,,,,,,,,,,0,0,0,0,0
63.1309,1783969914.8977,3,1,0.5000,-0.0000,1.42238,-0.01589,-2.63410,1.07931,1.57082,0.11674,-0.12759,-0.48158,0.03181,,,,,,,,,,,,,,,,,,,,,,,,,,0,0,0,0,0
63.1403,1783969914.9070,3,1,0.5000,-0.0000,1.42238,-0.01589,-2.63411,1.07931,1.57082,0.11674,-0.12759,-0.48157,0.03180,,,,,,,,,,,,,,,,,,,,,,,,,,0,0,0,0,0
63.1540,1783969914.9207,3,1,0.5000,-0.0000,1.42238,-0.01591,-2.63414,1.07933,1.57082,0.11674,-0.12760,-0.48156,0.03179,,,,,,,,,,,,,,,,,,,,,,,,,,0,0,0,0,0
63.1622,1783969914.9290,3,1,0.5000,-0.0000,1.42238,-0.01592,-2.63416,1.07935,1.57082,0.11674,-0.12760,-0.48154,0.03177,,,,,,,,,,,,,,,,,,,,,,,,,,0,0,0,0,0
63.1718,1783969914.9386,3,1,0.5000,-0.0000,1.42238,-0.01593,-2.63417,1.07936,1.57082,0.11674,-0.12760,-0.48153,0.03177,,,,,,,,,,,,,,,,,,,,,,,,,,0,0,0,0,0
63.1846,1783969914.9514,3,1,0.5000,-0.0000,1.42238,-0.01597,-2.63421,1.07941,1.57082,0.11674,-0.12760,-0.48151,0.03174,,,,,,,,,,,,,,,,,,,,,,,,,,0,0,0,0,0
63.1967,1783969914.9635,3,1,0.5000,-0.0000,1.42238,-0.01603,-2.63427,1.07948,1.57082,0.11674,-0.12761,-0.48147,0.03170,,,,,,,,,,,,,,,,,,,,,,,,,,0,0,0,0,0
63.2082,1783969914.9750,3,1,0.5000,-0.0000,1.42238,-0.01605,-2.63428,1.07949,1.57082,0.11674,-0.12761,-0.48147,0.03169,,,,,,,,,,,,,,,,,,,,,,,,,,0,0,0,0,0
63.2155,1783969914.9823,3,1,0.5000,-0.0000,1.42238,-0.01608,-2.63429,1.07954,1.57082,0.11674,-0.12761,-0.48146,0.03167,,,,,,,,,,,,,,,,,,,,,,,,,,0,0,0,0,0
63.2306,1783969914.9973,3,1,0.5000,-0.0000,1.42238,-0.01612,-2.63430,1.07957,1.57082,0.11674,-0.12761,-0.48146,0.03166,,,,,,,,,,,,,,,,,,,,,,,,,,0,0,0,0,0
63.2435,1783969915.0103,3,1,0.5000,-0.0000,1.42238,-0.01623,-2.63433,1.07972,1.57082,0.11674,-0.12761,-0.48146,0.03162,,,,,,,,,,,,,,,,,,,,,,,,,,0,0,0,0,0
63.2481,1783969915.0148,3,1,0.5000,-0.0000,1.42238,-0.01628,-2.63434,1.07977,1.57082,0.11674,-0.12761,-0.48146,0.03160,,,,,,,,,,,,,,,,,,,,,,,,,,0,0,0,0,0
63.2717,1783969915.0384,3,1,0.5000,-0.0000,1.42238,-0.01642,-2.63437,1.07993,1.57082,0.11674,-0.12761,-0.48146,0.03156,,,,,,,,,,,,,,,,,,,,,,,,,,0,0,0,0,0
63.2721,1783969915.0388,3,1,0.5000,-0.0000,1.42238,-0.01642,-2.63437,1.07993,1.57082,0.11674,-0.12761,-0.48146,0.03156,,,,,,,,,,,,,,,,,,,,,,,,,,0,0,0,0,0
63.2723,1783969915.0391,3,1,0.5000,-0.0000,1.42238,-0.01642,-2.63437,1.07993,1.57082,0.11674,-0.12761,-0.48146,0.03156,,,,,,,,,,,,,,,,,,,,,,,,,,0,0,0,0,0
63.2730,1783969915.0398,3,1,0.5000,-0.0000,1.42238,-0.01642,-2.63437,1.07993,1.57082,0.11674,-0.12761,-0.48146,0.03156,,,,,,,,,,,,,,,,,,,,,,,,,,0,0,0,0,0
63.2734,1783969915.0402,3,1,0.5000,-0.0000,1.42238,-0.01642,-2.63437,1.07993,1.57082,0.11674,-0.12761,-0.48146,0.03156,,,,,,,,,,,,,,,,,,,,,,,,,,0,0,0,0,0
63.3042,1783969915.0710,3,1,0.5000,-0.0000,1.42238,-0.01663,-2.63441,1.08018,1.57082,0.11674,-0.12761,-0.48146,0.03149,,,,,,,,,,,,,,,,,,,,,,,,,,0,0,0,0,0
63.3110,1783969915.0777,3,1,0.5000,-0.0000,1.42238,-0.01667,-2.63441,1.08023,1.57082,0.11674,-0.12761,-0.48146,0.03148,,,,,,,,,,,,,,,,,,,,,,,,,,0,0,0,0,0
63.3170,1783969915.0838,3,1,0.5000,-0.0000,1.42238,-0.01675,-2.63442,1.08033,1.57082,0.11674,-0.12761,-0.48147,0.03145,,,,,,,,,,,,,,,,,,,,,,,,,,0,0,0,0,0
63.3301,1783969915.0969,3,1,0.5000,-0.0000,1.42238,-0.01689,-2.63444,1.08049,1.57082,0.11674,-0.12761,-0.48148,0.03141,,,,,,,,,,,,,,,,,,,,,,,,,,0,0,0,0,0
63.3473,1783969915.1141,3,1,0.5000,-0.0000,1.42238,-0.01707,-2.63445,1.08072,1.57082,0.11674,-0.12760,-0.48150,0.03136,,,,,,,,,,,,,,,,,,,,,,,,,,0,0,0,0,0
63.3474,1783969915.1142,3,1,0.5000,-0.0000,1.42238,-0.01707,-2.63445,1.08072,1.57082,0.11674,-0.12760,-0.48150,0.03136,,,,,,,,,,,,,,,,,,,,,,,,,,0,0,0,0,0
63.3557,1783969915.1225,3,1,0.5000,-0.0000,1.42238,-0.01707,-2.63445,1.08072,1.57082,0.11674,-0.12760,-0.48150,0.03136,,,,,,,,,,,,,,,,,,,,,,,,,,0,0,0,0,0
63.3565,1783969915.1233,3,1,0.5000,-0.0000,1.42238,-0.01707,-2.63445,1.08072,1.57082,0.11674,-0.12760,-0.48150,0.03136,,,,,,,,,,,,,,,,,,,,,,,,,,0,0,0,0,0
63.3698,1783969915.1366,3,1,0.5000,-0.0000,1.42238,-0.01707,-2.63445,1.08072,1.57082,0.11674,-0.12760,-0.48150,0.03136,,,,,,,,,,,,,,,,,,,,,,,,,,0,0,0,0,0
63.3736,1783969915.1404,3,1,0.5000,-0.0000,1.42238,-0.01707,-2.63445,1.08072,1.57082,0.11674,-0.12760,-0.48150,0.03136,,,,,,,,,,,,,,,,,,,,,,,,,,0,0,0,0,0
63.3913,1783969915.1581,3,1,0.5000,-0.0000,1.42238,-0.01707,-2.63445,1.08072,1.57082,0.11674,-0.12760,-0.48150,0.03136,,,,,,,,,,,,,,,,,,,,,,,,,,0,0,0,0,0
63.4020,1783969915.1688,3,1,0.5000,-0.0000,1.42238,-0.01707,-2.63445,1.08072,1.57082,0.11674,-0.12760,-0.48150,0.03136,,,,,,,,,,,,,,,,,,,,,,,,,,0,0,0,0,0
63.4024,1783969915.1692,3,1,0.5000,-0.0000,1.42238,-0.01707,-2.63445,1.08072,1.57082,0.11674,-0.12760,-0.48150,0.03136,,,,,,,,,,,,,,,,,,,,,,,,,,0,0,0,0,0
63.4027,1783969915.1695,3,1,0.5000,-0.0000,1.42238,-0.01707,-2.63445,1.08072,1.57082,0.11674,-0.12760,-0.48150,0.03136,,,,,,,,,,,,,,,,,,,,,,,,,,0,0,0,0,0
63.4121,1783969915.1788,3,1,0.5000,-0.0000,1.42238,-0.01707,-2.63445,1.08072,1.57082,0.11674,-0.12760,-0.48150,0.03136,,,,,,,,,,,,,,,,,,,,,,,,,,0,0,0,0,0
63.4124,1783969915.1792,3,1,0.5000,-0.0000,1.42238,-0.01707,-2.63445,1.08072,1.57082,0.11674,-0.12760,-0.48150,0.03136,,,,,,,,,,,,,,,,,,,,,,,,,,0,0,0,0,0
63.4194,1783969915.1861,3,1,0.5000,-0.0000,1.42238,-0.01707,-2.63445,1.08072,1.57082,0.11674,-0.12760,-0.48150,0.03136,,,,,,,,,,,,,,,,,,,,,,,,,,0,0,0,0,0
63.4352,1783969915.2020,3,1,0.5000,-0.0000,1.42238,-0.01707,-2.63445,1.08072,1.57082,0.11674,-0.12760,-0.48150,0.03136,,,,,,,,,,,,,,,,,,,,,,,,,,0,0,0,0,0
63.4354,1783969915.2022,3,1,0.5000,-0.0000,1.42238,-0.01707,-2.63445,1.08072,1.57082,0.11674,-0.12760,-0.48150,0.03136,,,,,,,,,,,,,,,,,,,,,,,,,,0,0,0,0,0
63.4512,1783969915.2180,3,1,0.5000,-0.0000,1.42238,-0.01707,-2.63445,1.08072,1.57082,0.11674,-0.12760,-0.48150,0.03136,,,,,,,,,,,,,,,,,,,,,,,,,,0,0,0,0,0
63.4575,1783969915.2243,3,1,0.5000,-0.0000,1.42238,-0.01707,-2.63445,1.08072,1.57082,0.11674,-0.12760,-0.48150,0.03136,,,,,,,,,,,,,,,,,,,,,,,,,,0,0,0,0,0
63.4598,1783969915.2265,3,1,0.5000,-0.0000,1.42238,-0.01707,-2.63445,1.08072,1.57082,0.11674,-0.12760,-0.48150,0.03136,,,,,,,,,,,,,,,,,,,,,,,,,,0,0,0,0,0
63.5313,1783969915.2981,3,1,0.5000,-0.0000,1.42238,-0.01707,-2.63445,1.08072,1.57082,0.11674,-0.12760,-0.48150,0.03136,,,,,,,,,,,,,,,,,,,,,,,,,,0,0,0,0,0
63.6130,1783969915.3798,3,1,0.5000,-0.0000,1.42238,-0.01719,-2.63454,1.08088,1.57082,0.11674,-0.12761,-0.48146,0.03130,,,,,,,,,,,,,,,,,,,,,,,,,,0,0,0,0,0
63.6133,1783969915.3800,3,1,0.5000,-0.0000,1.42238,-0.01719,-2.63454,1.08088,1.57082,0.11674,-0.12761,-0.48146,0.03130,,,,,,,,,,,,,,,,,,,,,,,,,,0,0,0,0,0
63.6461,1783969915.4129,3,1,0.5000,-0.0000,1.42238,-0.01732,-2.63459,1.08103,1.57082,0.11674,-0.12761,-0.48144,0.03124,,,,,,,,,,,,,,,,,,,,,,,,,,0,0,0,0,0
63.6465,1783969915.4133,3,1,0.5000,-0.0000,1.42238,-0.01732,-2.63459,1.08103,1.57082,0.11674,-0.12761,-0.48144,0.03124,,,,,,,,,,,,,,,,,,,,,,,,,,0,0,0,0,0
63.6476,1783969915.4144,3,1,0.5000,-0.0000,1.42238,-0.01732,-2.63459,1.08103,1.57082,0.11674,-0.12761,-0.48144,0.03124,,,,,,,,,,,,,,,,,,,,,,,,,,0,0,0,0,0
63.6579,1783969915.4246,3,1,0.5000,-0.0000,1.42238,-0.01734,-2.63459,1.08105,1.57082,0.11674,-0.12761,-0.48144,0.03124,,,,,,,,,,,,,,,,,,,,,,,,,,0,0,0,0,0
63.6583,1783969915.4251,3,1,0.5000,-0.0000,1.42238,-0.01734,-2.63459,1.08105,1.57082,0.11674,-0.12761,-0.48144,0.03124,,,,,,,,,,,,,,,,,,,,,,,,,,0,0,0,0,0
63.6669,1783969915.4337,3,1,0.5000,-0.0000,1.42238,-0.01739,-2.63460,1.08111,1.57082,0.11674,-0.12761,-0.48144,0.03122,,,,,,,,,,,,,,,,,,,,,,,,,,0,0,0,0,0
63.6811,1783969915.4479,3,1,0.5000,-0.0000,1.42238,-0.01746,-2.63461,1.08119,1.57082,0.11674,-0.12761,-0.48144,0.03120,,,,,,,,,,,,,,,,,,,,,,,,,,0,0,0,0,0
63.6877,1783969915.4545,3,1,0.5000,-0.0000,1.42238,-0.01753,-2.63462,1.08128,1.57082,0.11674,-0.12761,-0.48144,0.03118,,,,,,,,,,,,,,,,,,,,,,,,,,0,0,0,0,0
63.6892,1783969915.4560,3,1,0.5000,-0.0000,1.42238,-0.01753,-2.63462,1.08128,1.57082,0.11674,-0.12761,-0.48144,0.03118,,,,,,,,,,,,,,,,,,,,,,,,,,0,0,0,0,0
63.6895,1783969915.4563,3,1,0.5000,-0.0000,1.42238,-0.01753,-2.63462,1.08128,1.57082,0.11674,-0.12761,-0.48144,0.03118,,,,,,,,,,,,,,,,,,,,,,,,,,0,0,0,0,0
63.7108,1783969915.4776,3,1,0.5000,-0.0000,1.42238,-0.01770,-2.63465,1.08147,1.57082,0.11674,-0.12761,-0.48145,0.03113,,,,,,,,,,,,,,,,,,,,,,,,,,0,0,0,0,0
63.7179,1783969915.4846,3,1,0.5000,-0.0000,1.42238,-0.01774,-2.63465,1.08152,1.57082,0.11674,-0.12761,-0.48145,0.03111,,,,,,,,,,,,,,,,,,,,,,,,,,0,0,0,0,0
63.7208,1783969915.4876,3,1,0.5000,-0.0000,1.42238,-0.01777,-2.63465,1.08156,1.57082,0.11674,-0.12761,-0.48146,0.03110,,,,,,,,,,,,,,,,,,,,,,,,,,0,0,0,0,0
63.7217,1783969915.4885,3,1,0.5000,-0.0000,1.42238,-0.01777,-2.63465,1.08156,1.57082,0.11674,-0.12761,-0.48146,0.03110,,,,,,,,,,,,,,,,,,,,,,,,,,0,0,0,0,0
63.7220,1783969915.4888,3,1,0.5000,-0.0000,1.42238,-0.01777,-2.63465,1.08156,1.57082,0.11674,-0.12761,-0.48146,0.03110,,,,,,,,,,,,,,,,,,,,,,,,,,0,0,0,0,0
63.7261,1783969915.4929,3,1,0.5000,-0.0000,1.42238,-0.01781,-2.63466,1.08161,1.57082,0.11674,-0.12761,-0.48146,0.03109,,,,,,,,,,,,,,,,,,,,,,,,,,0,0,0,0,0
63.7266,1783969915.4933,3,1,0.5000,-0.0000,1.42238,-0.01781,-2.63466,1.08161,1.57082,0.11674,-0.12761,-0.48146,0.03109,,,,,,,,,,,,,,,,,,,,,,,,,,0,0,0,0,0
63.7317,1783969915.4985,3,1,0.5000,-0.0000,1.42238,-0.01790,-2.63467,1.08172,1.57082,0.11674,-0.12761,-0.48146,0.03107,,,,,,,,,,,,,,,,,,,,,,,,,,0,0,0,0,0
63.7478,1783969915.5146,3,1,0.5000,-0.0000,1.42238,-0.01794,-2.63467,1.08177,1.57082,0.11674,-0.12760,-0.48147,0.03106,,,,,,,,,,,,,,,,,,,,,,,,,,0,0,0,0,0
63.7548,1783969915.5215,3,1,0.5000,-0.0000,1.42238,-0.01796,-2.63467,1.08180,1.57082,0.11674,-0.12760,-0.48148,0.03105,,,,,,,,,,,,,,,,,,,,,,,,,,0,0,0,0,0
63.7556,1783969915.5224,3,1,0.5000,-0.0000,1.42238,-0.01799,-2.63467,1.08184,1.57082,0.11674,-0.12760,-0.48148,0.03105,,,,,,,,,,,,,,,,,,,,,,,,,,0,0,0,0,0
63.7579,1783969915.5247,3,1,0.5000,-0.0000,1.42238,-0.01799,-2.63467,1.08184,1.57082,0.11674,-0.12760,-0.48148,0.03105,,,,,,,,,,,,,,,,,,,,,,,,,,0,0,0,0,0
63.7584,1783969915.5252,3,1,0.5000,-0.0000,1.42238,-0.01799,-2.63467,1.08184,1.57082,0.11674,-0.12760,-0.48148,0.03105,,,,,,,,,,,,,,,,,,,,,,,,,,0,0,0,0,0
63.7655,1783969915.5323,3,1,0.5000,-0.0000,1.42238,-0.01806,-2.63467,1.08193,1.57082,0.11674,-0.12760,-0.48149,0.03103,,,,,,,,,,,,,,,,,,,,,,,,,,0,0,0,0,0
63.7696,1783969915.5364,3,1,0.5000,-0.0000,1.42238,-0.01810,-2.63466,1.08197,1.57082,0.11674,-0.12760,-0.48150,0.03102,,,,,,,,,,,,,,,,,,,,,,,,,,0,0,0,0,0
63.7699,1783969915.5367,3,1,0.5000,-0.0000,1.42238,-0.01810,-2.63466,1.08197,1.57082,0.11674,-0.12760,-0.48150,0.03102,,,,,,,,,,,,,,,,,,,,,,,,,,0,0,0,0,0
63.7772,1783969915.5440,3,1,0.5000,-0.0000,1.42238,-0.01817,-2.63466,1.08206,1.57082,0.11674,-0.12760,-0.48152,0.03101,,,,,,,,,,,,,,,,,,,,,,,,,,0,0,0,0,0
63.7869,1783969915.5537,3,1,0.5000,-0.0000,1.42238,-0.01824,-2.63464,1.08214,1.57082,0.11674,-0.12759,-0.48154,0.03100,,,,,,,,,,,,,,,,,,,,,,,,,,0,0,0,0,0
63.8013,1783969915.5681,3,1,0.5000,-0.0000,1.42238,-0.01829,-2.63461,1.08221,1.57082,0.11674,-0.12759,-0.48158,0.03100,,,,,,,,,,,,,,,,,,,,,,,,,,0,0,0,0,0
63.8120,1783969915.5788,3,1,0.5000,-0.0000,1.42238,-0.01829,-2.63461,1.08221,1.57082,0.11674,-0.12759,-0.48158,0.03100,,,,,,,,,,,,,,,,,,,,,,,,,,0,0,0,0,0
63.8124,1783969915.5792,3,1,0.5000,-0.0000,1.42238,-0.01829,-2.63461,1.08221,1.57082,0.11674,-0.12759,-0.48158,0.03100,,,,,,,,,,,,,,,,,,,,,,,,,,0,0,0,0,0
63.8160,1783969915.5828,3,1,0.5000,-0.0000,1.42238,-0.01829,-2.63461,1.08221,1.57082,0.11674,-0.12759,-0.48158,0.03100,,,,,,,,,,,,,,,,,,,,,,,,,,0,0,0,0,0
63.8164,1783969915.5832,3,1,0.5000,-0.0000,1.42238,-0.01829,-2.63461,1.08221,1.57082,0.11674,-0.12759,-0.48158,0.03100,,,,,,,,,,,,,,,,,,,,,,,,,,0,0,0,0,0
63.8174,1783969915.5842,3,1,0.5000,-0.0000,1.42238,-0.01829,-2.63461,1.08221,1.57082,0.11674,-0.12759,-0.48158,0.03100,,,,,,,,,,,,,,,,,,,,,,,,,,0,0,0,0,0
63.8314,1783969915.5982,3,1,0.5000,-0.0000,1.42238,-0.01829,-2.63461,1.08221,1.57082,0.11674,-0.12759,-0.48158,0.03100,,,,,,,,,,,,,,,,,,,,,,,,,,0,0,0,0,0
63.9157,1783969915.6825,3,1,0.5000,-0.0000,1.42238,-0.01829,-2.63461,1.08221,1.57082,0.11674,-0.12759,-0.48158,0.03100,,,,,,,,,,,,,,,,,,,,,,,,,,0,0,0,0,0
63.9160,1783969915.6828,3,1,0.5000,-0.0000,1.42238,-0.01829,-2.63461,1.08221,1.57082,0.11674,-0.12759,-0.48158,0.03100,,,,,,,,,,,,,,,,,,,,,,,,,,0,0,0,0,0
63.9172,1783969915.6840,3,1,0.5000,-0.0000,1.42238,-0.01829,-2.63461,1.08221,1.57082,0.11674,-0.12759,-0.48158,0.03100,,,,,,,,,,,,,,,,,,,,,,,,,,0,0,0,0,0
63.9194,1783969915.6862,3,1,0.5000,-0.0000,1.42238,-0.01829,-2.63461,1.08221,1.57082,0.11674,-0.12759,-0.48158,0.03100,,,,,,,,,,,,,,,,,,,,,,,,,,0,0,0,0,0
63.9246,1783969915.6914,3,1,0.5000,-0.0000,1.42238,-0.01829,-2.63461,1.08221,1.57082,0.11674,-0.12759,-0.48158,0.03100,,,,,,,,,,,,,,,,,,,,,,,,,,0,0,0,0,0
63.9267,1783969915.6934,3,1,0.5000,-0.0000,1.42238,-0.01829,-2.63461,1.08221,1.57082,0.11674,-0.12759,-0.48158,0.03100,,,,,,,,,,,,,,,,,,,,,,,,,,0,0,0,0,0
63.9270,1783969915.6938,3,1,0.5000,-0.0000,1.42238,-0.01829,-2.63461,1.08221,1.57082,0.11674,-0.12759,-0.48158,0.03100,,,,,,,,,,,,,,,,,,,,,,,,,,0,0,0,0,0
63.9275,1783969915.6943,3,1,0.5000,-0.0000,1.42238,-0.01829,-2.63461,1.08221,1.57082,0.11674,-0.12759,-0.48158,0.03100,,,,,,,,,,,,,,,,,,,,,,,,,,0,0,0,0,0
63.9362,1783969915.7029,3,1,0.5000,-0.0000,1.42238,-0.01829,-2.63461,1.08221,1.57082,0.11674,-0.12759,-0.48158,0.03100,,,,,,,,,,,,,,,,,,,,,,,,,,0,0,0,0,0
63.9399,1783969915.7067,3,1,0.5000,-0.0000,1.42238,-0.01829,-2.63461,1.08221,1.57082,0.11674,-0.12759,-0.48158,0.03100,,,,,,,,,,,,,,,,,,,,,,,,,,0,0,0,0,0
63.9402,1783969915.7070,3,1,0.5000,-0.0000,1.42238,-0.01829,-2.63461,1.08221,1.57082,0.11674,-0.12759,-0.48158,0.03100,,,,,,,,,,,,,,,,,,,,,,,,,,0,0,0,0,0
63.9409,1783969915.7077,3,1,0.5000,-0.0000,1.42238,-0.01829,-2.63461,1.08221,1.57082,0.11674,-0.12759,-0.48158,0.03100,,,,,,,,,,,,,,,,,,,,,,,,,,0,0,0,0,0
63.9412,1783969915.7080,3,1,0.5000,-0.0000,1.42238,-0.01829,-2.63461,1.08221,1.57082,0.11674,-0.12759,-0.48158,0.03100,,,,,,,,,,,,,,,,,,,,,,,,,,0,0,0,0,0
63.9415,1783969915.7083,3,1,0.5000,-0.0000,1.42238,-0.01829,-2.63461,1.08221,1.57082,0.11674,-0.12759,-0.48158,0.03100,,,,,,,,,,,,,,,,,,,,,,,,,,0,0,0,0,0
63.9447,1783969915.7115,3,1,0.5000,-0.0000,1.42238,-0.01829,-2.63461,1.08221,1.57082,0.11674,-0.12759,-0.48158,0.03100,,,,,,,,,,,,,,,,,,,,,,,,,,0,0,0,0,0
63.9450,1783969915.7117,3,1,0.5000,-0.0000,1.42238,-0.01829,-2.63461,1.08221,1.57082,0.11674,-0.12759,-0.48158,0.03100,,,,,,,,,,,,,,,,,,,,,,,,,,0,0,0,0,0
63.9464,1783969915.7132,3,1,0.5000,-0.0000,1.42238,-0.01829,-2.63461,1.08221,1.57082,0.11674,-0.12759,-0.48158,0.03100,,,,,,,,,,,,,,,,,,,,,,,,,,0,0,0,0,0
63.9467,1783969915.7135,3,1,0.5000,-0.0000,1.42238,-0.01829,-2.63461,1.08221,1.57082,0.11674,-0.12759,-0.48158,0.03100,,,,,,,,,,,,,,,,,,,,,,,,,,0,0,0,0,0
63.9470,1783969915.7138,3,1,0.5000,-0.0000,1.42238,-0.01829,-2.63461,1.08221,1.57082,0.11674,-0.12759,-0.48158,0.03100,,,,,,,,,,,,,,,,,,,,,,,,,,0,0,0,0,0
63.9506,1783969915.7174,3,1,0.5000,-0.0000,1.42238,-0.01829,-2.63461,1.08221,1.57082,0.11674,-0.12759,-0.48158,0.03100,,,,,,,,,,,,,,,,,,,,,,,,,,0,0,0,0,0
63.9537,1783969915.7205,3,1,0.5000,-0.0000,1.42238,-0.01829,-2.63461,1.08221,1.57082,0.11674,-0.12759,-0.48158,0.03100,,,,,,,,,,,,,,,,,,,,,,,,,,0,0,0,0,0
63.9599,1783969915.7267,3,1,0.5000,-0.0000,1.42238,-0.01829,-2.63461,1.08221,1.57082,0.11674,-0.12759,-0.48158,0.03100,,,,,,,,,,,,,,,,,,,,,,,,,,0,0,0,0,0
63.9605,1783969915.7273,3,1,0.5000,-0.0000,1.42238,-0.01829,-2.63461,1.08221,1.57082,0.11674,-0.12759,-0.48158,0.03100,,,,,,,,,,,,,,,,,,,,,,,,,,0,0,0,0,0
63.9632,1783969915.7300,3,1,0.5000,-0.0000,1.42238,-0.01829,-2.63461,1.08221,1.57082,0.11674,-0.12759,-0.48158,0.03100,,,,,,,,,,,,,,,,,,,,,,,,,,0,0,0,0,0
63.9706,1783969915.7374,3,1,0.5000,-0.0000,1.42238,-0.01829,-2.63461,1.08221,1.57082,0.11674,-0.12759,-0.48158,0.03100,,,,,,,,,,,,,,,,,,,,,,,,,,0,0,0,0,0
63.9712,1783969915.7380,3,1,0.5000,-0.0000,1.42238,-0.01829,-2.63461,1.08221,1.57082,0.11674,-0.12759,-0.48158,0.03100,,,,,,,,,,,,,,,,,,,,,,,,,,0,0,0,0,0
63.9720,1783969915.7388,3,1,0.5000,-0.0000,1.42238,-0.01829,-2.63461,1.08221,1.57082,0.11674,-0.12759,-0.48158,0.03100,,,,,,,,,,,,,,,,,,,,,,,,,,0,0,0,0,0
63.9815,1783969915.7483,3,1,0.5000,-0.0000,1.42238,-0.01829,-2.63461,1.08221,1.57082,0.11674,-0.12759,-0.48158,0.03100,,,,,,,,,,,,,,,,,,,,,,,,,,0,0,0,0,0
63.9978,1783969915.7646,3,1,0.5000,-0.0000,1.42238,-0.01830,-2.63463,1.08223,1.57082,0.11674,-0.12759,-0.48156,0.03099,,,,,,,,,,,,,,,,,,,,,,,,,,0,0,0,0,0
64.2338,1783969916.0006,3,1,0.5000,-0.0000,1.42237,-0.01949,-2.63487,1.08367,1.57083,0.11673,-0.12759,-0.48157,0.03060,,,,,,,,,,,,,,,,,,,,,,,,,,0,0,0,0,0
64.2764,1783969916.0432,3,1,0.5000,-0.0000,1.42237,-0.01949,-2.63487,1.08367,1.57083,0.11673,-0.12759,-0.48157,0.03060,,,,,,,,,,,,,,,,,,,,,,,,,,0,0,0,0,0
64.2771,1783969916.0439,3,1,0.5000,-0.0000,1.42237,-0.01949,-2.63487,1.08367,1.57083,0.11673,-0.12759,-0.48157,0.03060,,,,,,,,,,,,,,,,,,,,,,,,,,0,0,0,0,0
64.2774,1783969916.0441,3,1,0.5000,-0.0000,1.42237,-0.01949,-2.63487,1.08367,1.57083,0.11673,-0.12759,-0.48157,0.03060,,,,,,,,,,,,,,,,,,,,,,,,,,0,0,0,0,0
64.2896,1783969916.0564,3,1,0.5000,-0.0000,1.42237,-0.01949,-2.63487,1.08367,1.57083,0.11673,-0.12759,-0.48157,0.03060,,,,,,,,,,,,,,,,,,,,,,,,,,0,0,0,0,0
64.2920,1783969916.0588,3,1,0.5000,-0.0000,1.42237,-0.01949,-2.63487,1.08367,1.57083,0.11673,-0.12759,-0.48157,0.03060,,,,,,,,,,,,,,,,,,,,,,,,,,0,0,0,0,0
64.2960,1783969916.0628,3,1,0.5000,-0.0000,1.42237,-0.01949,-2.63487,1.08367,1.57083,0.11673,-0.12759,-0.48157,0.03060,,,,,,,,,,,,,,,,,,,,,,,,,,0,0,0,0,0
64.2975,1783969916.0643,3,1,0.5000,-0.0000,1.42237,-0.01949,-2.63487,1.08367,1.57083,0.11673,-0.12759,-0.48157,0.03060,,,,,,,,,,,,,,,,,,,,,,,,,,0,0,0,0,0
64.2979,1783969916.0647,3,1,0.5000,-0.0000,1.42237,-0.01949,-2.63487,1.08367,1.57083,0.11673,-0.12759,-0.48157,0.03060,,,,,,,,,,,,,,,,,,,,,,,,,,0,0,0,0,0
64.2984,1783969916.0652,3,1,0.5000,-0.0000,1.42237,-0.01949,-2.63487,1.08367,1.57083,0.11673,-0.12759,-0.48157,0.03060,,,,,,,,,,,,,,,,,,,,,,,,,,0,0,0,0,0
64.2990,1783969916.0658,3,1,0.5000,-0.0000,1.42237,-0.01949,-2.63487,1.08367,1.57083,0.11673,-0.12759,-0.48157,0.03060,,,,,,,,,,,,,,,,,,,,,,,,,,0,0,0,0,0
64.3027,1783969916.0694,3,1,0.5000,-0.0000,1.42237,-0.01949,-2.63487,1.08367,1.57083,0.11673,-0.12759,-0.48157,0.03060,,,,,,,,,,,,,,,,,,,,,,,,,,0,0,0,0,0
64.3029,1783969916.0697,3,1,0.5000,-0.0000,1.42237,-0.01949,-2.63487,1.08367,1.57083,0.11673,-0.12759,-0.48157,0.03060,,,,,,,,,,,,,,,,,,,,,,,,,,0,0,0,0,0
64.3121,1783969916.0789,3,1,0.5000,-0.0000,1.42237,-0.01949,-2.63487,1.08367,1.57083,0.11673,-0.12759,-0.48157,0.03060,,,,,,,,,,,,,,,,,,,,,,,,,,0,0,0,0,0
64.3124,1783969916.0792,3,1,0.5000,-0.0000,1.42237,-0.01949,-2.63487,1.08367,1.57083,0.11673,-0.12759,-0.48157,0.03060,,,,,,,,,,,,,,,,,,,,,,,,,,0,0,0,0,0
64.3213,1783969916.0881,3,1,0.5000,-0.0000,1.42237,-0.01949,-2.63487,1.08367,1.57083,0.11673,-0.12759,-0.48157,0.03060,,,,,,,,,,,,,,,,,,,,,,,,,,0,0,0,0,0
64.3244,1783969916.0912,3,1,0.5000,-0.0000,1.42237,-0.01949,-2.63487,1.08367,1.57083,0.11673,-0.12759,-0.48157,0.03060,,,,,,,,,,,,,,,,,,,,,,,,,,0,0,0,0,0
64.3247,1783969916.0915,3,1,0.5000,-0.0000,1.42237,-0.01949,-2.63487,1.08367,1.57083,0.11673,-0.12759,-0.48157,0.03060,,,,,,,,,,,,,,,,,,,,,,,,,,0,0,0,0,0
64.3254,1783969916.0921,3,1,0.5000,-0.0000,1.42237,-0.01949,-2.63487,1.08367,1.57083,0.11673,-0.12759,-0.48157,0.03060,,,,,,,,,,,,,,,,,,,,,,,,,,0,0,0,0,0
64.3256,1783969916.0924,3,1,0.5000,-0.0000,1.42237,-0.01949,-2.63487,1.08367,1.57083,0.11673,-0.12759,-0.48157,0.03060,,,,,,,,,,,,,,,,,,,,,,,,,,0,0,0,0,0
64.3266,1783969916.0933,3,1,0.5000,-0.0000,1.42237,-0.01949,-2.63487,1.08367,1.57083,0.11673,-0.12759,-0.48157,0.03060,,,,,,,,,,,,,,,,,,,,,,,,,,0,0,0,0,0
64.3278,1783969916.0946,3,1,0.5000,-0.0000,1.42237,-0.01949,-2.63487,1.08367,1.57083,0.11673,-0.12759,-0.48157,0.03060,,,,,,,,,,,,,,,,,,,,,,,,,,0,0,0,0,0
64.3336,1783969916.1004,3,1,0.5000,-0.0000,1.42237,-0.01949,-2.63487,1.08367,1.57083,0.11673,-0.12759,-0.48157,0.03060,,,,,,,,,,,,,,,,,,,,,,,,,,0,0,0,0,0
64.3346,1783969916.1014,3,1,0.5000,-0.0000,1.42237,-0.01949,-2.63487,1.08367,1.57083,0.11673,-0.12759,-0.48157,0.03060,,,,,,,,,,,,,,,,,,,,,,,,,,0,0,0,0,0
64.3348,1783969916.1016,3,1,0.5000,-0.0000,1.42237,-0.01949,-2.63487,1.08367,1.57083,0.11673,-0.12759,-0.48157,0.03060,,,,,,,,,,,,,,,,,,,,,,,,,,0,0,0,0,0
64.3358,1783969916.1025,3,1,0.5000,-0.0000,1.42237,-0.01949,-2.63487,1.08367,1.57083,0.11673,-0.12759,-0.48157,0.03060,,,,,,,,,,,,,,,,,,,,,,,,,,0,0,0,0,0
64.3359,1783969916.1027,3,1,0.5000,-0.0000,1.42237,-0.01949,-2.63487,1.08367,1.57083,0.11673,-0.12759,-0.48157,0.03060,,,,,,,,,,,,,,,,,,,,,,,,,,0,0,0,0,0
64.3407,1783969916.1075,3,1,0.5000,-0.0000,1.42237,-0.01949,-2.63487,1.08367,1.57083,0.11673,-0.12759,-0.48157,0.03060,,,,,,,,,,,,,,,,,,,,,,,,,,0,0,0,0,0
64.3438,1783969916.1105,3,1,0.5000,-0.0000,1.42237,-0.01949,-2.63487,1.08367,1.57083,0.11673,-0.12759,-0.48157,0.03060,,,,,,,,,,,,,,,,,,,,,,,,,,0,0,0,0,0
64.3439,1783969916.1107,3,1,0.5000,-0.0000,1.42237,-0.01949,-2.63487,1.08367,1.57083,0.11673,-0.12759,-0.48157,0.03060,,,,,,,,,,,,,,,,,,,,,,,,,,0,0,0,0,0
64.3444,1783969916.1112,3,1,0.5000,-0.0000,1.42237,-0.01949,-2.63487,1.08367,1.57083,0.11673,-0.12759,-0.48157,0.03060,,,,,,,,,,,,,,,,,,,,,,,,,,0,0,0,0,0
64.3447,1783969916.1115,3,1,0.5000,-0.0000,1.42237,-0.01949,-2.63487,1.08367,1.57083,0.11673,-0.12759,-0.48157,0.03060,,,,,,,,,,,,,,,,,,,,,,,,,,0,0,0,0,0
64.3502,1783969916.1170,3,1,0.5000,-0.0000,1.42237,-0.01949,-2.63487,1.08367,1.57083,0.11673,-0.12759,-0.48157,0.03060,,,,,,,,,,,,,,,,,,,,,,,,,,0,0,0,0,0
64.3506,1783969916.1173,3,1,0.5000,-0.0000,1.42237,-0.01949,-2.63487,1.08367,1.57083,0.11673,-0.12759,-0.48157,0.03060,,,,,,,,,,,,,,,,,,,,,,,,,,0,0,0,0,0
64.3540,1783969916.1207,3,1,0.5000,-0.0000,1.42237,-0.01949,-2.63487,1.08367,1.57083,0.11673,-0.12759,-0.48157,0.03060,,,,,,,,,,,,,,,,,,,,,,,,,,0,0,0,0,0
64.3543,1783969916.1211,3,1,0.5000,-0.0000,1.42237,-0.01949,-2.63487,1.08367,1.57083,0.11673,-0.12759,-0.48157,0.03060,,,,,,,,,,,,,,,,,,,,,,,,,,0,0,0,0,0
64.3564,1783969916.1232,3,1,0.5000,-0.0000,1.42237,-0.01949,-2.63487,1.08367,1.57083,0.11673,-0.12759,-0.48157,0.03060,,,,,,,,,,,,,,,,,,,,,,,,,,0,0,0,0,0
64.3566,1783969916.1234,3,1,0.5000,-0.0000,1.42237,-0.01949,-2.63487,1.08367,1.57083,0.11673,-0.12759,-0.48157,0.03060,,,,,,,,,,,,,,,,,,,,,,,,,,0,0,0,0,0
64.3695,1783969916.1363,3,1,0.5000,-0.0000,1.42237,-0.01949,-2.63487,1.08367,1.57083,0.11673,-0.12759,-0.48157,0.03060,,,,,,,,,,,,,,,,,,,,,,,,,,0,0,0,0,0
64.3700,1783969916.1368,3,1,0.5000,-0.0000,1.42237,-0.01949,-2.63487,1.08367,1.57083,0.11673,-0.12759,-0.48157,0.03060,,,,,,,,,,,,,,,,,,,,,,,,,,0,0,0,0,0
64.3705,1783969916.1373,3,1,0.5000,-0.0000,1.42237,-0.01949,-2.63487,1.08367,1.57083,0.11673,-0.12759,-0.48157,0.03060,,,,,,,,,,,,,,,,,,,,,,,,,,0,0,0,0,0
64.3799,1783969916.1467,3,1,0.5000,-0.0000,1.42237,-0.01949,-2.63487,1.08367,1.57083,0.11673,-0.12759,-0.48157,0.03060,,,,,,,,,,,,,,,,,,,,,,,,,,0,0,0,0,0
64.3804,1783969916.1472,3,1,0.5000,-0.0000,1.42237,-0.01949,-2.63487,1.08367,1.57083,0.11673,-0.12759,-0.48157,0.03060,,,,,,,,,,,,,,,,,,,,,,,,,,0,0,0,0,0
64.3909,1783969916.1576,3,1,0.5000,-0.0000,1.42237,-0.01949,-2.63487,1.08367,1.57083,0.11673,-0.12759,-0.48157,0.03060,,,,,,,,,,,,,,,,,,,,,,,,,,0,0,0,0,0
64.4000,1783969916.1668,3,1,0.5000,-0.0000,1.42237,-0.01949,-2.63487,1.08367,1.57083,0.11673,-0.12759,-0.48157,0.03060,,,,,,,,,,,,,,,,,,,,,,,,,,0,0,0,0,0
64.4167,1783969916.1834,3,1,0.5000,-0.0000,1.42237,-0.01949,-2.63489,1.08368,1.57083,0.11673,-0.12759,-0.48156,0.03059,,,,,,,,,,,,,,,,,,,,,,,,,,0,0,0,0,0
64.4359,1783969916.2027,3,1,0.5000,-0.0000,1.42237,-0.01951,-2.63492,1.08370,1.57083,0.11673,-0.12759,-0.48154,0.03058,,,,,,,,,,,,,,,,,,,,,,,,,,0,0,0,0,0
64.4424,1783969916.2092,3,1,0.5000,-0.0000,1.42237,-0.01951,-2.63493,1.08371,1.57083,0.11673,-0.12759,-0.48154,0.03057,,,,,,,,,,,,,,,,,,,,,,,,,,0,0,0,0,0
64.4432,1783969916.2100,3,1,0.5000,-0.0000,1.42237,-0.01951,-2.63493,1.08371,1.57083,0.11673,-0.12759,-0.48154,0.03057,,,,,,,,,,,,,,,,,,,,,,,,,,0,0,0,0,0
64.4436,1783969916.2104,3,1,0.5000,-0.0000,1.42237,-0.01953,-2.63494,1.08372,1.57083,0.11673,-0.12759,-0.48153,0.03056,,,,,,,,,,,,,,,,,,,,,,,,,,0,0,0,0,0
64.4551,1783969916.2219,3,1,0.5000,-0.0000,1.42237,-0.01954,-2.63496,1.08374,1.57083,0.11673,-0.12759,-0.48152,0.03055,,,,,,,,,,,,,,,,,,,,,,,,,,0,0,0,0,0
64.4639,1783969916.2307,3,1,0.5000,-0.0000,1.42237,-0.01957,-2.63498,1.08377,1.57083,0.11673,-0.12760,-0.48150,0.03053,,,,,,,,,,,,,,,,,,,,,,,,,,0,0,0,0,0
64.4643,1783969916.2311,3,1,0.5000,-0.0000,1.42237,-0.01957,-2.63498,1.08377,1.57083,0.11673,-0.12760,-0.48150,0.03053,,,,,,,,,,,,,,,,,,,,,,,,,,0,0,0,0,0
64.4714,1783969916.2382,3,1,0.5000,-0.0000,1.42237,-0.01959,-2.63499,1.08379,1.57083,0.11673,-0.12760,-0.48150,0.03052,,,,,,,,,,,,,,,,,,,,,,,,,,0,0,0,0,0
64.4866,1783969916.2534,3,1,0.5000,-0.0000,1.42237,-0.01967,-2.63505,1.08389,1.57083,0.11673,-0.12760,-0.48147,0.03048,,,,,,,,,,,,,,,,,,,,,,,,,,0,0,0,0,0
64.4952,1783969916.2620,3,1,0.5000,-0.0000,1.42237,-0.01969,-2.63506,1.08391,1.57083,0.11673,-0.12760,-0.48146,0.03047,,,,,,,,,,,,,,,,,,,,,,,,,,0,0,0,0,0
64.5053,1783969916.2721,3,1,0.5000,-0.0000,1.42237,-0.01977,-2.63508,1.08400,1.57083,0.11673,-0.12760,-0.48146,0.03044,,,,,,,,,,,,,,,,,,,,,,,,,,0,0,0,0,0
64.5153,1783969916.2821,3,1,0.5000,-0.0000,1.42237,-0.01985,-2.63510,1.08410,1.57083,0.11673,-0.12760,-0.48145,0.03041,,,,,,,,,,,,,,,,,,,,,,,,,,0,0,0,0,0
64.5201,1783969916.2869,3,1,0.5000,-0.0000,1.42237,-0.01986,-2.63511,1.08411,1.57083,0.11673,-0.12760,-0.48145,0.03041,,,,,,,,,,,,,,,,,,,,,,,,,,0,0,0,0,0
64.5296,1783969916.2964,3,1,0.5000,-0.0000,1.42237,-0.01990,-2.63511,1.08416,1.57083,0.11673,-0.12760,-0.48145,0.03039,,,,,,,,,,,,,,,,,,,,,,,,,,0,0,0,0,0
64.5448,1783969916.3116,3,1,0.5000,-0.0000,1.42237,-0.02003,-2.63514,1.08431,1.57083,0.11673,-0.12760,-0.48145,0.03035,,,,,,,,,,,,,,,,,,,,,,,,,,0,0,0,0,0
64.5497,1783969916.3165,3,1,0.5000,-0.0000,1.42237,-0.02004,-2.63514,1.08432,1.57083,0.11673,-0.12760,-0.48145,0.03035,,,,,,,,,,,,,,,,,,,,,,,,,,0,0,0,0,0
64.5597,1783969916.3265,3,1,0.5000,-0.0000,1.42237,-0.02012,-2.63515,1.08441,1.57083,0.11673,-0.12760,-0.48146,0.03032,,,,,,,,,,,,,,,,,,,,,,,,,,0,0,0,0,0
64.5737,1783969916.3405,3,1,0.5000,-0.0000,1.42237,-0.02026,-2.63517,1.08458,1.57083,0.11673,-0.12760,-0.48146,0.03028,,,,,,,,,,,,,,,,,,,,,,,,,,0,0,0,0,0
64.5800,1783969916.3468,3,1,0.5000,-0.0000,1.42237,-0.02026,-2.63517,1.08458,1.57083,0.11673,-0.12760,-0.48146,0.03028,,,,,,,,,,,,,,,,,,,,,,,,,,0,0,0,0,0
64.5903,1783969916.3570,3,1,0.5000,-0.0000,1.42237,-0.02030,-2.63518,1.08463,1.57083,0.11673,-0.12760,-0.48147,0.03027,,,,,,,,,,,,,,,,,,,,,,,,,,0,0,0,0,0
64.5906,1783969916.3574,3,1,0.5000,-0.0000,1.42237,-0.02030,-2.63518,1.08463,1.57083,0.11673,-0.12760,-0.48147,0.03027,,,,,,,,,,,,,,,,,,,,,,,,,,0,0,0,0,0
64.6041,1783969916.3709,3,1,0.5000,-0.0000,1.42237,-0.02043,-2.63518,1.08479,1.57083,0.11673,-0.12760,-0.48148,0.03023,,,,,,,,,,,,,,,,,,,,,,,,,,0,0,0,0,0
64.6045,1783969916.3713,3,1,0.5000,-0.0000,1.42237,-0.02043,-2.63518,1.08479,1.57083,0.11673,-0.12760,-0.48148,0.03023,,,,,,,,,,,,,,,,,,,,,,,,,,0,0,0,0,0
64.6112,1783969916.3780,3,1,0.5000,-0.0000,1.42237,-0.02047,-2.63518,1.08484,1.57083,0.11673,-0.12760,-0.48149,0.03022,,,,,,,,,,,,,,,,,,,,,,,,,,0,0,0,0,0
64.6263,1783969916.3931,3,1,0.5000,-0.0000,1.42237,-0.02062,-2.63517,1.08502,1.57083,0.11673,-0.12759,-0.48152,0.03019,,,,,,,,,,,,,,,,,,,,,,,,,,0,0,0,0,0
64.6339,1783969916.4007,3,1,0.5000,-0.0000,1.42237,-0.02067,-2.63516,1.08509,1.57083,0.11673,-0.12759,-0.48154,0.03019,,,,,,,,,,,,,,,,,,,,,,,,,,0,0,0,0,0
64.6408,1783969916.4076,3,1,0.5000,-0.0000,1.42237,-0.02069,-2.63515,1.08511,1.57083,0.11673,-0.12759,-0.48155,0.03019,,,,,,,,,,,,,,,,,,,,,,,,,,0,0,0,0,0
64.6502,1783969916.4169,3,1,0.5000,-0.0000,1.42237,-0.02069,-2.63515,1.08511,1.57083,0.11673,-0.12759,-0.48155,0.03019,,,,,,,,,,,,,,,,,,,,,,,,,,0,0,0,0,0
64.6636,1783969916.4303,3,1,0.5000,-0.0000,1.42237,-0.02069,-2.63515,1.08511,1.57083,0.11673,-0.12759,-0.48155,0.03019,,,,,,,,,,,,,,,,,,,,,,,,,,0,0,0,0,0
64.6641,1783969916.4308,3,1,0.5000,-0.0000,1.42237,-0.02069,-2.63515,1.08511,1.57083,0.11673,-0.12759,-0.48155,0.03019,,,,,,,,,,,,,,,,,,,,,,,,,,0,0,0,0,0
64.6720,1783969916.4388,3,1,0.5000,-0.0000,1.42237,-0.02069,-2.63515,1.08511,1.57083,0.11673,-0.12759,-0.48155,0.03019,,,,,,,,,,,,,,,,,,,,,,,,,,0,0,0,0,0
64.6722,1783969916.4390,3,1,0.5000,-0.0000,1.42237,-0.02069,-2.63515,1.08511,1.57083,0.11673,-0.12759,-0.48155,0.03019,,,,,,,,,,,,,,,,,,,,,,,,,,0,0,0,0,0
64.6842,1783969916.4510,3,1,0.5000,-0.0000,1.42237,-0.02069,-2.63515,1.08511,1.57083,0.11673,-0.12759,-0.48155,0.03019,,,,,,,,,,,,,,,,,,,,,,,,,,0,0,0,0,0
64.6923,1783969916.4591,3,1,0.5000,-0.0000,1.42237,-0.02069,-2.63515,1.08511,1.57083,0.11673,-0.12759,-0.48155,0.03019,,,,,,,,,,,,,,,,,,,,,,,,,,0,0,0,0,0
64.7040,1783969916.4708,3,1,0.5000,-0.0000,1.42237,-0.02069,-2.63515,1.08511,1.57083,0.11673,-0.12759,-0.48155,0.03019,,,,,,,,,,,,,,,,,,,,,,,,,,0,0,0,0,0
64.7119,1783969916.4787,3,1,0.5000,-0.0000,1.42237,-0.02069,-2.63515,1.08511,1.57083,0.11673,-0.12759,-0.48155,0.03019,,,,,,,,,,,,,,,,,,,,,,,,,,0,0,0,0,0
64.7200,1783969916.4868,3,1,0.5000,-0.0000,1.42237,-0.02069,-2.63515,1.08511,1.57083,0.11673,-0.12759,-0.48155,0.03019,,,,,,,,,,,,,,,,,,,,,,,,,,0,0,0,0,0
64.7204,1783969916.4872,3,1,0.5000,-0.0000,1.42237,-0.02069,-2.63515,1.08511,1.57083,0.11673,-0.12759,-0.48155,0.03019,,,,,,,,,,,,,,,,,,,,,,,,,,0,0,0,0,0
64.7322,1783969916.4990,3,1,0.5000,-0.0000,1.42237,-0.02069,-2.63515,1.08511,1.57083,0.11673,-0.12759,-0.48155,0.03019,,,,,,,,,,,,,,,,,,,,,,,,,,0,0,0,0,0
64.7466,1783969916.5134,3,1,0.5000,-0.0000,1.42237,-0.02069,-2.63515,1.08511,1.57083,0.11673,-0.12759,-0.48155,0.03019,,,,,,,,,,,,,,,,,,,,,,,,,,0,0,0,0,0
64.7493,1783969916.5161,3,1,0.5000,-0.0000,1.42237,-0.02069,-2.63515,1.08511,1.57083,0.11673,-0.12759,-0.48155,0.03019,,,,,,,,,,,,,,,,,,,,,,,,,,0,0,0,0,0
64.7605,1783969916.5273,3,1,0.5000,-0.0000,1.42237,-0.02069,-2.63515,1.08511,1.57083,0.11673,-0.12759,-0.48155,0.03019,,,,,,,,,,,,,,,,,,,,,,,,,,0,0,0,0,0
64.7693,1783969916.5360,3,1,0.5000,-0.0000,1.42237,-0.02069,-2.63515,1.08511,1.57083,0.11673,-0.12759,-0.48155,0.03019,,,,,,,,,,,,,,,,,,,,,,,,,,0,0,0,0,0
64.7695,1783969916.5363,3,1,0.5000,-0.0000,1.42237,-0.02069,-2.63515,1.08511,1.57083,0.11673,-0.12759,-0.48155,0.03019,,,,,,,,,,,,,,,,,,,,,,,,,,0,0,0,0,0
64.7827,1783969916.5495,3,1,0.5000,-0.0000,1.42237,-0.02069,-2.63515,1.08511,1.57083,0.11673,-0.12759,-0.48155,0.03019,,,,,,,,,,,,,,,,,,,,,,,,,,0,0,0,0,0
64.7931,1783969916.5599,3,1,0.5000,-0.0000,1.42237,-0.02069,-2.63515,1.08511,1.57083,0.11673,-0.12759,-0.48155,0.03019,,,,,,,,,,,,,,,,,,,,,,,,,,0,0,0,0,0
64.8011,1783969916.5679,3,1,0.5000,-0.0000,1.42237,-0.02069,-2.63515,1.08511,1.57083,0.11673,-0.12759,-0.48155,0.03019,,,,,,,,,,,,,,,,,,,,,,,,,,0,0,0,0,0
64.8095,1783969916.5763,3,1,0.5000,-0.0000,1.42237,-0.02069,-2.63515,1.08511,1.57083,0.11673,-0.12759,-0.48155,0.03019,,,,,,,,,,,,,,,,,,,,,,,,,,0,0,0,0,0
64.8249,1783969916.5917,3,1,0.5000,-0.0000,1.42237,-0.02069,-2.63515,1.08511,1.57083,0.11673,-0.12759,-0.48155,0.03019,,,,,,,,,,,,,,,,,,,,,,,,,,0,0,0,0,0
64.8343,1783969916.6011,3,1,0.5000,-0.0000,1.42237,-0.02069,-2.63516,1.08512,1.57083,0.11673,-0.12759,-0.48154,0.03018,,,,,,,,,,,,,,,,,,,,,,,,,,0,0,0,0,0
64.8478,1783969916.6145,3,1,0.5000,-0.0000,1.42237,-0.02070,-2.63518,1.08514,1.57083,0.11673,-0.12759,-0.48153,0.03017,,,,,,,,,,,,,,,,,,,,,,,,,,0,0,0,0,0
64.8500,1783969916.6168,3,1,0.5000,-0.0000,1.42237,-0.02070,-2.63518,1.08514,1.57083,0.11673,-0.12759,-0.48153,0.03017,,,,,,,,,,,,,,,,,,,,,,,,,,0,0,0,0,0
64.8503,1783969916.6171,3,1,0.5000,-0.0000,1.42237,-0.02070,-2.63518,1.08514,1.57083,0.11673,-0.12759,-0.48153,0.03017,,,,,,,,,,,,,,,,,,,,,,,,,,0,0,0,0,0
64.8617,1783969916.6284,3,1,0.5000,-0.0000,1.42237,-0.02071,-2.63519,1.08515,1.57083,0.11673,-0.12759,-0.48152,0.03017,,,,,,,,,,,,,,,,,,,,,,,,,,0,0,0,0,0
64.8693,1783969916.6361,3,1,0.5000,-0.0000,1.42237,-0.02073,-2.63522,1.08518,1.57083,0.11673,-0.12759,-0.48151,0.03015,,,,,,,,,,,,,,,,,,,,,,,,,,0,0,0,0,0
64.8807,1783969916.6475,3,1,0.5000,-0.0000,1.42237,-0.02076,-2.63525,1.08521,1.57083,0.11673,-0.12760,-0.48149,0.03013,,,,,,,,,,,,,,,,,,,,,,,,,,0,0,0,0,0
64.8908,1783969916.6576,3,1,0.5000,-0.0000,1.42237,-0.02077,-2.63526,1.08523,1.57083,0.11673,-0.12760,-0.48149,0.03012,,,,,,,,,,,,,,,,,,,,,,,,,,0,0,0,0,0
64.8911,1783969916.6579,3,1,0.5000,-0.0000,1.42237,-0.02077,-2.63526,1.08523,1.57083,0.11673,-0.12760,-0.48149,0.03012,,,,,,,,,,,,,,,,,,,,,,,,,,0,0,0,0,0
64.8999,1783969916.6667,3,1,0.5000,-0.0000,1.42237,-0.02083,-2.63529,1.08529,1.57083,0.11673,-0.12760,-0.48147,0.03009,,,,,,,,,,,,,,,,,,,,,,,,,,0,0,0,0,0
64.9105,1783969916.6773,3,1,0.5000,-0.0000,1.42237,-0.02083,-2.63529,1.08529,1.57083,0.11673,-0.12760,-0.48147,0.03009,,,,,,,,,,,,,,,,,,,,,,,,,,0,0,0,0,0
64.9193,1783969916.6861,3,1,0.5000,-0.0000,1.42237,-0.02087,-2.63530,1.08533,1.57083,0.11673,-0.12760,-0.48146,0.03008,,,,,,,,,,,,,,,,,,,,,,,,,,0,0,0,0,0
64.9301,1783969916.6969,3,1,0.5000,-0.0000,1.42237,-0.02096,-2.63533,1.08545,1.57083,0.11673,-0.12760,-0.48146,0.03004,,,,,,,,,,,,,,,,,,,,,,,,,,0,0,0,0,0
64.9416,1783969916.7084,3,1,0.5000,-0.0000,1.42237,-0.02101,-2.63534,1.08550,1.57083,0.11673,-0.12760,-0.48145,0.03002,,,,,,,,,,,,,,,,,,,,,,,,,,0,0,0,0,0
64.9493,1783969916.7160,3,1,0.5000,-0.0000,1.42237,-0.02105,-2.63535,1.08555,1.57083,0.11673,-0.12760,-0.48145,0.03001,,,,,,,,,,,,,,,,,,,,,,,,,,0,0,0,0,0
64.9593,1783969916.7261,3,1,0.5000,-0.0000,1.42237,-0.02113,-2.63537,1.08564,1.57083,0.11673,-0.12760,-0.48145,0.02998,,,,,,,,,,,,,,,,,,,,,,,,,,0,0,0,0,0
64.9692,1783969916.7360,3,1,0.5000,-0.0000,1.42237,-0.02123,-2.63539,1.08576,1.57083,0.11673,-0.12760,-0.48146,0.02995,,,,,,,,,,,,,,,,,,,,,,,,,,0,0,0,0,0
64.9841,1783969916.7508,3,1,0.5000,-0.0000,1.42237,-0.02132,-2.63540,1.08586,1.57083,0.11673,-0.12760,-0.48146,0.02992,,,,,,,,,,,,,,,,,,,,,,,,,,0,0,0,0,0
64.9917,1783969916.7585,3,1,0.5000,-0.0000,1.42237,-0.02136,-2.63540,1.08591,1.57083,0.11673,-0.12760,-0.48146,0.02991,,,,,,,,,,,,,,,,,,,,,,,,,,0,0,0,0,0
65.0094,1783969916.7762,3,1,0.5000,-0.0000,1.42236,-0.02162,-2.63544,1.08622,1.57083,0.11673,-0.12760,-0.48147,0.02983,,,,,,,,,,,,,,,,,,,,,,,,,,0,0,0,0,0
65.0096,1783969916.7764,3,1,0.5000,-0.0000,1.42236,-0.02162,-2.63544,1.08622,1.57083,0.11673,-0.12760,-0.48147,0.02983,,,,,,,,,,,,,,,,,,,,,,,,,,0,0,0,0,0
65.0148,1783969916.7816,3,1,0.5000,-0.0000,1.42236,-0.02167,-2.63545,1.08628,1.57083,0.11673,-0.12760,-0.48147,0.02981,,,,,,,,,,,,,,,,,,,,,,,,,,0,0,0,0,0
65.0198,1783969916.7866,3,1,0.5000,-0.0000,1.42236,-0.02176,-2.63546,1.08639,1.57083,0.11673,-0.12760,-0.48148,0.02979,,,,,,,,,,,,,,,,,,,,,,,,,,0,0,0,0,0
65.0302,1783969916.7970,3,1,0.5000,-0.0000,1.42236,-0.02182,-2.63547,1.08647,1.57083,0.11673,-0.12759,-0.48148,0.02977,,,,,,,,,,,,,,,,,,,,,,,,,,0,0,0,0,0
65.0392,1783969916.8060,3,1,0.5000,-0.0000,1.42236,-0.02182,-2.63547,1.08647,1.57083,0.11673,-0.12759,-0.48148,0.02977,,,,,,,,,,,,,,,,,,,,,,,,,,0,0,0,0,0
65.0398,1783969916.8065,3,1,0.5000,-0.0000,1.42236,-0.02182,-2.63547,1.08647,1.57083,0.11673,-0.12759,-0.48148,0.02977,,,,,,,,,,,,,,,,,,,,,,,,,,0,0,0,0,0
65.0508,1783969916.8176,3,1,0.5000,-0.0000,1.42236,-0.02182,-2.63547,1.08647,1.57083,0.11673,-0.12759,-0.48148,0.02977,,,,,,,,,,,,,,,,,,,,,,,,,,0,0,0,0,0
65.0612,1783969916.8280,3,1,0.5000,-0.0000,1.42236,-0.02182,-2.63547,1.08647,1.57083,0.11673,-0.12759,-0.48148,0.02977,,,,,,,,,,,,,,,,,,,,,,,,,,0,0,0,0,0
65.0615,1783969916.8282,3,1,0.5000,-0.0000,1.42236,-0.02182,-2.63547,1.08647,1.57083,0.11673,-0.12759,-0.48148,0.02977,,,,,,,,,,,,,,,,,,,,,,,,,,0,0,0,0,0
65.0695,1783969916.8362,3,1,0.5000,-0.0000,1.42236,-0.02182,-2.63547,1.08647,1.57083,0.11673,-0.12759,-0.48148,0.02977,,,,,,,,,,,,,,,,,,,,,,,,,,0,0,0,0,0
65.0699,1783969916.8367,3,1,0.5000,-0.0000,1.42236,-0.02182,-2.63547,1.08647,1.57083,0.11673,-0.12759,-0.48148,0.02977,,,,,,,,,,,,,,,,,,,,,,,,,,0,0,0,0,0
65.0864,1783969916.8532,3,1,0.5000,-0.0000,1.42236,-0.02182,-2.63547,1.08647,1.57083,0.11673,-0.12759,-0.48148,0.02977,,,,,,,,,,,,,,,,,,,,,,,,,,0,0,0,0,0
65.0867,1783969916.8535,3,1,0.5000,-0.0000,1.42236,-0.02182,-2.63547,1.08647,1.57083,0.11673,-0.12759,-0.48148,0.02977,,,,,,,,,,,,,,,,,,,,,,,,,,0,0,0,0,0
65.0909,1783969916.8577,3,1,0.5000,-0.0000,1.42236,-0.02182,-2.63547,1.08647,1.57083,0.11673,-0.12759,-0.48148,0.02977,,,,,,,,,,,,,,,,,,,,,,,,,,0,0,0,0,0
65.0914,1783969916.8582,3,1,0.5000,-0.0000,1.42236,-0.02182,-2.63547,1.08647,1.57083,0.11673,-0.12759,-0.48148,0.02977,,,,,,,,,,,,,,,,,,,,,,,,,,0,0,0,0,0
65.1023,1783969916.8691,3,1,0.5000,-0.0000,1.42236,-0.02182,-2.63547,1.08647,1.57083,0.11673,-0.12759,-0.48148,0.02977,,,,,,,,,,,,,,,,,,,,,,,,,,0,0,0,0,0
65.1106,1783969916.8774,3,1,0.5000,-0.0000,1.42236,-0.02182,-2.63547,1.08647,1.57083,0.11673,-0.12759,-0.48148,0.02977,,,,,,,,,,,,,,,,,,,,,,,,,,0,0,0,0,0
65.1345,1783969916.9012,3,1,0.5000,-0.0000,1.42236,-0.02182,-2.63547,1.08647,1.57083,0.11673,-0.12759,-0.48148,0.02977,,,,,,,,,,,,,,,,,,,,,,,,,,0,0,0,0,0
65.1410,1783969916.9078,3,1,0.5000,-0.0000,1.42236,-0.02182,-2.63547,1.08647,1.57083,0.11673,-0.12759,-0.48148,0.02977,,,,,,,,,,,,,,,,,,,,,,,,,,0,0,0,0,0
65.1413,1783969916.9081,3,1,0.5000,-0.0000,1.42236,-0.02182,-2.63547,1.08647,1.57083,0.11673,-0.12759,-0.48148,0.02977,,,,,,,,,,,,,,,,,,,,,,,,,,0,0,0,0,0
65.1545,1783969916.9213,3,1,0.5000,-0.0000,1.42236,-0.02182,-2.63547,1.08647,1.57083,0.11673,-0.12759,-0.48148,0.02977,,,,,,,,,,,,,,,,,,,,,,,,,,0,0,0,0,0
65.1639,1783969916.9306,3,1,0.5000,-0.0000,1.42236,-0.02182,-2.63547,1.08647,1.57083,0.11673,-0.12759,-0.48148,0.02977,,,,,,,,,,,,,,,,,,,,,,,,,,0,0,0,0,0
65.1643,1783969916.9311,3,1,0.5000,-0.0000,1.42236,-0.02182,-2.63547,1.08647,1.57083,0.11673,-0.12759,-0.48148,0.02977,,,,,,,,,,,,,,,,,,,,,,,,,,0,0,0,0,0
65.1727,1783969916.9395,3,1,0.5000,-0.0000,1.42236,-0.02182,-2.63547,1.08647,1.57083,0.11673,-0.12759,-0.48148,0.02977,,,,,,,,,,,,,,,,,,,,,,,,,,0,0,0,0,0
65.2042,1783969916.9710,3,1,0.5000,-0.0000,1.42236,-0.02182,-2.63547,1.08647,1.57083,0.11673,-0.12759,-0.48148,0.02977,,,,,,,,,,,,,,,,,,,,,,,,,,0,0,0,0,0
65.2072,1783969916.9740,3,1,0.5000,-0.0000,1.42236,-0.02182,-2.63547,1.08647,1.57083,0.11673,-0.12759,-0.48148,0.02977,,,,,,,,,,,,,,,,,,,,,,,,,,0,0,0,0,0
65.2078,1783969916.9746,3,1,0.5000,-0.0000,1.42236,-0.02182,-2.63547,1.08647,1.57083,0.11673,-0.12759,-0.48148,0.02977,,,,,,,,,,,,,,,,,,,,,,,,,,0,0,0,0,0
65.2101,1783969916.9768,3,1,0.5000,-0.0000,1.42236,-0.02182,-2.63547,1.08647,1.57083,0.11673,-0.12759,-0.48148,0.02977,,,,,,,,,,,,,,,,,,,,,,,,,,0,0,0,0,0
65.2106,1783969916.9773,3,1,0.5000,-0.0000,1.42236,-0.02182,-2.63547,1.08647,1.57083,0.11673,-0.12759,-0.48148,0.02977,,,,,,,,,,,,,,,,,,,,,,,,,,0,0,0,0,0
65.2204,1783969916.9871,3,1,0.5000,-0.0000,1.42236,-0.02182,-2.63547,1.08647,1.57083,0.11673,-0.12759,-0.48148,0.02977,,,,,,,,,,,,,,,,,,,,,,,,,,0,0,0,0,0
65.2206,1783969916.9874,3,1,0.5000,-0.0000,1.42236,-0.02182,-2.63547,1.08647,1.57083,0.11673,-0.12759,-0.48148,0.02977,,,,,,,,,,,,,,,,,,,,,,,,,,0,0,0,0,0
65.2361,1783969917.0029,3,1,0.5000,-0.0000,1.42236,-0.02182,-2.63547,1.08647,1.57083,0.11673,-0.12759,-0.48148,0.02977,,,,,,,,,,,,,,,,,,,,,,,,,,0,0,0,0,0
65.2365,1783969917.0033,3,1,0.5000,-0.0000,1.42236,-0.02182,-2.63547,1.08647,1.57083,0.11673,-0.12759,-0.48148,0.02977,,,,,,,,,,,,,,,,,,,,,,,,,,0,0,0,0,0
65.2461,1783969917.0128,3,1,0.5000,-0.0000,1.42236,-0.02182,-2.63547,1.08647,1.57083,0.11673,-0.12759,-0.48148,0.02977,,,,,,,,,,,,,,,,,,,,,,,,,,0,0,0,0,0
65.2503,1783969917.0171,3,1,0.5000,-0.0000,1.42236,-0.02182,-2.63547,1.08647,1.57083,0.11673,-0.12759,-0.48148,0.02977,,,,,,,,,,,,,,,,,,,,,,,,,,0,0,0,0,0
65.2507,1783969917.0174,3,1,0.5000,-0.0000,1.42236,-0.02182,-2.63547,1.08647,1.57083,0.11673,-0.12759,-0.48148,0.02977,,,,,,,,,,,,,,,,,,,,,,,,,,0,0,0,0,0
65.2646,1783969917.0314,3,1,0.5000,-0.0000,1.42236,-0.02182,-2.63547,1.08647,1.57083,0.11673,-0.12759,-0.48148,0.02977,,,,,,,,,,,,,,,,,,,,,,,,,,0,0,0,0,0
65.2723,1783969917.0391,3,1,0.5000,-0.0000,1.42236,-0.02183,-2.63547,1.08648,1.57083,0.11673,-0.12759,-0.48148,0.02977,,,,,,,,,,,,,,,,,,,,,,,,,,0,0,0,0,0
65.2852,1783969917.0519,3,1,0.5000,-0.0000,1.42236,-0.02187,-2.63548,1.08653,1.57083,0.11673,-0.12759,-0.48148,0.02975,,,,,,,,,,,,,,,,,,,,,,,,,,0,0,0,0,0
65.2966,1783969917.0633,3,1,0.5000,-0.0000,1.42236,-0.02191,-2.63550,1.08658,1.57083,0.11673,-0.12760,-0.48148,0.02974,,,,,,,,,,,,,,,,,,,,,,,,,,0,0,0,0,0
65.3020,1783969917.0688,3,1,0.5000,-0.0000,1.42236,-0.02191,-2.63550,1.08659,1.57083,0.11673,-0.12760,-0.48148,0.02974,,,,,,,,,,,,,,,,,,,,,,,,,,0,0,0,0,0
65.3023,1783969917.0691,3,1,0.5000,-0.0000,1.42236,-0.02191,-2.63550,1.08659,1.57083,0.11673,-0.12760,-0.48148,0.02974,,,,,,,,,,,,,,,,,,,,,,,,,,0,0,0,0,0
65.3124,1783969917.0792,3,1,0.5000,-0.0000,1.42236,-0.02196,-2.63553,1.08664,1.57083,0.11673,-0.12760,-0.48146,0.02971,,,,,,,,,,,,,,,,,,,,,,,,,,0,0,0,0,0
65.3128,1783969917.0796,3,1,0.5000,-0.0000,1.42236,-0.02196,-2.63553,1.08664,1.57083,0.11673,-0.12760,-0.48146,0.02971,,,,,,,,,,,,,,,,,,,,,,,,,,0,0,0,0,0
65.3237,1783969917.0905,3,1,0.5000,-0.0000,1.42236,-0.02201,-2.63555,1.08670,1.57083,0.11673,-0.12760,-0.48145,0.02969,,,,,,,,,,,,,,,,,,,,,,,,,,0,0,0,0,0
65.3410,1783969917.1077,3,1,0.5000,-0.0000,1.42236,-0.02207,-2.63557,1.08678,1.57083,0.11673,-0.12760,-0.48145,0.02967,,,,,,,,,,,,,,,,,,,,,,,,,,0,0,0,0,0
65.3469,1783969917.1136,3,1,0.5000,-0.0000,1.42236,-0.02210,-2.63557,1.08682,1.57083,0.11673,-0.12760,-0.48145,0.02966,,,,,,,,,,,,,,,,,,,,,,,,,,0,0,0,0,0
65.3473,1783969917.1141,3,1,0.5000,-0.0000,1.42236,-0.02210,-2.63557,1.08682,1.57083,0.11673,-0.12760,-0.48145,0.02966,,,,,,,,,,,,,,,,,,,,,,,,,,0,0,0,0,0
65.3507,1783969917.1175,3,1,0.5000,-0.0000,1.42236,-0.02214,-2.63558,1.08686,1.57083,0.11673,-0.12760,-0.48145,0.02964,,,,,,,,,,,,,,,,,,,,,,,,,,0,0,0,0,0
65.3606,1783969917.1273,3,1,0.5000,-0.0000,1.42236,-0.02219,-2.63559,1.08691,1.57083,0.11673,-0.12760,-0.48145,0.02963,,,,,,,,,,,,,,,,,,,,,,,,,,0,0,0,0,0
65.3693,1783969917.1361,3,1,0.5000,-0.0000,1.42236,-0.02223,-2.63560,1.08697,1.57083,0.11673,-0.12760,-0.48145,0.02961,,,,,,,,,,,,,,,,,,,,,,,,,,0,0,0,0,0
65.4225,1783969917.1893,3,1,0.5000,-0.0000,1.42236,-0.02256,-2.63566,1.08735,1.57083,0.11673,-0.12760,-0.48146,0.02951,,,,,,,,,,,,,,,,,,,,,,,,,,0,0,0,0,0
65.4227,1783969917.1895,3,1,0.5000,-0.0000,1.42236,-0.02256,-2.63566,1.08735,1.57083,0.11673,-0.12760,-0.48146,0.02951,,,,,,,,,,,,,,,,,,,,,,,,,,0,0,0,0,0
65.4270,1783969917.1937,3,1,0.5000,-0.0000,1.42236,-0.02259,-2.63566,1.08739,1.57083,0.11673,-0.12760,-0.48146,0.02950,,,,,,,,,,,,,,,,,,,,,,,,,,0,0,0,0,0
65.4272,1783969917.1940,3,1,0.5000,-0.0000,1.42236,-0.02259,-2.63566,1.08739,1.57083,0.11673,-0.12760,-0.48146,0.02950,,,,,,,,,,,,,,,,,,,,,,,,,,0,0,0,0,0
65.4278,1783969917.1946,3,1,0.5000,-0.0000,1.42236,-0.02262,-2.63566,1.08743,1.57083,0.11673,-0.12760,-0.48146,0.02949,,,,,,,,,,,,,,,,,,,,,,,,,,0,0,0,0,0
65.4302,1783969917.1969,3,1,0.5000,-0.0000,1.42236,-0.02262,-2.63566,1.08743,1.57083,0.11673,-0.12760,-0.48146,0.02949,,,,,,,,,,,,,,,,,,,,,,,,,,0,0,0,0,0
65.4305,1783969917.1973,3,1,0.5000,-0.0000,1.42236,-0.02262,-2.63566,1.08743,1.57083,0.11673,-0.12760,-0.48146,0.02949,,,,,,,,,,,,,,,,,,,,,,,,,,0,0,0,0,0
65.4474,1783969917.2142,3,1,0.5000,-0.0000,1.42236,-0.02282,-2.63568,1.08767,1.57083,0.11673,-0.12759,-0.48148,0.02944,,,,,,,,,,,,,,,,,,,,,,,,,,0,0,0,0,0
65.4521,1783969917.2189,3,1,0.5000,-0.0000,1.42236,-0.02292,-2.63569,1.08779,1.57083,0.11673,-0.12759,-0.48149,0.02941,,,,,,,,,,,,,,,,,,,,,,,,,,0,0,0,0,0
65.4525,1783969917.2193,3,1,0.5000,-0.0000,1.42236,-0.02292,-2.63569,1.08779,1.57083,0.11673,-0.12759,-0.48149,0.02941,,,,,,,,,,,,,,,,,,,,,,,,,,0,0,0,0,0
65.4616,1783969917.2284,3,1,0.5000,-0.0000,1.42236,-0.02301,-2.63569,1.08790,1.57083,0.11673,-0.12759,-0.48150,0.02939,,,,,,,,,,,,,,,,,,,,,,,,,,0,0,0,0,0
65.4709,1783969917.2377,3,1,0.5000,-0.0000,1.42236,-0.02307,-2.63569,1.08798,1.57083,0.11673,-0.12759,-0.48151,0.02937,,,,,,,,,,,,,,,,,,,,,,,,,,0,0,0,0,0
65.4792,1783969917.2460,3,1,0.5000,-0.0000,1.42236,-0.02309,-2.63569,1.08800,1.57083,0.11673,-0.12759,-0.48152,0.02937,,,,,,,,,,,,,,,,,,,,,,,,,,0,0,0,0,0
65.4798,1783969917.2466,3,1,0.5000,-0.0000,1.42236,-0.02309,-2.63569,1.08800,1.57083,0.11673,-0.12759,-0.48152,0.02937,,,,,,,,,,,,,,,,,,,,,,,,,,0,0,0,0,0
65.4999,1783969917.2667,3,1,0.5000,-0.0000,1.42236,-0.02309,-2.63569,1.08800,1.57083,0.11673,-0.12759,-0.48152,0.02937,,,,,,,,,,,,,,,,,,,,,,,,,,0,0,0,0,0
65.5002,1783969917.2670,3,1,0.5000,-0.0000,1.42236,-0.02309,-2.63569,1.08800,1.57083,0.11673,-0.12759,-0.48152,0.02937,,,,,,,,,,,,,,,,,,,,,,,,,,0,0,0,0,0
65.5017,1783969917.2685,3,1,0.5000,-0.0000,1.42236,-0.02309,-2.63569,1.08800,1.57083,0.11673,-0.12759,-0.48152,0.02937,,,,,,,,,,,,,,,,,,,,,,,,,,0,0,0,0,0
65.5021,1783969917.2688,3,1,0.5000,-0.0000,1.42236,-0.02309,-2.63569,1.08800,1.57083,0.11673,-0.12759,-0.48152,0.02937,,,,,,,,,,,,,,,,,,,,,,,,,,0,0,0,0,0
65.5111,1783969917.2779,3,1,0.5000,-0.0000,1.42236,-0.02309,-2.63569,1.08800,1.57083,0.11673,-0.12759,-0.48152,0.02937,,,,,,,,,,,,,,,,,,,,,,,,,,0,0,0,0,0
65.5118,1783969917.2786,3,1,0.5000,-0.0000,1.42236,-0.02309,-2.63569,1.08800,1.57083,0.11673,-0.12759,-0.48152,0.02937,,,,,,,,,,,,,,,,,,,,,,,,,,0,0,0,0,0
65.5231,1783969917.2899,3,1,0.5000,-0.0000,1.42236,-0.02309,-2.63569,1.08800,1.57083,0.11673,-0.12759,-0.48152,0.02937,,,,,,,,,,,,,,,,,,,,,,,,,,0,0,0,0,0
65.5303,1783969917.2970,3,1,0.5000,-0.0000,1.42236,-0.02309,-2.63569,1.08800,1.57083,0.11673,-0.12759,-0.48152,0.02937,,,,,,,,,,,,,,,,,,,,,,,,,,0,0,0,0,0
65.5514,1783969917.3182,3,1,0.5000,-0.0000,1.42236,-0.02309,-2.63569,1.08800,1.57083,0.11673,-0.12759,-0.48152,0.02937,,,,,,,,,,,,,,,,,,,,,,,,,,0,0,0,0,0
65.5520,1783969917.3188,3,1,0.5000,-0.0000,1.42236,-0.02309,-2.63569,1.08800,1.57083,0.11673,-0.12759,-0.48152,0.02937,,,,,,,,,,,,,,,,,,,,,,,,,,0,0,0,0,0
65.5529,1783969917.3197,3,1,0.5000,-0.0000,1.42236,-0.02309,-2.63569,1.08800,1.57083,0.11673,-0.12759,-0.48152,0.02937,,,,,,,,,,,,,,,,,,,,,,,,,,0,0,0,0,0
65.5600,1783969917.3267,3,1,0.5000,-0.0000,1.42236,-0.02309,-2.63569,1.08800,1.57083,0.11673,-0.12759,-0.48152,0.02937,,,,,,,,,,,,,,,,,,,,,,,,,,0,0,0,0,0
65.5841,1783969917.3508,3,1,0.5000,-0.0000,1.42236,-0.02309,-2.63569,1.08800,1.57083,0.11673,-0.12759,-0.48152,0.02937,,,,,,,,,,,,,,,,,,,,,,,,,,0,0,0,0,0
65.5844,1783969917.3512,3,1,0.5000,-0.0000,1.42236,-0.02309,-2.63569,1.08800,1.57083,0.11673,-0.12759,-0.48152,0.02937,,,,,,,,,,,,,,,,,,,,,,,,,,0,0,0,0,0
65.5934,1783969917.3602,3,1,0.5000,-0.0000,1.42236,-0.02309,-2.63569,1.08800,1.57083,0.11673,-0.12759,-0.48152,0.02937,,,,,,,,,,,,,,,,,,,,,,,,,,0,0,0,0,0
65.6055,1783969917.3723,3,1,0.5000,-0.0000,1.42236,-0.02309,-2.63569,1.08800,1.57083,0.11673,-0.12759,-0.48152,0.02937,,,,,,,,,,,,,,,,,,,,,,,,,,0,0,0,0,0
65.6098,1783969917.3765,3,1,0.5000,-0.0000,1.42236,-0.02309,-2.63569,1.08800,1.57083,0.11673,-0.12759,-0.48152,0.02937,,,,,,,,,,,,,,,,,,,,,,,,,,0,0,0,0,0
65.6227,1783969917.3895,3,1,0.5000,-0.0000,1.42236,-0.02309,-2.63569,1.08800,1.57083,0.11673,-0.12759,-0.48152,0.02937,,,,,,,,,,,,,,,,,,,,,,,,,,0,0,0,0,0
65.6327,1783969917.3995,3,1,0.5000,-0.0000,1.42236,-0.02309,-2.63569,1.08800,1.57083,0.11673,-0.12759,-0.48152,0.02937,,,,,,,,,,,,,,,,,,,,,,,,,,0,0,0,0,0
65.6418,1783969917.4086,3,1,0.5000,-0.0000,1.42236,-0.02309,-2.63569,1.08800,1.57083,0.11673,-0.12759,-0.48152,0.02937,,,,,,,,,,,,,,,,,,,,,,,,,,0,0,0,0,0
65.6421,1783969917.4089,3,1,0.5000,-0.0000,1.42236,-0.02309,-2.63569,1.08800,1.57083,0.11673,-0.12759,-0.48152,0.02937,,,,,,,,,,,,,,,,,,,,,,,,,,0,0,0,0,0
65.6622,1783969917.4289,3,1,0.5000,-0.0000,1.42236,-0.02309,-2.63569,1.08800,1.57083,0.11673,-0.12759,-0.48152,0.02937,,,,,,,,,,,,,,,,,,,,,,,,,,0,0,0,0,0
65.6627,1783969917.4295,3,1,0.5000,-0.0000,1.42236,-0.02309,-2.63569,1.08800,1.57083,0.11673,-0.12759,-0.48152,0.02937,,,,,,,,,,,,,,,,,,,,,,,,,,0,0,0,0,0
65.6631,1783969917.4299,3,1,0.5000,-0.0000,1.42236,-0.02309,-2.63569,1.08800,1.57083,0.11673,-0.12759,-0.48152,0.02937,,,,,,,,,,,,,,,,,,,,,,,,,,0,0,0,0,0
65.6728,1783969917.4395,3,1,0.5000,-0.0000,1.42236,-0.02309,-2.63569,1.08800,1.57083,0.11673,-0.12759,-0.48152,0.02937,,,,,,,,,,,,,,,,,,,,,,,,,,0,0,0,0,0
65.6887,1783969917.4555,3,1,0.5000,-0.0000,1.42236,-0.02309,-2.63569,1.08800,1.57083,0.11673,-0.12759,-0.48152,0.02937,,,,,,,,,,,,,,,,,,,,,,,,,,0,0,0,0,0
65.6962,1783969917.4630,3,1,0.5000,-0.0000,1.42236,-0.02310,-2.63569,1.08801,1.57083,0.11673,-0.12759,-0.48151,0.02936,,,,,,,,,,,,,,,,,,,,,,,,,,0,0,0,0,0
65.7010,1783969917.4678,3,1,0.5000,-0.0000,1.42236,-0.02310,-2.63570,1.08802,1.57083,0.11673,-0.12759,-0.48151,0.02936,,,,,,,,,,,,,,,,,,,,,,,,,,0,0,0,0,0
65.7110,1783969917.4777,3,1,0.5000,-0.0000,1.42236,-0.02312,-2.63572,1.08805,1.57083,0.11673,-0.12759,-0.48150,0.02935,,,,,,,,,,,,,,,,,,,,,,,,,,0,0,0,0,0
65.7226,1783969917.4894,3,1,0.5000,-0.0000,1.42236,-0.02314,-2.63574,1.08807,1.57083,0.11673,-0.12759,-0.48149,0.02934,,,,,,,,,,,,,,,,,,,,,,,,,,0,0,0,0,0
65.7311,1783969917.4979,3,1,0.5000,-0.0000,1.42236,-0.02316,-2.63575,1.08809,1.57083,0.11673,-0.12759,-0.48148,0.02933,,,,,,,,,,,,,,,,,,,,,,,,,,0,0,0,0,0
65.7451,1783969917.5119,3,1,0.5000,-0.0000,1.42236,-0.02324,-2.63580,1.08818,1.57083,0.11673,-0.12760,-0.48146,0.02928,,,,,,,,,,,,,,,,,,,,,,,,,,0,0,0,0,0
65.7503,1783969917.5171,3,1,0.5000,-0.0000,1.42236,-0.02324,-2.63580,1.08818,1.57083,0.11673,-0.12760,-0.48146,0.02928,,,,,,,,,,,,,,,,,,,,,,,,,,0,0,0,0,0
65.7610,1783969917.5278,3,1,0.5000,-0.0000,1.42236,-0.02327,-2.63581,1.08822,1.57083,0.11673,-0.12760,-0.48145,0.02927,,,,,,,,,,,,,,,,,,,,,,,,,,0,0,0,0,0
65.7613,1783969917.5281,3,1,0.5000,-0.0000,1.42236,-0.02327,-2.63581,1.08822,1.57083,0.11673,-0.12760,-0.48145,0.02927,,,,,,,,,,,,,,,,,,,,,,,,,,0,0,0,0,0
65.7697,1783969917.5365,3,1,0.5000,-0.0000,1.42236,-0.02332,-2.63583,1.08828,1.57083,0.11673,-0.12760,-0.48145,0.02925,,,,,,,,,,,,,,,,,,,,,,,,,,0,0,0,0,0
65.7872,1783969917.5540,3,1,0.5000,-0.0000,1.42236,-0.02337,-2.63584,1.08835,1.57083,0.11673,-0.12760,-0.48145,0.02924,,,,,,,,,,,,,,,,,,,,,,,,,,0,0,0,0,0
65.7940,1783969917.5608,3,1,0.5000,-0.0000,1.42236,-0.02346,-2.63585,1.08845,1.57083,0.11673,-0.12760,-0.48145,0.02921,,,,,,,,,,,,,,,,,,,,,,,,,,0,0,0,0,0
65.8055,1783969917.5723,3,1,0.5000,-0.0000,1.42236,-0.02356,-2.63587,1.08857,1.57083,0.11673,-0.12760,-0.48145,0.02917,,,,,,,,,,,,,,,,,,,,,,,,,,0,0,0,0,0
65.8120,1783969917.5788,3,1,0.5000,-0.0000,1.42236,-0.02359,-2.63588,1.08860,1.57083,0.11673,-0.12760,-0.48145,0.02917,,,,,,,,,,,,,,,,,,,,,,,,,,0,0,0,0,0
65.8190,1783969917.5858,3,1,0.5000,-0.0000,1.42236,-0.02361,-2.63588,1.08863,1.57083,0.11673,-0.12760,-0.48145,0.02916,,,,,,,,,,,,,,,,,,,,,,,,,,0,0,0,0,0
65.8194,1783969917.5862,3,1,0.5000,-0.0000,1.42236,-0.02361,-2.63588,1.08863,1.57083,0.11673,-0.12760,-0.48145,0.02916,,,,,,,,,,,,,,,,,,,,,,,,,,0,0,0,0,0
65.8334,1783969917.6002,3,1,0.5000,-0.0000,1.42236,-0.02379,-2.63591,1.08884,1.57083,0.11672,-0.12759,-0.48146,0.02910,,,,,,,,,,,,,,,,,,,,,,,,,,0,0,0,0,0
65.8410,1783969917.6078,3,1,0.5000,-0.0000,1.42236,-0.02380,-2.63591,1.08885,1.57083,0.11672,-0.12759,-0.48146,0.02910,,,,,,,,,,,,,,,,,,,,,,,,,,0,0,0,0,0
65.8504,1783969917.6172,3,1,0.5000,-0.0000,1.42236,-0.02383,-2.63592,1.08889,1.57083,0.11672,-0.12759,-0.48146,0.02909,,,,,,,,,,,,,,,,,,,,,,,,,,0,0,0,0,0
65.8669,1783969917.6336,3,1,0.5000,-0.0000,1.42236,-0.02398,-2.63593,1.08907,1.57083,0.11672,-0.12759,-0.48147,0.02905,,,,,,,,,,,,,,,,,,,,,,,,,,0,0,0,0,0
65.8764,1783969917.6432,3,1,0.5000,-0.0000,1.42236,-0.02412,-2.63594,1.08924,1.57084,0.11672,-0.12759,-0.48149,0.02901,,,,,,,,,,,,,,,,,,,,,,,,,,0,0,0,0,0
65.8811,1783969917.6478,3,1,0.5000,-0.0000,1.42236,-0.02416,-2.63594,1.08930,1.57084,0.11672,-0.12759,-0.48149,0.02900,,,,,,,,,,,,,,,,,,,,,,,,,,0,0,0,0,0
65.8934,1783969917.6602,3,1,0.5000,-0.0000,1.42236,-0.02427,-2.63594,1.08943,1.57084,0.11672,-0.12758,-0.48151,0.02897,,,,,,,,,,,,,,,,,,,,,,,,,,0,0,0,0,0
65.9107,1783969917.6774,3,1,0.5000,-0.0000,1.42236,-0.02429,-2.63594,1.08946,1.57084,0.11672,-0.12758,-0.48152,0.02897,,,,,,,,,,,,,,,,,,,,,,,,,,0,0,0,0,0
65.9127,1783969917.6794,3,1,0.5000,-0.0000,1.42236,-0.02429,-2.63594,1.08946,1.57084,0.11672,-0.12758,-0.48152,0.02897,,,,,,,,,,,,,,,,,,,,,,,,,,0,0,0,0,0
65.9215,1783969917.6883,3,1,0.5000,-0.0000,1.42236,-0.02429,-2.63594,1.08946,1.57084,0.11672,-0.12758,-0.48152,0.02897,,,,,,,,,,,,,,,,,,,,,,,,,,0,0,0,0,0
65.9319,1783969917.6987,3,1,0.5000,-0.0000,1.42236,-0.02429,-2.63594,1.08946,1.57084,0.11672,-0.12758,-0.48152,0.02897,,,,,,,,,,,,,,,,,,,,,,,,,,0,0,0,0,0
65.9323,1783969917.6991,3,1,0.5000,-0.0000,1.42236,-0.02429,-2.63594,1.08946,1.57084,0.11672,-0.12758,-0.48152,0.02897,,,,,,,,,,,,,,,,,,,,,,,,,,0,0,0,0,0
65.9572,1783969917.7239,3,1,0.5000,-0.0000,1.42236,-0.02429,-2.63594,1.08946,1.57084,0.11672,-0.12758,-0.48152,0.02897,,,,,,,,,,,,,,,,,,,,,,,,,,0,0,0,0,0
65.9639,1783969917.7306,3,1,0.5000,-0.0000,1.42236,-0.02429,-2.63594,1.08946,1.57084,0.11672,-0.12758,-0.48152,0.02897,,,,,,,,,,,,,,,,,,,,,,,,,,0,0,0,0,0
65.9642,1783969917.7310,3,1,0.5000,-0.0000,1.42236,-0.02429,-2.63594,1.08946,1.57084,0.11672,-0.12758,-0.48152,0.02897,,,,,,,,,,,,,,,,,,,,,,,,,,0,0,0,0,0
65.9648,1783969917.7316,3,1,0.5000,-0.0000,1.42236,-0.02429,-2.63594,1.08946,1.57084,0.11672,-0.12758,-0.48152,0.02897,,,,,,,,,,,,,,,,,,,,,,,,,,0,0,0,0,0
65.9651,1783969917.7318,3,1,0.5000,-0.0000,1.42236,-0.02429,-2.63594,1.08946,1.57084,0.11672,-0.12758,-0.48152,0.02897,,,,,,,,,,,,,,,,,,,,,,,,,,0,0,0,0,0
65.9693,1783969917.7361,3,1,0.5000,-0.0000,1.42236,-0.02429,-2.63594,1.08946,1.57084,0.11672,-0.12758,-0.48152,0.02897,,,,,,,,,,,,,,,,,,,,,,,,,,0,0,0,0,0
65.9817,1783969917.7484,3,1,0.5000,-0.0000,1.42236,-0.02429,-2.63594,1.08946,1.57084,0.11672,-0.12758,-0.48152,0.02897,,,,,,,,,,,,,,,,,,,,,,,,,,0,0,0,0,0
65.9932,1783969917.7600,3,1,0.5000,-0.0000,1.42236,-0.02429,-2.63594,1.08946,1.57084,0.11672,-0.12758,-0.48152,0.02897,,,,,,,,,,,,,,,,,,,,,,,,,,0,0,0,0,0
66.0018,1783969917.7685,3,1,0.5000,-0.0000,1.42236,-0.02429,-2.63594,1.08946,1.57084,0.11672,-0.12758,-0.48152,0.02897,,,,,,,,,,,,,,,,,,,,,,,,,,0,0,0,0,0
66.0121,1783969917.7789,3,1,0.5000,-0.0000,1.42236,-0.02429,-2.63594,1.08946,1.57084,0.11672,-0.12758,-0.48152,0.02897,,,,,,,,,,,,,,,,,,,,,,,,,,0,0,0,0,0
66.0124,1783969917.7792,3,1,0.5000,-0.0000,1.42236,-0.02429,-2.63594,1.08946,1.57084,0.11672,-0.12758,-0.48152,0.02897,,,,,,,,,,,,,,,,,,,,,,,,,,0,0,0,0,0
66.0199,1783969917.7866,3,1,0.5000,-0.0000,1.42236,-0.02429,-2.63594,1.08946,1.57084,0.11672,-0.12758,-0.48152,0.02897,,,,,,,,,,,,,,,,,,,,,,,,,,0,0,0,0,0
66.0294,1783969917.7962,3,1,0.5000,-0.0000,1.42236,-0.02429,-2.63594,1.08946,1.57084,0.11672,-0.12758,-0.48152,0.02897,,,,,,,,,,,,,,,,,,,,,,,,,,0,0,0,0,0
66.0406,1783969917.8074,3,1,0.5000,-0.0000,1.42236,-0.02429,-2.63594,1.08946,1.57084,0.11672,-0.12758,-0.48152,0.02897,,,,,,,,,,,,,,,,,,,,,,,,,,0,0,0,0,0
66.0518,1783969917.8186,3,1,0.5000,-0.0000,1.42236,-0.02429,-2.63594,1.08946,1.57084,0.11672,-0.12758,-0.48152,0.02897,,,,,,,,,,,,,,,,,,,,,,,,,,0,0,0,0,0
66.0626,1783969917.8294,3,1,0.5000,-0.0000,1.42236,-0.02429,-2.63594,1.08946,1.57084,0.11672,-0.12758,-0.48152,0.02897,,,,,,,,,,,,,,,,,,,,,,,,,,0,0,0,0,0
66.0693,1783969917.8360,3,1,0.5000,-0.0000,1.42236,-0.02429,-2.63594,1.08946,1.57084,0.11672,-0.12758,-0.48152,0.02897,,,,,,,,,,,,,,,,,,,,,,,,,,0,0,0,0,0
66.0814,1783969917.8482,3,1,0.5000,-0.0000,1.42236,-0.02429,-2.63594,1.08946,1.57084,0.11672,-0.12758,-0.48152,0.02897,,,,,,,,,,,,,,,,,,,,,,,,,,0,0,0,0,0
66.0936,1783969917.8604,3,1,0.5000,-0.0000,1.42236,-0.02429,-2.63594,1.08946,1.57084,0.11672,-0.12758,-0.48152,0.02897,,,,,,,,,,,,,,,,,,,,,,,,,,0,0,0,0,0
66.1015,1783969917.8683,3,1,0.5000,-0.0000,1.42236,-0.02429,-2.63594,1.08946,1.57084,0.11672,-0.12758,-0.48152,0.02897,,,,,,,,,,,,,,,,,,,,,,,,,,0,0,0,0,0
66.1105,1783969917.8772,3,1,0.5000,-0.0000,1.42236,-0.02429,-2.63594,1.08946,1.57084,0.11672,-0.12758,-0.48152,0.02897,,,,,,,,,,,,,,,,,,,,,,,,,,0,0,0,0,0
66.1109,1783969917.8777,3,1,0.5000,-0.0000,1.42236,-0.02429,-2.63594,1.08946,1.57084,0.11672,-0.12758,-0.48152,0.02897,,,,,,,,,,,,,,,,,,,,,,,,,,0,0,0,0,0
66.1200,1783969917.8867,3,1,0.5000,-0.0000,1.42236,-0.02430,-2.63594,1.08948,1.57084,0.11672,-0.12758,-0.48152,0.02897,,,,,,,,,,,,,,,,,,,,,,,,,,0,0,0,0,0
66.1330,1783969917.8998,3,1,0.5000,-0.0000,1.42236,-0.02433,-2.63596,1.08951,1.57084,0.11672,-0.12759,-0.48151,0.02895,,,,,,,,,,,,,,,,,,,,,,,,,,0,0,0,0,0
66.1400,1783969917.9067,3,1,0.5000,-0.0000,1.42236,-0.02434,-2.63597,1.08953,1.57084,0.11672,-0.12759,-0.48150,0.02895,,,,,,,,,,,,,,,,,,,,,,,,,,0,0,0,0,0
66.1535,1783969917.9203,3,1,0.5000,-0.0000,1.42236,-0.02436,-2.63599,1.08955,1.57084,0.11672,-0.12759,-0.48149,0.02893,,,,,,,,,,,,,,,,,,,,,,,,,,0,0,0,0,0
66.1539,1783969917.9206,3,1,0.5000,-0.0000,1.42236,-0.02436,-2.63599,1.08955,1.57084,0.11672,-0.12759,-0.48149,0.02893,,,,,,,,,,,,,,,,,,,,,,,,,,0,0,0,0,0
66.1664,1783969917.9331,3,1,0.5000,-0.0000,1.42236,-0.02439,-2.63602,1.08959,1.57084,0.11672,-0.12759,-0.48148,0.02891,,,,,,,,,,,,,,,,,,,,,,,,,,0,0,0,0,0
66.1690,1783969917.9358,3,1,0.5000,-0.0000,1.42236,-0.02440,-2.63602,1.08960,1.57084,0.11672,-0.12759,-0.48148,0.02891,,,,,,,,,,,,,,,,,,,,,,,,,,0,0,0,0,0
66.1693,1783969917.9361,3,1,0.5000,-0.0000,1.42236,-0.02440,-2.63602,1.08960,1.57084,0.11672,-0.12759,-0.48148,0.02891,,,,,,,,,,,,,,,,,,,,,,,,,,0,0,0,0,0
66.1797,1783969917.9465,3,1,0.5000,-0.0000,1.42235,-0.02446,-2.63604,1.08967,1.57084,0.11672,-0.12759,-0.48147,0.02889,,,,,,,,,,,,,,,,,,,,,,,,,,0,0,0,0,0
66.1931,1783969917.9599,3,1,0.5000,-0.0000,1.42235,-0.02456,-2.63608,1.08979,1.57084,0.11672,-0.12759,-0.48146,0.02884,,,,,,,,,,,,,,,,,,,,,,,,,,0,0,0,0,0
66.1935,1783969917.9603,3,1,0.5000,-0.0000,1.42235,-0.02456,-2.63608,1.08979,1.57084,0.11672,-0.12759,-0.48146,0.02884,,,,,,,,,,,,,,,,,,,,,,,,,,0,0,0,0,0
66.2081,1783969917.9749,3,1,0.5000,-0.0000,1.42235,-0.02461,-2.63609,1.08984,1.57084,0.11672,-0.12759,-0.48146,0.02883,,,,,,,,,,,,,,,,,,,,,,,,,,0,0,0,0,0
66.2120,1783969917.9788,3,1,0.5000,-0.0000,1.42235,-0.02464,-2.63609,1.08988,1.57084,0.11672,-0.12759,-0.48145,0.02882,,,,,,,,,,,,,,,,,,,,,,,,,,0,0,0,0,0
66.2213,1783969917.9881,3,1,0.5000,-0.0000,1.42235,-0.02472,-2.63611,1.08998,1.57084,0.11672,-0.12759,-0.48145,0.02879,,,,,,,,,,,,,,,,,,,,,,,,,,0,0,0,0,0
66.2347,1783969918.0014,3,1,0.5000,-0.0000,1.42235,-0.02478,-2.63613,1.09005,1.57084,0.11672,-0.12759,-0.48145,0.02877,,,,,,,,,,,,,,,,,,,,,,,,,,0,0,0,0,0
66.2562,1783969918.0230,3,1,0.5000,-0.0000,1.42235,-0.02491,-2.63615,1.09020,1.57084,0.11672,-0.12759,-0.48145,0.02873,,,,,,,,,,,,,,,,,,,,,,,,,,0,0,0,0,0
66.2608,1783969918.0276,3,1,0.5000,-0.0000,1.42235,-0.02493,-2.63615,1.09022,1.57084,0.11672,-0.12759,-0.48146,0.02872,,,,,,,,,,,,,,,,,,,,,,,,,,0,0,0,0,0
66.2640,1783969918.0307,3,1,0.5000,-0.0000,1.42235,-0.02495,-2.63615,1.09025,1.57084,0.11672,-0.12759,-0.48146,0.02871,,,,,,,,,,,,,,,,,,,,,,,,,,0,0,0,0,0
66.2777,1783969918.0444,3,1,0.5000,-0.0000,1.42235,-0.02508,-2.63617,1.09041,1.57084,0.11672,-0.12759,-0.48146,0.02868,,,,,,,,,,,,,,,,,,,,,,,,,,0,0,0,0,0
66.2859,1783969918.0527,3,1,0.5000,-0.0000,1.42235,-0.02513,-2.63618,1.09047,1.57084,0.11672,-0.12759,-0.48147,0.02866,,,,,,,,,,,,,,,,,,,,,,,,,,0,0,0,0,0
66.3033,1783969918.0701,3,1,0.5000,-0.0000,1.42235,-0.02520,-2.63618,1.09055,1.57084,0.11672,-0.12759,-0.48148,0.02865,,,,,,,,,,,,,,,,,,,,,,,,,,0,0,0,0,0
66.3060,1783969918.0727,3,1,0.5000,-0.0000,1.42235,-0.02523,-2.63618,1.09058,1.57084,0.11672,-0.12759,-0.48148,0.02864,,,,,,,,,,,,,,,,,,,,,,,,,,0,0,0,0,0
66.3233,1783969918.0901,3,1,0.5000,-0.0000,1.42235,-0.02537,-2.63616,1.09076,1.57084,0.11672,-0.12758,-0.48152,0.02861,,,,,,,,,,,,,,,,,,,,,,,,,,0,0,0,0,0
66.3266,1783969918.0934,3,1,0.5000,-0.0000,1.42235,-0.02540,-2.63616,1.09080,1.57084,0.11672,-0.12758,-0.48153,0.02861,,,,,,,,,,,,,,,,,,,,,,,,,,0,0,0,0,0
66.3270,1783969918.0938,3,1,0.5000,-0.0000,1.42235,-0.02540,-2.63616,1.09080,1.57084,0.11672,-0.12758,-0.48153,0.02861,,,,,,,,,,,,,,,,,,,,,,,,,,0,0,0,0,0
66.3370,1783969918.1038,3,1,0.5000,-0.0000,1.42235,-0.02549,-2.63613,1.09090,1.57084,0.11672,-0.12758,-0.48156,0.02860,,,,,,,,,,,,,,,,,,,,,,,,,,0,0,0,0,0
66.3447,1783969918.1115,3,1,0.5000,-0.0000,1.42235,-0.02551,-2.63610,1.09093,1.57084,0.11672,-0.12757,-0.48158,0.02860,,,,,,,,,,,,,,,,,,,,,,,,,,0,0,0,0,0
66.3520,1783969918.1188,3,1,0.5000,-0.0000,1.42235,-0.02551,-2.63610,1.09093,1.57084,0.11672,-0.12757,-0.48158,0.02860,,,,,,,,,,,,,,,,,,,,,,,,,,0,0,0,0,0
66.3524,1783969918.1192,3,1,0.5000,-0.0000,1.42235,-0.02551,-2.63610,1.09093,1.57084,0.11672,-0.12757,-0.48158,0.02860,,,,,,,,,,,,,,,,,,,,,,,,,,0,0,0,0,0
66.3630,1783969918.1298,3,1,0.5000,-0.0000,1.42235,-0.02551,-2.63610,1.09093,1.57084,0.11672,-0.12757,-0.48158,0.02860,,,,,,,,,,,,,,,,,,,,,,,,,,0,0,0,0,0
66.3703,1783969918.1370,3,1,0.5000,-0.0000,1.42235,-0.02551,-2.63610,1.09093,1.57084,0.11672,-0.12757,-0.48158,0.02860,,,,,,,,,,,,,,,,,,,,,,,,,,0,0,0,0,0
66.3799,1783969918.1466,3,1,0.5000,-0.0000,1.42235,-0.02551,-2.63610,1.09093,1.57084,0.11672,-0.12757,-0.48158,0.02860,,,,,,,,,,,,,,,,,,,,,,,,,,0,0,0,0,0
66.3909,1783969918.1577,3,1,0.5000,-0.0000,1.42235,-0.02551,-2.63610,1.09093,1.57084,0.11672,-0.12757,-0.48158,0.02860,,,,,,,,,,,,,,,,,,,,,,,,,,0,0,0,0,0
66.4010,1783969918.1678,3,1,0.5000,-0.0000,1.42235,-0.02551,-2.63610,1.09093,1.57084,0.11672,-0.12757,-0.48158,0.02860,,,,,,,,,,,,,,,,,,,,,,,,,,0,0,0,0,0
66.4106,1783969918.1774,3,1,0.5000,-0.0000,1.42235,-0.02551,-2.63610,1.09093,1.57084,0.11672,-0.12757,-0.48158,0.02860,,,,,,,,,,,,,,,,,,,,,,,,,,0,0,0,0,0
66.4214,1783969918.1882,3,1,0.5000,-0.0000,1.42235,-0.02551,-2.63610,1.09093,1.57084,0.11672,-0.12757,-0.48158,0.02860,,,,,,,,,,,,,,,,,,,,,,,,,,0,0,0,0,0
66.4416,1783969918.2083,3,1,0.5000,-0.0000,1.42235,-0.02551,-2.63610,1.09093,1.57084,0.11672,-0.12757,-0.48158,0.02860,,,,,,,,,,,,,,,,,,,,,,,,,,0,0,0,0,0
66.4468,1783969918.2135,3,1,0.5000,-0.0000,1.42235,-0.02551,-2.63610,1.09093,1.57084,0.11672,-0.12757,-0.48158,0.02860,,,,,,,,,,,,,,,,,,,,,,,,,,0,0,0,0,0
66.4559,1783969918.2227,3,1,0.5000,-0.0000,1.42235,-0.02551,-2.63610,1.09093,1.57084,0.11672,-0.12757,-0.48158,0.02860,,,,,,,,,,,,,,,,,,,,,,,,,,0,0,0,0,0
66.4665,1783969918.2333,3,1,0.5000,-0.0000,1.42235,-0.02551,-2.63610,1.09093,1.57084,0.11672,-0.12757,-0.48158,0.02860,,,,,,,,,,,,,,,,,,,,,,,,,,0,0,0,0,0
66.4743,1783969918.2411,3,1,0.5000,-0.0000,1.42235,-0.02551,-2.63610,1.09093,1.57084,0.11672,-0.12757,-0.48158,0.02860,,,,,,,,,,,,,,,,,,,,,,,,,,0,0,0,0,0
66.4881,1783969918.2548,3,1,0.5000,-0.0000,1.42235,-0.02551,-2.63610,1.09093,1.57084,0.11672,-0.12757,-0.48158,0.02860,,,,,,,,,,,,,,,,,,,,,,,,,,0,0,0,0,0
66.4958,1783969918.2626,3,1,0.5000,-0.0000,1.42235,-0.02551,-2.63610,1.09093,1.57084,0.11672,-0.12757,-0.48158,0.02860,,,,,,,,,,,,,,,,,,,,,,,,,,0,0,0,0,0
66.4960,1783969918.2628,3,1,0.5000,-0.0000,1.42235,-0.02551,-2.63610,1.09093,1.57084,0.11672,-0.12757,-0.48158,0.02860,,,,,,,,,,,,,,,,,,,,,,,,,,0,0,0,0,0
66.5053,1783969918.2720,3,1,0.5000,-0.0000,1.42235,-0.02551,-2.63610,1.09093,1.57084,0.11672,-0.12757,-0.48158,0.02860,,,,,,,,,,,,,,,,,,,,,,,,,,0,0,0,0,0
66.5204,1783969918.2872,3,1,0.5000,-0.0000,1.42235,-0.02551,-2.63610,1.09093,1.57084,0.11672,-0.12757,-0.48158,0.02860,,,,,,,,,,,,,,,,,,,,,,,,,,0,0,0,0,0
66.5206,1783969918.2874,3,1,0.5000,-0.0000,1.42235,-0.02551,-2.63610,1.09093,1.57084,0.11672,-0.12757,-0.48158,0.02860,,,,,,,,,,,,,,,,,,,,,,,,,,0,0,0,0,0
66.5265,1783969918.2933,3,1,0.5000,-0.0000,1.42235,-0.02551,-2.63610,1.09093,1.57084,0.11672,-0.12757,-0.48158,0.02860,,,,,,,,,,,,,,,,,,,,,,,,,,0,0,0,0,0
66.5358,1783969918.3026,3,1,0.5000,-0.0000,1.42235,-0.02551,-2.63612,1.09094,1.57084,0.11672,-0.12757,-0.48157,0.02860,,,,,,,,,,,,,,,,,,,,,,,,,,0,0,0,0,0
66.5481,1783969918.3148,3,1,0.5000,-0.0000,1.42235,-0.02553,-2.63615,1.09097,1.57084,0.11672,-0.12758,-0.48155,0.02858,,,,,,,,,,,,,,,,,,,,,,,,,,0,0,0,0,0
66.5695,1783969918.3362,3,1,0.5000,-0.0000,1.42235,-0.02556,-2.63619,1.09100,1.57084,0.11672,-0.12758,-0.48153,0.02855,,,,,,,,,,,,,,,,,,,,,,,,,,0,0,0,0,0
66.5770,1783969918.3438,3,1,0.5000,-0.0000,1.42235,-0.02559,-2.63622,1.09104,1.57084,0.11672,-0.12758,-0.48151,0.02853,,,,,,,,,,,,,,,,,,,,,,,,,,0,0,0,0,0
66.5910,1783969918.3578,3,1,0.5000,-0.0000,1.42235,-0.02561,-2.63623,1.09106,1.57084,0.11672,-0.12758,-0.48150,0.02852,,,,,,,,,,,,,,,,,,,,,,,,,,0,0,0,0,0
66.6047,1783969918.3714,3,1,0.5000,-0.0000,1.42235,-0.02572,-2.63628,1.09118,1.57084,0.11672,-0.12759,-0.48148,0.02848,,,,,,,,,,,,,,,,,,,,,,,,,,0,0,0,0,0
66.6087,1783969918.3755,3,1,0.5000,-0.0000,1.42235,-0.02575,-2.63630,1.09122,1.57084,0.11672,-0.12759,-0.48147,0.02846,,,,,,,,,,,,,,,,,,,,,,,,,,0,0,0,0,0
66.6091,1783969918.3759,3,1,0.5000,-0.0000,1.42235,-0.02575,-2.63630,1.09122,1.57084,0.11672,-0.12759,-0.48147,0.02846,,,,,,,,,,,,,,,,,,,,,,,,,,0,0,0,0,0
66.6108,1783969918.3775,3,1,0.5000,-0.0000,1.42235,-0.02575,-2.63630,1.09122,1.57084,0.11672,-0.12759,-0.48147,0.02846,,,,,,,,,,,,,,,,,,,,,,,,,,0,0,0,0,0
66.6113,1783969918.3780,3,1,0.5000,-0.0000,1.42235,-0.02575,-2.63630,1.09122,1.57084,0.11672,-0.12759,-0.48147,0.02846,,,,,,,,,,,,,,,,,,,,,,,,,,0,0,0,0,0
66.6150,1783969918.3818,3,1,0.5000,-0.0000,1.42235,-0.02579,-2.63632,1.09127,1.57084,0.11672,-0.12759,-0.48146,0.02844,,,,,,,,,,,,,,,,,,,,,,,,,,0,0,0,0,0
66.6158,1783969918.3826,3,1,0.5000,-0.0000,1.42235,-0.02579,-2.63632,1.09127,1.57084,0.11672,-0.12759,-0.48146,0.02844,,,,,,,,,,,,,,,,,,,,,,,,,,0,0,0,0,0
66.6297,1783969918.3965,3,1,0.5000,-0.0000,1.42235,-0.02583,-2.63633,1.09131,1.57084,0.11672,-0.12759,-0.48146,0.02843,,,,,,,,,,,,,,,,,,,,,,,,,,0,0,0,0,0
66.6347,1783969918.4015,3,1,0.5000,-0.0000,1.42235,-0.02586,-2.63633,1.09135,1.57084,0.11672,-0.12759,-0.48146,0.02842,,,,,,,,,,,,,,,,,,,,,,,,,,0,0,0,0,0
66.6352,1783969918.4020,3,1,0.5000,-0.0000,1.42235,-0.02586,-2.63633,1.09135,1.57084,0.11672,-0.12759,-0.48146,0.02842,,,,,,,,,,,,,,,,,,,,,,,,,,0,0,0,0,0
66.6453,1783969918.4121,3,1,0.5000,-0.0000,1.42235,-0.02598,-2.63637,1.09149,1.57084,0.11672,-0.12759,-0.48146,0.02837,,,,,,,,,,,,,,,,,,,,,,,,,,0,0,0,0,0
66.6560,1783969918.4227,3,1,0.5000,-0.0000,1.42235,-0.02600,-2.63637,1.09152,1.57084,0.11672,-0.12759,-0.48146,0.02837,,,,,,,,,,,,,,,,,,,,,,,,,,0,0,0,0,0
66.6563,1783969918.4230,3,1,0.5000,-0.0000,1.42235,-0.02600,-2.63637,1.09152,1.57084,0.11672,-0.12759,-0.48146,0.02837,,,,,,,,,,,,,,,,,,,,,,,,,,0,0,0,0,0
66.6658,1783969918.4326,3,1,0.5000,-0.0000,1.42235,-0.02607,-2.63638,1.09160,1.57084,0.11672,-0.12759,-0.48146,0.02835,,,,,,,,,,,,,,,,,,,,,,,,,,0,0,0,0,0
66.6785,1783969918.4453,3,1,0.5000,-0.0000,1.42235,-0.02612,-2.63639,1.09165,1.57084,0.11672,-0.12759,-0.48146,0.02833,,,,,,,,,,,,,,,,,,,,,,,,,,0,0,0,0,0
66.6791,1783969918.4458,3,1,0.5000,-0.0000,1.42235,-0.02612,-2.63639,1.09165,1.57084,0.11672,-0.12759,-0.48146,0.02833,,,,,,,,,,,,,,,,,,,,,,,,,,0,0,0,0,0
66.6878,1783969918.4545,3,1,0.5000,-0.0000,1.42235,-0.02620,-2.63640,1.09175,1.57084,0.11672,-0.12759,-0.48146,0.02831,,,,,,,,,,,,,,,,,,,,,,,,,,0,0,0,0,0
66.6999,1783969918.4667,3,1,0.5000,-0.0000,1.42235,-0.02634,-2.63642,1.09193,1.57084,0.11672,-0.12759,-0.48147,0.02826,,,,,,,,,,,,,,,,,,,,,,,,,,0,0,0,0,0
66.7047,1783969918.4715,3,1,0.5000,-0.0000,1.42235,-0.02634,-2.63642,1.09193,1.57084,0.11672,-0.12759,-0.48147,0.02826,,,,,,,,,,,,,,,,,,,,,,,,,,0,0,0,0,0
66.7050,1783969918.4718,3,1,0.5000,-0.0000,1.42235,-0.02634,-2.63642,1.09193,1.57084,0.11672,-0.12759,-0.48147,0.02826,,,,,,,,,,,,,,,,,,,,,,,,,,0,0,0,0,0
66.7269,1783969918.4937,3,1,0.5000,-0.0000,1.42235,-0.02644,-2.63642,1.09204,1.57084,0.11672,-0.12758,-0.48149,0.02824,,,,,,,,,,,,,,,,,,,,,,,,,,0,0,0,0,0
66.7281,1783969918.4948,3,1,0.5000,-0.0000,1.42235,-0.02647,-2.63642,1.09209,1.57084,0.11672,-0.12758,-0.48149,0.02823,,,,,,,,,,,,,,,,,,,,,,,,,,0,0,0,0,0
66.7285,1783969918.4953,3,1,0.5000,-0.0000,1.42235,-0.02647,-2.63642,1.09209,1.57084,0.11672,-0.12758,-0.48149,0.02823,,,,,,,,,,,,,,,,,,,,,,,,,,0,0,0,0,0
66.7367,1783969918.5034,3,1,0.5000,-0.0000,1.42235,-0.02654,-2.63641,1.09218,1.57084,0.11672,-0.12758,-0.48151,0.02822,,,,,,,,,,,,,,,,,,,,,,,,,,0,0,0,0,0
66.7463,1783969918.5130,3,1,0.5000,-0.0000,1.42235,-0.02661,-2.63640,1.09227,1.57084,0.11672,-0.12758,-0.48153,0.02821,,,,,,,,,,,,,,,,,,,,,,,,,,0,0,0,0,0
66.7796,1783969918.5463,3,1,0.5000,-0.0000,1.42235,-0.02672,-2.63635,1.09240,1.57084,0.11672,-0.12757,-0.48158,0.02820,,,,,,,,,,,,,,,,,,,,,,,,,,0,0,0,0,0
66.7803,1783969918.5470,3,1,0.5000,-0.0000,1.42235,-0.02672,-2.63635,1.09240,1.57084,0.11672,-0.12757,-0.48158,0.02820,,,,,,,,,,,,,,,,,,,,,,,,,,0,0,0,0,0
66.8102,1783969918.5770,3,1,0.5000,-0.0000,1.42235,-0.02672,-2.63635,1.09240,1.57084,0.11672,-0.12757,-0.48158,0.02820,,,,,,,,,,,,,,,,,,,,,,,,,,0,0,0,0,0
66.8121,1783969918.5788,3,1,0.5000,-0.0000,1.42235,-0.02672,-2.63635,1.09240,1.57084,0.11672,-0.12757,-0.48158,0.02820,,,,,,,,,,,,,,,,,,,,,,,,,,0,0,0,0,0
66.8123,1783969918.5791,3,1,0.5000,-0.0000,1.42235,-0.02672,-2.63635,1.09240,1.57084,0.11672,-0.12757,-0.48158,0.02820,,,,,,,,,,,,,,,,,,,,,,,,,,0,0,0,0,0
66.8160,1783969918.5828,3,1,0.5000,-0.0000,1.42235,-0.02672,-2.63635,1.09240,1.57084,0.11672,-0.12757,-0.48158,0.02820,,,,,,,,,,,,,,,,,,,,,,,,,,0,0,0,0,0
66.8163,1783969918.5831,3,1,0.5000,-0.0000,1.42235,-0.02672,-2.63635,1.09240,1.57084,0.11672,-0.12757,-0.48158,0.02820,,,,,,,,,,,,,,,,,,,,,,,,,,0,0,0,0,0
66.8196,1783969918.5864,3,1,0.5000,-0.0000,1.42235,-0.02672,-2.63635,1.09240,1.57084,0.11672,-0.12757,-0.48158,0.02820,,,,,,,,,,,,,,,,,,,,,,,,,,0,0,0,0,0
66.8203,1783969918.5870,3,1,0.5000,-0.0000,1.42235,-0.02672,-2.63635,1.09240,1.57084,0.11672,-0.12757,-0.48158,0.02820,,,,,,,,,,,,,,,,,,,,,,,,,,0,0,0,0,0
66.8274,1783969918.5942,3,1,0.5000,-0.0000,1.42235,-0.02672,-2.63635,1.09240,1.57084,0.11672,-0.12757,-0.48158,0.02820,,,,,,,,,,,,,,,,,,,,,,,,,,0,0,0,0,0
66.8284,1783969918.5952,3,1,0.5000,-0.0000,1.42235,-0.02672,-2.63635,1.09240,1.57084,0.11672,-0.12757,-0.48158,0.02820,,,,,,,,,,,,,,,,,,,,,,,,,,0,0,0,0,0
66.8287,1783969918.5954,3,1,0.5000,-0.0000,1.42235,-0.02672,-2.63635,1.09240,1.57084,0.11672,-0.12757,-0.48158,0.02820,,,,,,,,,,,,,,,,,,,,,,,,,,0,0,0,0,0
66.8296,1783969918.5964,3,1,0.5000,-0.0000,1.42235,-0.02672,-2.63635,1.09240,1.57084,0.11672,-0.12757,-0.48158,0.02820,,,,,,,,,,,,,,,,,,,,,,,,,,0,0,0,0,0
66.8300,1783969918.5968,3,1,0.5000,-0.0000,1.42235,-0.02672,-2.63635,1.09240,1.57084,0.11672,-0.12757,-0.48158,0.02820,,,,,,,,,,,,,,,,,,,,,,,,,,0,0,0,0,0
66.8352,1783969918.6020,3,1,0.5000,-0.0000,1.42235,-0.02672,-2.63635,1.09240,1.57084,0.11672,-0.12757,-0.48158,0.02820,,,,,,,,,,,,,,,,,,,,,,,,,,0,0,0,0,0
66.8455,1783969918.6123,3,1,0.5000,-0.0000,1.42235,-0.02672,-2.63635,1.09240,1.57084,0.11672,-0.12757,-0.48158,0.02820,,,,,,,,,,,,,,,,,,,,,,,,,,0,0,0,0,0
66.8598,1783969918.6266,3,1,0.5000,-0.0000,1.42235,-0.02672,-2.63635,1.09240,1.57084,0.11672,-0.12757,-0.48158,0.02820,,,,,,,,,,,,,,,,,,,,,,,,,,0,0,0,0,0
66.8758,1783969918.6426,3,1,0.5000,-0.0000,1.42235,-0.02672,-2.63635,1.09240,1.57084,0.11672,-0.12757,-0.48158,0.02820,,,,,,,,,,,,,,,,,,,,,,,,,,0,0,0,0,0
66.8809,1783969918.6476,3,1,0.5000,-0.0000,1.42235,-0.02672,-2.63635,1.09240,1.57084,0.11672,-0.12757,-0.48158,0.02820,,,,,,,,,,,,,,,,,,,,,,,,,,0,0,0,0,0
66.8858,1783969918.6526,3,1,0.5000,-0.0000,1.42235,-0.02672,-2.63635,1.09240,1.57084,0.11672,-0.12757,-0.48158,0.02820,,,,,,,,,,,,,,,,,,,,,,,,,,0,0,0,0,0
66.8949,1783969918.6617,3,1,0.5000,-0.0000,1.42235,-0.02672,-2.63635,1.09240,1.57084,0.11672,-0.12757,-0.48158,0.02820,,,,,,,,,,,,,,,,,,,,,,,,,,0,0,0,0,0
66.9045,1783969918.6713,3,1,0.5000,-0.0000,1.42235,-0.02672,-2.63635,1.09240,1.57084,0.11672,-0.12757,-0.48158,0.02820,,,,,,,,,,,,,,,,,,,,,,,,,,0,0,0,0,0
66.9138,1783969918.6806,3,1,0.5000,-0.0000,1.42235,-0.02672,-2.63635,1.09240,1.57084,0.11672,-0.12757,-0.48158,0.02820,,,,,,,,,,,,,,,,,,,,,,,,,,0,0,0,0,0
66.9320,1783969918.6988,3,1,0.5000,-0.0000,1.42235,-0.02672,-2.63635,1.09240,1.57084,0.11672,-0.12757,-0.48158,0.02820,,,,,,,,,,,,,,,,,,,,,,,,,,0,0,0,0,0
66.9358,1783969918.7026,3,1,0.5000,-0.0000,1.42235,-0.02672,-2.63635,1.09240,1.57084,0.11672,-0.12757,-0.48158,0.02820,,,,,,,,,,,,,,,,,,,,,,,,,,0,0,0,0,0
66.9480,1783969918.7148,3,1,0.5000,-0.0000,1.42235,-0.02672,-2.63636,1.09240,1.57084,0.11672,-0.12757,-0.48158,0.02820,,,,,,,,,,,,,,,,,,,,,,,,,,0,0,0,0,0
66.9482,1783969918.7150,3,1,0.5000,-0.0000,1.42235,-0.02672,-2.63636,1.09240,1.57084,0.11672,-0.12757,-0.48158,0.02820,,,,,,,,,,,,,,,,,,,,,,,,,,0,0,0,0,0
66.9553,1783969918.7221,3,1,0.5000,-0.0000,1.42235,-0.02672,-2.63636,1.09240,1.57084,0.11672,-0.12757,-0.48158,0.02820,,,,,,,,,,,,,,,,,,,,,,,,,,0,0,0,0,0
66.9681,1783969918.7349,3,1,0.5000,-0.0000,1.42235,-0.02673,-2.63640,1.09242,1.57084,0.11672,-0.12757,-0.48155,0.02818,,,,,,,,,,,,,,,,,,,,,,,,,,0,0,0,0,0
66.9752,1783969918.7419,3,1,0.5000,-0.0000,1.42235,-0.02673,-2.63640,1.09242,1.57084,0.11672,-0.12757,-0.48155,0.02818,,,,,,,,,,,,,,,,,,,,,,,,,,0,0,0,0,0
66.9872,1783969918.7539,3,1,0.5000,-0.0000,1.42235,-0.02675,-2.63642,1.09244,1.57084,0.11672,-0.12757,-0.48154,0.02817,,,,,,,,,,,,,,,,,,,,,,,,,,0,0,0,0,0
66.9878,1783969918.7546,3,1,0.5000,-0.0000,1.42235,-0.02676,-2.63643,1.09245,1.57084,0.11672,-0.12758,-0.48153,0.02816,,,,,,,,,,,,,,,,,,,,,,,,,,0,0,0,0,0
66.9963,1783969918.7631,3,1,0.5000,-0.0000,1.42235,-0.02679,-2.63647,1.09249,1.57084,0.11672,-0.12758,-0.48151,0.02814,,,,,,,,,,,,,,,,,,,,,,,,,,0,0,0,0,0
66.9967,1783969918.7634,3,1,0.5000,-0.0000,1.42235,-0.02679,-2.63647,1.09249,1.57084,0.11672,-0.12758,-0.48151,0.02814,,,,,,,,,,,,,,,,,,,,,,,,,,0,0,0,0,0
67.0147,1783969918.7814,3,1,0.5000,-0.0000,1.42235,-0.02683,-2.63651,1.09253,1.57084,0.11672,-0.12758,-0.48148,0.02811,,,,,,,,,,,,,,,,,,,,,,,,,,0,0,0,0,0
67.0179,1783969918.7847,3,1,0.5000,-0.0000,1.42235,-0.02684,-2.63652,1.09255,1.57084,0.11672,-0.12758,-0.48148,0.02810,,,,,,,,,,,,,,,,,,,,,,,,,,0,0,0,0,0
67.0183,1783969918.7851,3,1,0.5000,-0.0000,1.42235,-0.02684,-2.63652,1.09255,1.57084,0.11672,-0.12758,-0.48148,0.02810,,,,,,,,,,,,,,,,,,,,,,,,,,0,0,0,0,0
67.0253,1783969918.7920,3,1,0.5000,-0.0000,1.42235,-0.02688,-2.63653,1.09258,1.57084,0.11672,-0.12759,-0.48147,0.02809,,,,,,,,,,,,,,,,,,,,,,,,,,0,0,0,0,0
67.0350,1783969918.8018,3,1,0.5000,-0.0000,1.42235,-0.02690,-2.63655,1.09261,1.57084,0.11672,-0.12759,-0.48146,0.02808,,,,,,,,,,,,,,,,,,,,,,,,,,0,0,0,0,0
67.0573,1783969918.8241,3,1,0.5000,-0.0000,1.42235,-0.02705,-2.63659,1.09279,1.57084,0.11672,-0.12759,-0.48146,0.02802,,,,,,,,,,,,,,,,,,,,,,,,,,0,0,0,0,0
67.0576,1783969918.8244,3,1,0.5000,-0.0000,1.42235,-0.02705,-2.63659,1.09279,1.57084,0.11672,-0.12759,-0.48146,0.02802,,,,,,,,,,,,,,,,,,,,,,,,,,0,0,0,0,0
67.0580,1783969918.8247,3,1,0.5000,-0.0000,1.42235,-0.02705,-2.63659,1.09279,1.57084,0.11672,-0.12759,-0.48146,0.02802,,,,,,,,,,,,,,,,,,,,,,,,,,0,0,0,0,0
67.0687,1783969918.8355,3,1,0.5000,-0.0000,1.42235,-0.02710,-2.63660,1.09285,1.57084,0.11672,-0.12759,-0.48146,0.02800,,,,,,,,,,,,,,,,,,,,,,,,,,0,0,0,0,0
67.0775,1783969918.8443,3,1,0.5000,-0.0000,1.42235,-0.02715,-2.63661,1.09290,1.57084,0.11672,-0.12759,-0.48146,0.02799,,,,,,,,,,,,,,,,,,,,,,,,,,0,0,0,0,0
67.0855,1783969918.8522,3,1,0.5000,-0.0000,1.42235,-0.02723,-2.63662,1.09299,1.57084,0.11672,-0.12759,-0.48146,0.02796,,,,,,,,,,,,,,,,,,,,,,,,,,0,0,0,0,0
67.0960,1783969918.8628,3,1,0.5000,-0.0000,1.42235,-0.02733,-2.63664,1.09311,1.57084,0.11672,-0.12759,-0.48146,0.02793,,,,,,,,,,,,,,,,,,,,,,,,,,0,0,0,0,0
67.0964,1783969918.8631,3,1,0.5000,-0.0000,1.42235,-0.02733,-2.63664,1.09311,1.57084,0.11672,-0.12759,-0.48146,0.02793,,,,,,,,,,,,,,,,,,,,,,,,,,0,0,0,0,0
67.1055,1783969918.8723,3,1,0.5000,-0.0000,1.42235,-0.02735,-2.63664,1.09313,1.57084,0.11672,-0.12759,-0.48146,0.02792,,,,,,,,,,,,,,,,,,,,,,,,,,0,0,0,0,0
67.1202,1783969918.8870,3,1,0.5000,-0.0000,1.42234,-0.02749,-2.63666,1.09330,1.57084,0.11672,-0.12758,-0.48147,0.02788,,,,,,,,,,,,,,,,,,,,,,,,,,0,0,0,0,0
67.1205,1783969918.8873,3,1,0.5000,-0.0000,1.42234,-0.02749,-2.63666,1.09330,1.57084,0.11672,-0.12758,-0.48147,0.02788,,,,,,,,,,,,,,,,,,,,,,,,,,0,0,0,0,0
67.1409,1783969918.9077,3,1,0.5000,-0.0000,1.42234,-0.02757,-2.63667,1.09340,1.57084,0.11672,-0.12758,-0.48147,0.02786,,,,,,,,,,,,,,,,,,,,,,,,,,0,0,0,0,0
67.1411,1783969918.9079,3,1,0.5000,-0.0000,1.42234,-0.02757,-2.63667,1.09340,1.57084,0.11672,-0.12758,-0.48147,0.02786,,,,,,,,,,,,,,,,,,,,,,,,,,0,0,0,0,0
67.1452,1783969918.9119,3,1,0.5000,-0.0000,1.42234,-0.02760,-2.63667,1.09343,1.57084,0.11672,-0.12758,-0.48148,0.02785,,,,,,,,,,,,,,,,,,,,,,,,,,0,0,0,0,0
67.1455,1783969918.9123,3,1,0.5000,-0.0000,1.42234,-0.02760,-2.63667,1.09343,1.57084,0.11672,-0.12758,-0.48148,0.02785,,,,,,,,,,,,,,,,,,,,,,,,,,0,0,0,0,0
67.1561,1783969918.9228,3,1,0.5000,-0.0000,1.42234,-0.02770,-2.63666,1.09356,1.57084,0.11672,-0.12758,-0.48150,0.02783,,,,,,,,,,,,,,,,,,,,,,,,,,0,0,0,0,0
67.1645,1783969918.9313,3,1,0.5000,-0.0000,1.42234,-0.02777,-2.63666,1.09365,1.57084,0.11672,-0.12758,-0.48151,0.02781,,,,,,,,,,,,,,,,,,,,,,,,,,0,0,0,0,0
67.1648,1783969918.9316,3,1,0.5000,-0.0000,1.42234,-0.02777,-2.63666,1.09365,1.57084,0.11672,-0.12758,-0.48151,0.02781,,,,,,,,,,,,,,,,,,,,,,,,,,0,0,0,0,0
67.1768,1783969918.9436,3,1,0.5000,-0.0000,1.42234,-0.02787,-2.63664,1.09377,1.57084,0.11672,-0.12757,-0.48154,0.02780,,,,,,,,,,,,,,,,,,,,,,,,,,0,0,0,0,0
67.1880,1783969918.9547,3,1,0.5000,-0.0000,1.42234,-0.02793,-2.63660,1.09384,1.57084,0.11672,-0.12757,-0.48158,0.02780,,,,,,,,,,,,,,,,,,,,,,,,,,0,0,0,0,0
67.1883,1783969918.9551,3,1,0.5000,-0.0000,1.42234,-0.02793,-2.63660,1.09384,1.57084,0.11672,-0.12757,-0.48158,0.02780,,,,,,,,,,,,,,,,,,,,,,,,,,0,0,0,0,0
67.1952,1783969918.9620,3,1,0.5000,-0.0000,1.42234,-0.02793,-2.63660,1.09384,1.57084,0.11672,-0.12757,-0.48158,0.02780,,,,,,,,,,,,,,,,,,,,,,,,,,0,0,0,0,0
67.1958,1783969918.9626,3,1,0.5000,-0.0000,1.42234,-0.02793,-2.63660,1.09384,1.57084,0.11672,-0.12757,-0.48158,0.02780,,,,,,,,,,,,,,,,,,,,,,,,,,0,0,0,0,0
67.2080,1783969918.9748,3,1,0.5000,-0.0000,1.42234,-0.02793,-2.63660,1.09384,1.57084,0.11672,-0.12757,-0.48158,0.02780,,,,,,,,,,,,,,,,,,,,,,,,,,0,0,0,0,0
67.2178,1783969918.9846,3,1,0.5000,-0.0000,1.42234,-0.02793,-2.63660,1.09384,1.57084,0.11672,-0.12757,-0.48158,0.02780,,,,,,,,,,,,,,,,,,,,,,,,,,0,0,0,0,0
67.2265,1783969918.9933,3,1,0.5000,-0.0000,1.42234,-0.02793,-2.63660,1.09384,1.57084,0.11672,-0.12757,-0.48158,0.02780,,,,,,,,,,,,,,,,,,,,,,,,,,0,0,0,0,0
67.2389,1783969919.0057,3,1,0.5000,-0.0000,1.42234,-0.02793,-2.63660,1.09384,1.57084,0.11672,-0.12757,-0.48158,0.02780,,,,,,,,,,,,,,,,,,,,,,,,,,0,0,0,0,0
67.2589,1783969919.0257,3,1,0.5000,-0.0000,1.42234,-0.02793,-2.63660,1.09384,1.57084,0.11672,-0.12757,-0.48158,0.02780,,,,,,,,,,,,,,,,,,,,,,,,,,0,0,0,0,0
67.2696,1783969919.0364,3,1,0.5000,-0.0000,1.42234,-0.02793,-2.63660,1.09384,1.57084,0.11672,-0.12757,-0.48158,0.02780,,,,,,,,,,,,,,,,,,,,,,,,,,0,0,0,0,0
67.2847,1783969919.0515,3,1,0.5000,-0.0000,1.42234,-0.02793,-2.63660,1.09384,1.57084,0.11672,-0.12757,-0.48158,0.02780,,,,,,,,,,,,,,,,,,,,,,,,,,0,0,0,0,0
67.2920,1783969919.0588,3,1,0.5000,-0.0000,1.42234,-0.02793,-2.63660,1.09384,1.57084,0.11672,-0.12757,-0.48158,0.02780,,,,,,,,,,,,,,,,,,,,,,,,,,0,0,0,0,0
67.2923,1783969919.0591,3,1,0.5000,-0.0000,1.42234,-0.02793,-2.63660,1.09384,1.57084,0.11672,-0.12757,-0.48158,0.02780,,,,,,,,,,,,,,,,,,,,,,,,,,0,0,0,0,0
67.3199,1783969919.0867,3,1,0.5000,-0.0000,1.42234,-0.02793,-2.63660,1.09384,1.57084,0.11672,-0.12757,-0.48158,0.02780,,,,,,,,,,,,,,,,,,,,,,,,,,0,0,0,0,0
67.3224,1783969919.0891,3,1,0.5000,-0.0000,1.42234,-0.02793,-2.63660,1.09384,1.57084,0.11672,-0.12757,-0.48158,0.02780,,,,,,,,,,,,,,,,,,,,,,,,,,0,0,0,0,0
67.3226,1783969919.0894,3,1,0.5000,-0.0000,1.42234,-0.02793,-2.63660,1.09384,1.57084,0.11672,-0.12757,-0.48158,0.02780,,,,,,,,,,,,,,,,,,,,,,,,,,0,0,0,0,0
67.3270,1783969919.0938,3,1,0.5000,-0.0000,1.42234,-0.02793,-2.63660,1.09384,1.57084,0.11672,-0.12757,-0.48158,0.02780,,,,,,,,,,,,,,,,,,,,,,,,,,0,0,0,0,0
67.3281,1783969919.0949,3,1,0.5000,-0.0000,1.42234,-0.02793,-2.63660,1.09384,1.57084,0.11672,-0.12757,-0.48158,0.02780,,,,,,,,,,,,,,,,,,,,,,,,,,0,0,0,0,0
67.3284,1783969919.0952,3,1,0.5000,-0.0000,1.42234,-0.02793,-2.63660,1.09384,1.57084,0.11672,-0.12757,-0.48158,0.02780,,,,,,,,,,,,,,,,,,,,,,,,,,0,0,0,0,0
67.3401,1783969919.1069,3,1,0.5000,-0.0000,1.42234,-0.02793,-2.63660,1.09384,1.57084,0.11672,-0.12757,-0.48158,0.02780,,,,,,,,,,,,,,,,,,,,,,,,,,0,0,0,0,0
67.3405,1783969919.1073,3,1,0.5000,-0.0000,1.42234,-0.02793,-2.63660,1.09384,1.57084,0.11672,-0.12757,-0.48158,0.02780,,,,,,,,,,,,,,,,,,,,,,,,,,0,0,0,0,0
67.3461,1783969919.1128,3,1,0.5000,-0.0000,1.42234,-0.02793,-2.63660,1.09384,1.57084,0.11672,-0.12757,-0.48158,0.02780,,,,,,,,,,,,,,,,,,,,,,,,,,0,0,0,0,0
67.3553,1783969919.1220,3,1,0.5000,-0.0000,1.42234,-0.02793,-2.63660,1.09384,1.57084,0.11672,-0.12757,-0.48158,0.02780,,,,,,,,,,,,,,,,,,,,,,,,,,0,0,0,0,0
67.3666,1783969919.1333,3,1,0.5000,-0.0000,1.42234,-0.02793,-2.63660,1.09384,1.57084,0.11672,-0.12757,-0.48158,0.02780,,,,,,,,,,,,,,,,,,,,,,,,,,0,0,0,0,0
67.3760,1783969919.1427,3,1,0.5000,-0.0000,1.42234,-0.02793,-2.63661,1.09385,1.57084,0.11672,-0.12757,-0.48157,0.02780,,,,,,,,,,,,,,,,,,,,,,,,,,0,0,0,0,0
67.3856,1783969919.1524,3,1,0.5000,-0.0000,1.42234,-0.02794,-2.63663,1.09386,1.57084,0.11672,-0.12757,-0.48156,0.02779,,,,,,,,,,,,,,,,,,,,,,,,,,0,0,0,0,0
67.3957,1783969919.1625,3,1,0.5000,-0.0000,1.42234,-0.02796,-2.63668,1.09390,1.57084,0.11672,-0.12757,-0.48153,0.02776,,,,,,,,,,,,,,,,,,,,,,,,,,0,0,0,0,0
67.4054,1783969919.1722,3,1,0.5000,-0.0000,1.42234,-0.02796,-2.63668,1.09390,1.57084,0.11672,-0.12757,-0.48153,0.02776,,,,,,,,,,,,,,,,,,,,,,,,,,0,0,0,0,0
67.4177,1783969919.1845,3,1,0.5000,-0.0000,1.42234,-0.02799,-2.63671,1.09393,1.57084,0.11672,-0.12758,-0.48151,0.02774,,,,,,,,,,,,,,,,,,,,,,,,,,0,0,0,0,0
67.4258,1783969919.1926,3,1,0.5000,-0.0000,1.42234,-0.02801,-2.63672,1.09395,1.57084,0.11672,-0.12758,-0.48150,0.02773,,,,,,,,,,,,,,,,,,,,,,,,,,0,0,0,0,0
67.4266,1783969919.1934,3,1,0.5000,-0.0000,1.42234,-0.02801,-2.63672,1.09395,1.57084,0.11672,-0.12758,-0.48150,0.02773,,,,,,,,,,,,,,,,,,,,,,,,,,0,0,0,0,0
67.4343,1783969919.2011,3,1,0.5000,-0.0000,1.42234,-0.02802,-2.63673,1.09396,1.57084,0.11672,-0.12758,-0.48150,0.02772,,,,,,,,,,,,,,,,,,,,,,,,,,0,0,0,0,0
67.4453,1783969919.2121,3,1,0.5000,-0.0000,1.42234,-0.02808,-2.63677,1.09403,1.57084,0.11672,-0.12758,-0.48148,0.02769,,,,,,,,,,,,,,,,,,,,,,,,,,0,0,0,0,0
67.4561,1783969919.2229,3,1,0.5000,-0.0000,1.42234,-0.02814,-2.63680,1.09410,1.57084,0.11672,-0.12758,-0.48146,0.02766,,,,,,,,,,,,,,,,,,,,,,,,,,0,0,0,0,0
67.4685,1783969919.2353,3,1,0.5000,-0.0000,1.42234,-0.02818,-2.63681,1.09415,1.57084,0.11672,-0.12758,-0.48146,0.02765,,,,,,,,,,,,,,,,,,,,,,,,,,0,0,0,0,0
67.4747,1783969919.2415,3,1,0.5000,-0.0000,1.42234,-0.02821,-2.63682,1.09418,1.57084,0.11672,-0.12758,-0.48146,0.02764,,,,,,,,,,,,,,,,,,,,,,,,,,0,0,0,0,0
67.4750,1783969919.2418,3,1,0.5000,-0.0000,1.42234,-0.02821,-2.63682,1.09418,1.57084,0.11672,-0.12758,-0.48146,0.02764,,,,,,,,,,,,,,,,,,,,,,,,,,0,0,0,0,0
67.4983,1783969919.2650,3,1,0.5000,-0.0000,1.42234,-0.02835,-2.63685,1.09435,1.57084,0.11672,-0.12758,-0.48145,0.02759,,,,,,,,,,,,,,,,,,,,,,,,,,0,0,0,0,0
67.4985,1783969919.2653,3,1,0.5000,-0.0000,1.42234,-0.02835,-2.63685,1.09435,1.57084,0.11672,-0.12758,-0.48145,0.02759,,,,,,,,,,,,,,,,,,,,,,,,,,0,0,0,0,0
67.4989,1783969919.2657,3,1,0.5000,-0.0000,1.42234,-0.02835,-2.63685,1.09435,1.57084,0.11672,-0.12758,-0.48145,0.02759,,,,,,,,,,,,,,,,,,,,,,,,,,0,0,0,0,0
67.4993,1783969919.2660,3,1,0.5000,-0.0000,1.42234,-0.02835,-2.63685,1.09435,1.57084,0.11672,-0.12758,-0.48145,0.02759,,,,,,,,,,,,,,,,,,,,,,,,,,0,0,0,0,0
67.5113,1783969919.2781,3,1,0.5000,-0.0000,1.42234,-0.02846,-2.63687,1.09448,1.57084,0.11672,-0.12758,-0.48146,0.02755,,,,,,,,,,,,,,,,,,,,,,,,,,0,0,0,0,0
67.5248,1783969919.2916,3,1,0.5000,-0.0000,1.42234,-0.02852,-2.63688,1.09454,1.57084,0.11672,-0.12758,-0.48146,0.02754,,,,,,,,,,,,,,,,,,,,,,,,,,0,0,0,0,0
67.5280,1783969919.2947,3,1,0.5000,-0.0000,1.42234,-0.02855,-2.63688,1.09459,1.57084,0.11672,-0.12758,-0.48146,0.02752,,,,,,,,,,,,,,,,,,,,,,,,,,0,0,0,0,0
67.5440,1783969919.3108,3,1,0.5000,-0.0000,1.42234,-0.02870,-2.63691,1.09477,1.57084,0.11672,-0.12758,-0.48147,0.02748,,,,,,,,,,,,,,,,,,,,,,,,,,0,0,0,0,0
67.5486,1783969919.3153,3,1,0.5000,-0.0000,1.42234,-0.02871,-2.63691,1.09477,1.57084,0.11672,-0.12758,-0.48147,0.02748,,,,,,,,,,,,,,,,,,,,,,,,,,0,0,0,0,0
67.5601,1783969919.3268,3,1,0.5000,-0.0000,1.42234,-0.02877,-2.63691,1.09485,1.57084,0.11672,-0.12758,-0.48148,0.02746,,,,,,,,,,,,,,,,,,,,,,,,,,0,0,0,0,0
67.5603,1783969919.3271,3,1,0.5000,-0.0000,1.42234,-0.02877,-2.63691,1.09485,1.57084,0.11672,-0.12758,-0.48148,0.02746,,,,,,,,,,,,,,,,,,,,,,,,,,0,0,0,0,0
67.5681,1783969919.3349,3,1,0.5000,-0.0000,1.42234,-0.02884,-2.63691,1.09494,1.57084,0.11672,-0.12758,-0.48149,0.02744,,,,,,,,,,,,,,,,,,,,,,,,,,0,0,0,0,0
67.5818,1783969919.3486,3,1,0.5000,-0.0000,1.42234,-0.02896,-2.63690,1.09509,1.57084,0.11672,-0.12757,-0.48151,0.02742,,,,,,,,,,,,,,,,,,,,,,,,,,0,0,0,0,0
67.5902,1783969919.3570,3,1,0.5000,-0.0000,1.42234,-0.02904,-2.63690,1.09518,1.57084,0.11672,-0.12757,-0.48153,0.02740,,,,,,,,,,,,,,,,,,,,,,,,,,0,0,0,0,0
67.6003,1783969919.3671,3,1,0.5000,-0.0000,1.42234,-0.02912,-2.63687,1.09529,1.57084,0.11672,-0.12757,-0.48156,0.02740,,,,,,,,,,,,,,,,,,,,,,,,,,0,0,0,0,0
67.6081,1783969919.3748,3,1,0.5000,-0.0000,1.42234,-0.02914,-2.63686,1.09530,1.57084,0.11672,-0.12757,-0.48157,0.02740,,,,,,,,,,,,,,,,,,,,,,,,,,0,0,0,0,0
67.6085,1783969919.3753,3,1,0.5000,-0.0000,1.42234,-0.02914,-2.63686,1.09530,1.57084,0.11672,-0.12757,-0.48157,0.02740,,,,,,,,,,,,,,,,,,,,,,,,,,0,0,0,0,0
67.6177,1783969919.3845,3,1,0.5000,-0.0000,1.42234,-0.02914,-2.63686,1.09530,1.57084,0.11672,-0.12757,-0.48157,0.02740,,,,,,,,,,,,,,,,,,,,,,,,,,0,0,0,0,0
67.6282,1783969919.3950,3,1,0.5000,-0.0000,1.42234,-0.02914,-2.63686,1.09530,1.57084,0.11672,-0.12757,-0.48157,0.02740,,,,,,,,,,,,,,,,,,,,,,,,,,0,0,0,0,0
67.6400,1783969919.4067,3,1,0.5000,-0.0000,1.42234,-0.02914,-2.63686,1.09530,1.57084,0.11672,-0.12757,-0.48157,0.02740,,,,,,,,,,,,,,,,,,,,,,,,,,0,0,0,0,0
67.6402,1783969919.4070,3,1,0.5000,-0.0000,1.42234,-0.02914,-2.63686,1.09530,1.57084,0.11672,-0.12757,-0.48157,0.02740,,,,,,,,,,,,,,,,,,,,,,,,,,0,0,0,0,0
67.6497,1783969919.4165,3,1,0.5000,-0.0000,1.42234,-0.02914,-2.63686,1.09530,1.57084,0.11672,-0.12757,-0.48157,0.02740,,,,,,,,,,,,,,,,,,,,,,,,,,0,0,0,0,0
67.6707,1783969919.4374,3,1,0.5000,-0.0000,1.42234,-0.02914,-2.63686,1.09530,1.57084,0.11672,-0.12757,-0.48157,0.02740,,,,,,,,,,,,,,,,,,,,,,,,,,0,0,0,0,0
67.6734,1783969919.4402,3,1,0.5000,-0.0000,1.42234,-0.02914,-2.63686,1.09530,1.57084,0.11672,-0.12757,-0.48157,0.02740,,,,,,,,,,,,,,,,,,,,,,,,,,0,0,0,0,0
67.6792,1783969919.4460,3,1,0.5000,-0.0000,1.42234,-0.02914,-2.63686,1.09530,1.57084,0.11672,-0.12757,-0.48157,0.02740,,,,,,,,,,,,,,,,,,,,,,,,,,0,0,0,0,0
67.6798,1783969919.4466,3,1,0.5000,-0.0000,1.42234,-0.02914,-2.63686,1.09530,1.57084,0.11672,-0.12757,-0.48157,0.02740,,,,,,,,,,,,,,,,,,,,,,,,,,0,0,0,0,0
67.6910,1783969919.4578,3,1,0.5000,-0.0000,1.42234,-0.02914,-2.63686,1.09530,1.57084,0.11672,-0.12757,-0.48157,0.02740,,,,,,,,,,,,,,,,,,,,,,,,,,0,0,0,0,0
67.7020,1783969919.4688,3,1,0.5000,-0.0000,1.42234,-0.02914,-2.63686,1.09530,1.57084,0.11672,-0.12757,-0.48157,0.02740,,,,,,,,,,,,,,,,,,,,,,,,,,0,0,0,0,0
67.7123,1783969919.4791,3,1,0.5000,-0.0000,1.42234,-0.02914,-2.63686,1.09530,1.57084,0.11672,-0.12757,-0.48157,0.02740,,,,,,,,,,,,,,,,,,,,,,,,,,0,0,0,0,0
67.7200,1783969919.4868,3,1,0.5000,-0.0000,1.42234,-0.02914,-2.63686,1.09530,1.57084,0.11672,-0.12757,-0.48157,0.02740,,,,,,,,,,,,,,,,,,,,,,,,,,0,0,0,0,0
67.7352,1783969919.5020,3,1,0.5000,-0.0000,1.42234,-0.02914,-2.63686,1.09530,1.57084,0.11672,-0.12757,-0.48157,0.02740,,,,,,,,,,,,,,,,,,,,,,,,,,0,0,0,0,0
67.7439,1783969919.5107,3,1,0.5000,-0.0000,1.42234,-0.02914,-2.63686,1.09530,1.57084,0.11672,-0.12757,-0.48157,0.02740,,,,,,,,,,,,,,,,,,,,,,,,,,0,0,0,0,0
67.7487,1783969919.5155,3,1,0.5000,-0.0000,1.42234,-0.02914,-2.63686,1.09530,1.57084,0.11672,-0.12757,-0.48157,0.02740,,,,,,,,,,,,,,,,,,,,,,,,,,0,0,0,0,0
67.7663,1783969919.5330,3,1,0.5000,-0.0000,1.42234,-0.02914,-2.63686,1.09530,1.57084,0.11672,-0.12757,-0.48157,0.02740,,,,,,,,,,,,,,,,,,,,,,,,,,0,0,0,0,0
67.7721,1783969919.5389,3,1,0.5000,-0.0000,1.42234,-0.02914,-2.63686,1.09530,1.57084,0.11672,-0.12757,-0.48157,0.02740,,,,,,,,,,,,,,,,,,,,,,,,,,0,0,0,0,0
67.7804,1783969919.5472,3,1,0.5000,-0.0000,1.42234,-0.02914,-2.63686,1.09530,1.57084,0.11672,-0.12757,-0.48157,0.02740,,,,,,,,,,,,,,,,,,,,,,,,,,0,0,0,0,0
67.7808,1783969919.5475,3,1,0.5000,-0.0000,1.42234,-0.02914,-2.63686,1.09530,1.57084,0.11672,-0.12757,-0.48157,0.02740,,,,,,,,,,,,,,,,,,,,,,,,,,0,0,0,0,0
67.7929,1783969919.5597,3,1,0.5000,-0.0000,1.42234,-0.02914,-2.63686,1.09531,1.57084,0.11672,-0.12757,-0.48157,0.02740,,,,,,,,,,,,,,,,,,,,,,,,,,0,0,0,0,0
67.8046,1783969919.5714,3,1,0.5000,-0.0000,1.42234,-0.02914,-2.63688,1.09532,1.57084,0.11671,-0.12757,-0.48156,0.02739,,,,,,,,,,,,,,,,,,,,,,,,,,0,0,0,0,0
67.8081,1783969919.5749,3,1,0.5000,-0.0000,1.42234,-0.02915,-2.63689,1.09532,1.57084,0.11671,-0.12757,-0.48155,0.02738,,,,,,,,,,,,,,,,,,,,,,,,,,0,0,0,0,0
67.8250,1783969919.5917,3,1,0.5000,-0.0000,1.42234,-0.02915,-2.63691,1.09534,1.57084,0.11671,-0.12757,-0.48154,0.02737,,,,,,,,,,,,,,,,,,,,,,,,,,0,0,0,0,0
67.8318,1783969919.5986,3,1,0.5000,-0.0000,1.42234,-0.02917,-2.63693,1.09535,1.57084,0.11671,-0.12757,-0.48153,0.02736,,,,,,,,,,,,,,,,,,,,,,,,,,0,0,0,0,0
67.8412,1783969919.6080,3,1,0.5000,-0.0000,1.42234,-0.02920,-2.63696,1.09538,1.57084,0.11671,-0.12757,-0.48151,0.02734,,,,,,,,,,,,,,,,,,,,,,,,,,0,0,0,0,0
67.8509,1783969919.6177,3,1,0.5000,-0.0000,1.42234,-0.02921,-2.63698,1.09540,1.57084,0.11671,-0.12758,-0.48150,0.02733,,,,,,,,,,,,,,,,,,,,,,,,,,0,0,0,0,0
67.8578,1783969919.6245,3,1,0.5000,-0.0000,1.42234,-0.02923,-2.63699,1.09542,1.57085,0.11671,-0.12758,-0.48149,0.02732,,,,,,,,,,,,,,,,,,,,,,,,,,0,0,0,0,0
67.8750,1783969919.6417,3,1,0.5000,-0.0000,1.42234,-0.02928,-2.63702,1.09548,1.57085,0.11671,-0.12758,-0.48147,0.02729,,,,,,,,,,,,,,,,,,,,,,,,,,0,0,0,0,0
67.8754,1783969919.6422,3,1,0.5000,-0.0000,1.42234,-0.02928,-2.63702,1.09548,1.57085,0.11671,-0.12758,-0.48147,0.02729,,,,,,,,,,,,,,,,,,,,,,,,,,0,0,0,0,0
67.8784,1783969919.6452,3,1,0.5000,-0.0000,1.42234,-0.02929,-2.63702,1.09549,1.57085,0.11671,-0.12758,-0.48147,0.02729,,,,,,,,,,,,,,,,,,,,,,,,,,0,0,0,0,0
67.8981,1783969919.6649,3,1,0.5000,-0.0000,1.42234,-0.02943,-2.63707,1.09566,1.57085,0.11671,-0.12758,-0.48146,0.02723,,,,,,,,,,,,,,,,,,,,,,,,,,0,0,0,0,0
67.8984,1783969919.6651,3,1,0.5000,-0.0000,1.42234,-0.02943,-2.63707,1.09566,1.57085,0.11671,-0.12758,-0.48146,0.02723,,,,,,,,,,,,,,,,,,,,,,,,,,0,0,0,0,0
67.8998,1783969919.6666,3,1,0.5000,-0.0000,1.42234,-0.02948,-2.63708,1.09571,1.57085,0.11671,-0.12758,-0.48145,0.02721,,,,,,,,,,,,,,,,,,,,,,,,,,0,0,0,0,0
67.9000,1783969919.6668,3,1,0.5000,-0.0000,1.42234,-0.02948,-2.63708,1.09571,1.57085,0.11671,-0.12758,-0.48145,0.02721,,,,,,,,,,,,,,,,,,,,,,,,,,0,0,0,0,0
67.9107,1783969919.6775,3,1,0.5000,-0.0000,1.42234,-0.02949,-2.63708,1.09572,1.57085,0.11671,-0.12758,-0.48145,0.02721,,,,,,,,,,,,,,,,,,,,,,,,,,0,0,0,0,0
67.9177,1783969919.6845,3,1,0.5000,-0.0000,1.42234,-0.02953,-2.63709,1.09577,1.57085,0.11671,-0.12758,-0.48145,0.02720,,,,,,,,,,,,,,,,,,,,,,,,,,0,0,0,0,0
67.9301,1783969919.6969,3,1,0.5000,-0.0000,1.42234,-0.02966,-2.63712,1.09592,1.57085,0.11671,-0.12758,-0.48145,0.02716,,,,,,,,,,,,,,,,,,,,,,,,,,0,0,0,0,0
67.9400,1783969919.7068,3,1,0.5000,-0.0000,1.42234,-0.02972,-2.63713,1.09598,1.57085,0.11671,-0.12758,-0.48145,0.02714,,,,,,,,,,,,,,,,,,,,,,,,,,0,0,0,0,0
67.9537,1783969919.7205,3,1,0.5000,-0.0000,1.42234,-0.02979,-2.63714,1.09607,1.57085,0.11671,-0.12758,-0.48146,0.02711,,,,,,,,,,,,,,,,,,,,,,,,,,0,0,0,0,0
67.9592,1783969919.7260,3,1,0.5000,-0.0000,1.42234,-0.02983,-2.63715,1.09612,1.57085,0.11671,-0.12758,-0.48146,0.02710,,,,,,,,,,,,,,,,,,,,,,,,,,0,0,0,0,0
67.9598,1783969919.7266,3,1,0.5000,-0.0000,1.42234,-0.02988,-2.63715,1.09617,1.57085,0.11671,-0.12758,-0.48146,0.02709,,,,,,,,,,,,,,,,,,,,,,,,,,0,0,0,0,0
67.9695,1783969919.7363,3,1,0.5000,-0.0000,1.42234,-0.02993,-2.63716,1.09623,1.57085,0.11671,-0.12758,-0.48146,0.02707,,,,,,,,,,,,,,,,,,,,,,,,,,0,0,0,0,0
67.9799,1783969919.7467,3,1,0.5000,-0.0000,1.42234,-0.02996,-2.63716,1.09627,1.57085,0.11671,-0.12758,-0.48146,0.02706,,,,,,,,,,,,,,,,,,,,,,,,,,0,0,0,0,0
68.0039,1783969919.7707,3,1,0.5000,-0.0000,1.42234,-0.03018,-2.63716,1.09653,1.57085,0.11671,-0.12757,-0.48149,0.02701,,,,,,,,,,,,,,,,,,,,,,,,,,0,0,0,0,0
68.0080,1783969919.7747,3,1,0.5000,-0.0000,1.42234,-0.03021,-2.63716,1.09658,1.57085,0.11671,-0.12757,-0.48150,0.02700,,,,,,,,,,,,,,,,,,,,,,,,,,0,0,0,0,0
68.0085,1783969919.7752,3,1,0.5000,-0.0000,1.42234,-0.03021,-2.63716,1.09658,1.57085,0.11671,-0.12757,-0.48150,0.02700,,,,,,,,,,,,,,,,,,,,,,,,,,0,0,0,0,0
68.0184,1783969919.7852,3,1,0.5000,-0.0000,1.42233,-0.03028,-2.63716,1.09666,1.57085,0.11671,-0.12757,-0.48152,0.02699,,,,,,,,,,,,,,,,,,,,,,,,,,0,0,0,0,0
68.0283,1783969919.7950,3,1,0.5000,-0.0000,1.42233,-0.03035,-2.63713,1.09675,1.57085,0.11671,-0.12757,-0.48154,0.02698,,,,,,,,,,,,,,,,,,,,,,,,,,0,0,0,0,0
68.0398,1783969919.8066,3,1,0.5000,-0.0000,1.42233,-0.03035,-2.63713,1.09675,1.57085,0.11671,-0.12757,-0.48154,0.02698,,,,,,,,,,,,,,,,,,,,,,,,,,0,0,0,0,0
68.0499,1783969919.8167,3,1,0.5000,-0.0000,1.42233,-0.03035,-2.63713,1.09675,1.57085,0.11671,-0.12757,-0.48154,0.02698,,,,,,,,,,,,,,,,,,,,,,,,,,0,0,0,0,0
68.0502,1783969919.8170,3,1,0.5000,-0.0000,1.42233,-0.03035,-2.63713,1.09675,1.57085,0.11671,-0.12757,-0.48154,0.02698,,,,,,,,,,,,,,,,,,,,,,,,,,0,0,0,0,0
68.0598,1783969919.8266,3,1,0.5000,-0.0000,1.42233,-0.03035,-2.63713,1.09675,1.57085,0.11671,-0.12757,-0.48154,0.02698,,,,,,,,,,,,,,,,,,,,,,,,,,0,0,0,0,0
68.0698,1783969919.8365,3,1,0.5000,-0.0000,1.42233,-0.03035,-2.63713,1.09675,1.57085,0.11671,-0.12757,-0.48154,0.02698,,,,,,,,,,,,,,,,,,,,,,,,,,0,0,0,0,0
68.0787,1783969919.8455,3,1,0.5000,-0.0000,1.42233,-0.03035,-2.63713,1.09675,1.57085,0.11671,-0.12757,-0.48154,0.02698,,,,,,,,,,,,,,,,,,,,,,,,,,0,0,0,0,0
68.1140,1783969919.8808,3,1,0.5000,-0.0000,1.42233,-0.03035,-2.63713,1.09675,1.57085,0.11671,-0.12757,-0.48154,0.02698,,,,,,,,,,,,,,,,,,,,,,,,,,0,0,0,0,0
68.1294,1783969919.8962,3,1,0.5000,-0.0000,1.42233,-0.03035,-2.63713,1.09675,1.57085,0.11671,-0.12757,-0.48154,0.02698,,,,,,,,,,,,,,,,,,,,,,,,,,0,0,0,0,0
68.1298,1783969919.8966,3,1,0.5000,-0.0000,1.42233,-0.03035,-2.63713,1.09675,1.57085,0.11671,-0.12757,-0.48154,0.02698,,,,,,,,,,,,,,,,,,,,,,,,,,0,0,0,0,0
68.1347,1783969919.9014,3,1,0.5000,-0.0000,1.42233,-0.03035,-2.63713,1.09675,1.57085,0.11671,-0.12757,-0.48154,0.02698,,,,,,,,,,,,,,,,,,,,,,,,,,0,0,0,0,0
68.1390,1783969919.9058,3,1,0.5000,-0.0000,1.42233,-0.03035,-2.63713,1.09675,1.57085,0.11671,-0.12757,-0.48154,0.02698,,,,,,,,,,,,,,,,,,,,,,,,,,0,0,0,0,0
68.1409,1783969919.9077,3,1,0.5000,-0.0000,1.42233,-0.03035,-2.63713,1.09675,1.57085,0.11671,-0.12757,-0.48154,0.02698,,,,,,,,,,,,,,,,,,,,,,,,,,0,0,0,0,0
68.1511,1783969919.9179,3,1,0.5000,-0.0000,1.42233,-0.03035,-2.63713,1.09675,1.57085,0.11671,-0.12757,-0.48154,0.02698,,,,,,,,,,,,,,,,,,,,,,,,,,0,0,0,0,0
68.1515,1783969919.9183,3,1,0.5000,-0.0000,1.42233,-0.03035,-2.63713,1.09675,1.57085,0.11671,-0.12757,-0.48154,0.02698,,,,,,,,,,,,,,,,,,,,,,,,,,0,0,0,0,0
68.1592,1783969919.9260,3,1,0.5000,-0.0000,1.42233,-0.03035,-2.63713,1.09675,1.57085,0.11671,-0.12757,-0.48154,0.02698,,,,,,,,,,,,,,,,,,,,,,,,,,0,0,0,0,0
68.1608,1783969919.9276,3,1,0.5000,-0.0000,1.42233,-0.03035,-2.63713,1.09675,1.57085,0.11671,-0.12757,-0.48154,0.02698,,,,,,,,,,,,,,,,,,,,,,,,,,0,0,0,0,0
68.1611,1783969919.9279,3,1,0.5000,-0.0000,1.42233,-0.03035,-2.63713,1.09675,1.57085,0.11671,-0.12757,-0.48154,0.02698,,,,,,,,,,,,,,,,,,,,,,,,,,0,0,0,0,0
68.1712,1783969919.9380,3,1,0.5000,-0.0000,1.42233,-0.03035,-2.63713,1.09675,1.57085,0.11671,-0.12757,-0.48154,0.02698,,,,,,,,,,,,,,,,,,,,,,,,,,0,0,0,0,0
68.1820,1783969919.9488,3,1,0.5000,-0.0000,1.42233,-0.03035,-2.63713,1.09675,1.57085,0.11671,-0.12757,-0.48154,0.02698,,,,,,,,,,,,,,,,,,,,,,,,,,0,0,0,0,0
68.1923,1783969919.9591,3,1,0.5000,-0.0000,1.42233,-0.03035,-2.63713,1.09675,1.57085,0.11671,-0.12757,-0.48154,0.02698,,,,,,,,,,,,,,,,,,,,,,,,,,0,0,0,0,0
68.2056,1783969919.9724,3,1,0.5000,-0.0000,1.42233,-0.03035,-2.63713,1.09675,1.57085,0.11671,-0.12757,-0.48154,0.02698,,,,,,,,,,,,,,,,,,,,,,,,,,0,0,0,0,0
68.2061,1783969919.9728,3,1,0.5000,-0.0000,1.42233,-0.03035,-2.63713,1.09675,1.57085,0.11671,-0.12757,-0.48154,0.02698,,,,,,,,,,,,,,,,,,,,,,,,,,0,0,0,0,0
68.2138,1783969919.9806,3,1,0.5000,-0.0000,1.42233,-0.03035,-2.63713,1.09675,1.57085,0.11671,-0.12757,-0.48154,0.02698,,,,,,,,,,,,,,,,,,,,,,,,,,0,0,0,0,0
68.2205,1783969919.9873,3,1,0.5000,-0.0000,1.42233,-0.03035,-2.63714,1.09675,1.57085,0.11671,-0.12757,-0.48154,0.02698,,,,,,,,,,,,,,,,,,,,,,,,,,0,0,0,0,0
68.2313,1783969919.9981,3,1,0.5000,-0.0000,1.42233,-0.03036,-2.63715,1.09676,1.57085,0.11671,-0.12757,-0.48154,0.02698,,,,,,,,,,,,,,,,,,,,,,,,,,0,0,0,0,0
68.2410,1783969920.0078,3,1,0.5000,-0.0000,1.42233,-0.03036,-2.63716,1.09677,1.57085,0.11671,-0.12757,-0.48153,0.02697,,,,,,,,,,,,,,,,,,,,,,,,,,0,0,0,0,0
68.2412,1783969920.0080,3,1,0.5000,-0.0000,1.42233,-0.03036,-2.63716,1.09677,1.57085,0.11671,-0.12757,-0.48153,0.02697,,,,,,,,,,,,,,,,,,,,,,,,,,0,0,0,0,0
68.2549,1783969920.0217,3,1,0.5000,-0.0000,1.42233,-0.03039,-2.63719,1.09681,1.57085,0.11671,-0.12757,-0.48151,0.02695,,,,,,,,,,,,,,,,,,,,,,,,,,0,0,0,0,0
68.2553,1783969920.0221,3,1,0.5000,-0.0000,1.42233,-0.03039,-2.63719,1.09681,1.57085,0.11671,-0.12757,-0.48151,0.02695,,,,,,,,,,,,,,,,,,,,,,,,,,0,0,0,0,0
68.2624,1783969920.0291,3,1,0.5000,-0.0000,1.42233,-0.03042,-2.63723,1.09685,1.57085,0.11671,-0.12758,-0.48149,0.02692,,,,,,,,,,,,,,,,,,,,,,,,,,0,0,0,0,0
68.2728,1783969920.0396,3,1,0.5000,-0.0000,1.42233,-0.03043,-2.63724,1.09686,1.57085,0.11671,-0.12758,-0.48148,0.02692,,,,,,,,,,,,,,,,,,,,,,,,,,0,0,0,0,0
68.2821,1783969920.0489,3,1,0.5000,-0.0000,1.42233,-0.03046,-2.63726,1.09689,1.57085,0.11671,-0.12758,-0.48147,0.02690,,,,,,,,,,,,,,,,,,,,,,,,,,0,0,0,0,0
68.2921,1783969920.0589,3,1,0.5000,-0.0000,1.42233,-0.03053,-2.63730,1.09698,1.57085,0.11671,-0.12758,-0.48145,0.02686,,,,,,,,,,,,,,,,,,,,,,,,,,0,0,0,0,0
68.3048,1783969920.0716,3,1,0.5000,-0.0000,1.42233,-0.03055,-2.63731,1.09700,1.57085,0.11671,-0.12758,-0.48145,0.02686,,,,,,,,,,,,,,,,,,,,,,,,,,0,0,0,0,0
68.3106,1783969920.0774,3,1,0.5000,0.1259,1.42233,-0.03057,-2.63731,1.09702,1.57085,0.11671,-0.12758,-0.48145,0.02685,,,,,,,,,,,,,,,,,,,,,,,,,,0,0,0,0,0
68.3177,1783969920.0844,3,1,0.5000,0.8209,1.42233,-0.03063,-2.63733,1.09709,1.57085,0.11671,-0.12758,-0.48145,0.02683,,,,,,,,,,,,,,,,,,,,,,,,,,0,0,0,0,0
68.4047,1783969920.1715,3,1,0.5000,0.1235,1.42233,-0.03122,-2.63740,1.09781,1.57085,0.11671,-0.12757,-0.48148,0.02666,,,,,,,,,,,,,,,,,,,,,,,,,,0,0,0,0,0
68.4098,1783969920.1765,3,1,0.5000,0.0077,1.42233,-0.03125,-2.63740,1.09784,1.57085,0.11671,-0.12757,-0.48148,0.02665,,,,,,,,,,,,,,,,,,,,,,,,,,0,0,0,0,0
68.4255,1783969920.1923,3,1,0.5000,0.0008,1.42233,-0.03139,-2.63740,1.09802,1.57085,0.11671,-0.12757,-0.48151,0.02662,,,,,,,,,,,,,,,,,,,,,,,,,,0,0,0,0,0
68.4364,1783969920.2031,3,1,0.5000,0.0001,1.42233,-0.03150,-2.63739,1.09815,1.57085,0.11671,-0.12757,-0.48153,0.02660,,,,,,,,,,,,,,,,,,,,,,,,,,0,0,0,0,0
68.4375,1783969920.2043,3,1,0.5000,0.0000,1.42233,-0.03150,-2.63739,1.09815,1.57085,0.11671,-0.12757,-0.48153,0.02660,,,,,,,,,,,,,,,,,,,,,,,,,,0,0,0,0,0
68.4378,1783969920.2046,3,1,0.5000,0.0000,1.42233,-0.03150,-2.63739,1.09815,1.57085,0.11671,-0.12757,-0.48153,0.02660,,,,,,,,,,,,,,,,,,,,,,,,,,0,0,0,0,0
68.4496,1783969920.2164,3,1,0.5000,0.0633,1.42233,-0.03156,-2.63737,1.09823,1.57085,0.11671,-0.12756,-0.48156,0.02659,,,,,,,,,,,,,,,,,,,,,,,,,,0,0,0,0,0
68.4500,1783969920.2168,3,1,0.5000,0.1947,1.42233,-0.03156,-2.63737,1.09823,1.57085,0.11671,-0.12756,-0.48156,0.02659,,,,,,,,,,,,,,,,,,,,,,,,,,0,0,0,0,0
68.4655,1783969920.2323,3,1,0.5000,0.7592,1.42233,-0.03156,-2.63737,1.09823,1.57085,0.11671,-0.12756,-0.48156,0.02659,,,,,,,,,,,,,,,,,,,,,,,,,,0,0,0,0,0
68.4713,1783969920.2381,3,1,0.5000,0.3549,1.42233,-0.03156,-2.63737,1.09823,1.57085,0.11671,-0.12756,-0.48156,0.02659,,,,,,,,,,,,,,,,,,,,,,,,,,0,0,0,0,0
68.4716,1783969920.2384,3,1,0.5000,0.3079,1.42233,-0.03156,-2.63737,1.09823,1.57085,0.11671,-0.12756,-0.48156,0.02659,,,,,,,,,,,,,,,,,,,,,,,,,,0,0,0,0,0
68.4796,1783969920.2464,3,1,0.5000,0.0481,1.42233,-0.03156,-2.63737,1.09823,1.57085,0.11671,-0.12756,-0.48156,0.02659,,,,,,,,,,,,,,,,,,,,,,,,,,0,0,0,0,0
68.4803,1783969920.2470,3,1,0.5000,0.0386,1.42233,-0.03156,-2.63737,1.09823,1.57085,0.11671,-0.12756,-0.48156,0.02659,,,,,,,,,,,,,,,,,,,,,,,,,,0,0,0,0,0
68.4902,1783969920.2570,3,1,0.5000,0.0051,1.42233,-0.03156,-2.63737,1.09823,1.57085,0.11671,-0.12756,-0.48156,0.02659,,,,,,,,,,,,,,,,,,,,,,,,,,0,0,0,0,0
68.4979,1783969920.2647,3,1,0.5000,0.0025,1.42233,-0.03156,-2.63737,1.09823,1.57085,0.11671,-0.12756,-0.48156,0.02659,,,,,,,,,,,,,,,,,,,,,,,,,,0,0,0,0,0
68.4982,1783969920.2649,3,1,0.5000,0.0010,1.42233,-0.03156,-2.63737,1.09823,1.57085,0.11671,-0.12756,-0.48156,0.02659,,,,,,,,,,,,,,,,,,,,,,,,,,0,0,0,0,0
68.5103,1783969920.2771,3,1,0.5000,0.0003,1.42233,-0.03156,-2.63737,1.09823,1.57085,0.11671,-0.12756,-0.48156,0.02659,,,,,,,,,,,,,,,,,,,,,,,,,,0,0,0,0,0
68.5107,1783969920.2775,3,1,0.5000,0.0003,1.42233,-0.03156,-2.63737,1.09823,1.57085,0.11671,-0.12756,-0.48156,0.02659,,,,,,,,,,,,,,,,,,,,,,,,,,0,0,0,0,0
68.5293,1783969920.2961,3,1,0.5000,0.0263,1.42233,-0.03156,-2.63737,1.09823,1.57085,0.11671,-0.12756,-0.48156,0.02659,,,,,,,,,,,,,,,,,,,,,,,,,,0,0,0,0,0
68.5297,1783969920.2965,3,1,0.5000,0.2315,1.42233,-0.03156,-2.63737,1.09823,1.57085,0.11671,-0.12756,-0.48156,0.02659,,,,,,,,,,,,,,,,,,,,,,,,,,0,0,0,0,0
68.5407,1783969920.3075,3,1,0.5000,0.1249,1.42233,-0.03156,-2.63737,1.09823,1.57085,0.11671,-0.12756,-0.48156,0.02659,,,,,,,,,,,,,,,,,,,,,,,,,,0,0,0,0,0
68.5412,1783969920.3080,3,1,0.5000,0.1205,1.42233,-0.03156,-2.63737,1.09823,1.57085,0.11671,-0.12756,-0.48156,0.02659,,,,,,,,,,,,,,,,,,,,,,,,,,0,0,0,0,0
68.5525,1783969920.3193,3,1,0.5000,0.0529,1.42233,-0.03156,-2.63737,1.09823,1.57085,0.11671,-0.12756,-0.48156,0.02659,,,,,,,,,,,,,,,,,,,,,,,,,,0,0,0,0,0
68.5698,1783969920.3365,3,1,0.5000,0.0172,1.42233,-0.03156,-2.63737,1.09823,1.57085,0.11671,-0.12756,-0.48156,0.02659,,,,,,,,,,,,,,,,,,,,,,,,,,0,0,0,0,0
68.5734,1783969920.3402,3,1,0.5000,0.0060,1.42233,-0.03156,-2.63737,1.09823,1.57085,0.11671,-0.12756,-0.48156,0.02659,,,,,,,,,,,,,,,,,,,,,,,,,,0,0,0,0,0
68.5789,1783969920.3457,3,1,0.5000,0.0043,1.42233,-0.03156,-2.63737,1.09823,1.57085,0.11671,-0.12756,-0.48156,0.02659,,,,,,,,,,,,,,,,,,,,,,,,,,0,0,0,0,0
68.5794,1783969920.3462,3,1,0.5000,0.0625,1.42233,-0.03156,-2.63737,1.09823,1.57085,0.11671,-0.12756,-0.48156,0.02659,,,,,,,,,,,,,,,,,,,,,,,,,,0,0,0,0,0
68.5907,1783969920.3574,3,1,0.5000,1.0998,1.42233,-0.03156,-2.63737,1.09823,1.57085,0.11671,-0.12756,-0.48156,0.02659,,,,,,,,,,,,,,,,,,,,,,,,,,0,0,0,0,0
68.5981,1783969920.3649,3,1,0.5000,1.0207,1.42233,-0.03156,-2.63737,1.09823,1.57085,0.11671,-0.12756,-0.48156,0.02659,,,,,,,,,,,,,,,,,,,,,,,,,,0,0,0,0,0
68.6164,1783969920.3832,3,1,0.5000,0.3459,1.42233,-0.03156,-2.63737,1.09823,1.57085,0.11671,-0.12756,-0.48156,0.02659,,,,,,,,,,,,,,,,,,,,,,,,,,0,0,0,0,0
68.6225,1783969920.3893,3,1,0.5000,0.0193,1.42233,-0.03156,-2.63737,1.09823,1.57085,0.11671,-0.12756,-0.48156,0.02659,,,,,,,,,,,,,,,,,,,,,,,,,,0,0,0,0,0
68.6304,1783969920.3972,3,1,0.5000,0.0016,1.42233,-0.03156,-2.63737,1.09823,1.57085,0.11671,-0.12756,-0.48156,0.02659,,,,,,,,,,,,,,,,,,,,,,,,,,0,0,0,0,0
68.6441,1783969920.4109,3,1,0.5000,0.0002,1.42233,-0.03156,-2.63737,1.09823,1.57085,0.11671,-0.12756,-0.48156,0.02659,,,,,,,,,,,,,,,,,,,,,,,,,,0,0,0,0,0
68.6510,1783969920.4178,3,1,0.5000,0.0027,1.42233,-0.03156,-2.63737,1.09823,1.57085,0.11671,-0.12756,-0.48156,0.02659,,,,,,,,,,,,,,,,,,,,,,,,,,0,0,0,0,0
68.6610,1783969920.4278,3,1,0.5000,0.1292,1.42233,-0.03156,-2.63737,1.09823,1.57085,0.11671,-0.12756,-0.48156,0.02659,,,,,,,,,,,,,,,,,,,,,,,,,,0,0,0,0,0
68.6615,1783969920.4282,3,1,0.5000,0.1548,1.42233,-0.03156,-2.63737,1.09823,1.57085,0.11671,-0.12756,-0.48156,0.02659,,,,,,,,,,,,,,,,,,,,,,,,,,0,0,0,0,0
68.6741,1783969920.4409,3,1,0.5000,0.1843,1.42233,-0.03156,-2.63737,1.09823,1.57085,0.11671,-0.12756,-0.48156,0.02659,,,,,,,,,,,,,,,,,,,,,,,,,,0,0,0,0,0
68.6807,1783969920.4475,3,1,0.5000,0.1038,1.42233,-0.03156,-2.63737,1.09823,1.57085,0.11671,-0.12756,-0.48156,0.02659,,,,,,,,,,,,,,,,,,,,,,,,,,0,0,0,0,0
68.6888,1783969920.4556,3,1,0.5000,0.0481,1.42233,-0.03156,-2.63737,1.09823,1.57085,0.11671,-0.12756,-0.48156,0.02659,,,,,,,,,,,,,,,,,,,,,,,,,,0,0,0,0,0
68.6891,1783969920.4559,3,1,0.5000,0.0333,1.42233,-0.03156,-2.63737,1.09823,1.57085,0.11671,-0.12756,-0.48156,0.02659,,,,,,,,,,,,,,,,,,,,,,,,,,0,0,0,0,0
68.7016,1783969920.4684,3,1,0.5000,0.0100,1.42233,-0.03156,-2.63737,1.09823,1.57085,0.11671,-0.12756,-0.48156,0.02659,,,,,,,,,,,,,,,,,,,,,,,,,,0,0,0,0,0
68.7156,1783969920.4824,3,1,0.5000,0.0296,1.42233,-0.03156,-2.63737,1.09823,1.57085,0.11671,-0.12756,-0.48156,0.02659,,,,,,,,,,,,,,,,,,,,,,,,,,0,0,0,0,0
68.7250,1783969920.4917,3,1,0.5000,0.7113,1.42233,-0.03156,-2.63737,1.09823,1.57085,0.11671,-0.12756,-0.48156,0.02659,,,,,,,,,,,,,,,,,,,,,,,,,,0,0,0,0,0
68.7287,1783969920.4955,3,1,0.5000,0.9747,1.42233,-0.03156,-2.63737,1.09823,1.57085,0.11671,-0.12756,-0.48156,0.02659,,,,,,,,,,,,,,,,,,,,,,,,,,0,0,0,0,0
68.7291,1783969920.4959,3,1,0.5000,0.9783,1.42233,-0.03156,-2.63737,1.09823,1.57085,0.11671,-0.12756,-0.48156,0.02659,,,,,,,,,,,,,,,,,,,,,,,,,,0,0,0,0,0
68.7411,1783969920.5079,3,1,0.5000,0.6661,1.42233,-0.03156,-2.63737,1.09823,1.57085,0.11671,-0.12756,-0.48156,0.02659,,,,,,,,,,,,,,,,,,,,,,,,,,0,0,0,0,0
68.7594,1783969920.5262,3,1,0.5000,0.0911,1.42233,-0.03156,-2.63737,1.09823,1.57085,0.11671,-0.12756,-0.48156,0.02659,,,,,,,,,,,,,,,,,,,,,,,,,,0,0,0,0,0
68.7620,1783969920.5288,3,1,0.5000,0.0068,1.42233,-0.03156,-2.63737,1.09823,1.57085,0.11671,-0.12756,-0.48156,0.02659,,,,,,,,,,,,,,,,,,,,,,,,,,0,0,0,0,0
68.7722,1783969920.5390,3,1,0.5000,0.0008,1.42233,-0.03156,-2.63737,1.09823,1.57085,0.11671,-0.12756,-0.48156,0.02659,,,,,,,,,,,,,,,,,,,,,,,,,,0,0,0,0,0
68.7849,1783969920.5517,3,1,0.5000,0.0001,1.42233,-0.03156,-2.63737,1.09823,1.57085,0.11671,-0.12756,-0.48156,0.02659,,,,,,,,,,,,,,,,,,,,,,,,,,0,0,0,0,0
68.7952,1783969920.5620,3,1,0.5000,0.0480,1.42233,-0.03156,-2.63737,1.09823,1.57085,0.11671,-0.12756,-0.48156,0.02659,,,,,,,,,,,,,,,,,,,,,,,,,,0,0,0,0,0
68.8025,1783969920.5693,3,1,0.5000,0.1828,1.42233,-0.03156,-2.63737,1.09823,1.57085,0.11671,-0.12756,-0.48156,0.02659,,,,,,,,,,,,,,,,,,,,,,,,,,0,0,0,0,0
68.8097,1783969920.5765,3,1,0.5000,0.1334,1.42233,-0.03156,-2.63737,1.09823,1.57085,0.11671,-0.12756,-0.48156,0.02659,,,,,,,,,,,,,,,,,,,,,,,,,,0,0,0,0,0
68.8210,1783969920.5878,3,1,0.5000,0.0694,1.42233,-0.03156,-2.63737,1.09823,1.57085,0.11671,-0.12756,-0.48156,0.02659,,,,,,,,,,,,,,,,,,,,,,,,,,0,0,0,0,0
68.8276,1783969920.5944,3,1,0.5000,0.0228,1.42233,-0.03156,-2.63737,1.09823,1.57085,0.11671,-0.12756,-0.48156,0.02659,,,,,,,,,,,,,,,,,,,,,,,,,,0,0,0,0,0
68.8378,1783969920.6046,3,1,0.5000,0.0189,1.42233,-0.03156,-2.63737,1.09823,1.57085,0.11671,-0.12756,-0.48156,0.02659,,,,,,,,,,,,,,,,,,,,,,,,,,0,0,0,0,0
68.8489,1783969920.6156,3,1,0.5000,0.4629,1.42233,-0.03156,-2.63737,1.09823,1.57085,0.11671,-0.12756,-0.48156,0.02659,,,,,,,,,,,,,,,,,,,,,,,,,,0,0,0,0,0
68.8586,1783969920.6254,3,1,0.5000,0.9448,1.42233,-0.03156,-2.63737,1.09823,1.57085,0.11671,-0.12756,-0.48156,0.02659,,,,,,,,,,,,,,,,,,,,,,,,,,0,0,0,0,0
68.8811,1783969920.6478,3,1,0.5000,0.7210,1.42233,-0.03156,-2.63738,1.09823,1.57085,0.11671,-0.12756,-0.48155,0.02659,,,,,,,,,,,,,,,,,,,,,,,,,,0,0,0,0,0
68.8856,1783969920.6524,3,1,0.5000,0.2016,1.42233,-0.03156,-2.63738,1.09824,1.57085,0.11671,-0.12756,-0.48155,0.02659,,,,,,,,,,,,,,,,,,,,,,,,,,0,0,0,0,0
68.8901,1783969920.6569,3,1,0.5000,0.0146,1.42233,-0.03156,-2.63739,1.09824,1.57085,0.11671,-0.12756,-0.48155,0.02658,,,,,,,,,,,,,,,,,,,,,,,,,,0,0,0,0,0
68.8979,1783969920.6647,3,1,0.5000,0.0016,1.42233,-0.03156,-2.63739,1.09824,1.57085,0.11671,-0.12756,-0.48154,0.02658,,,,,,,,,,,,,,,,,,,,,,,,,,0,0,0,0,0
68.9103,1783969920.6771,3,1,0.5000,0.0003,1.42233,-0.03156,-2.63740,1.09824,1.57085,0.11671,-0.12756,-0.48154,0.02658,,,,,,,,,,,,,,,,,,,,,,,,,,0,0,0,0,0
68.9203,1783969920.6871,3,1,0.5000,0.0277,1.42233,-0.03156,-2.63740,1.09824,1.57085,0.11671,-0.12756,-0.48153,0.02658,,,,,,,,,,,,,,,,,,,,,,,,,,0,0,0,0,0
68.9398,1783969920.7066,3,1,0.5000,0.1813,1.42233,-0.03156,-2.63741,1.09824,1.57085,0.11671,-0.12756,-0.48153,0.02658,,,,,,,,,,,,,,,,,,,,,,,,,,0,0,0,0,0
68.9482,1783969920.7150,3,1,0.5000,0.2107,1.42233,-0.03156,-2.63741,1.09824,1.57085,0.11671,-0.12756,-0.48153,0.02658,,,,,,,,,,,,,,,,,,,,,,,,,,0,0,0,0,0
68.9485,1783969920.7153,3,1,0.5000,0.1201,1.42233,-0.03156,-2.63741,1.09824,1.57085,0.11671,-0.12756,-0.48153,0.02658,,,,,,,,,,,,,,,,,,,,,,,,,,0,0,0,0,0
68.9654,1783969920.7321,3,1,0.5000,0.0371,1.42233,-0.03156,-2.63741,1.09824,1.57085,0.11671,-0.12756,-0.48153,0.02658,,,,,,,,,,,,,,,,,,,,,,,,,,0,0,0,0,0
68.9818,1783969920.7486,3,1,0.5000,0.0260,1.42233,-0.03156,-2.63741,1.09824,1.57085,0.11671,-0.12756,-0.48153,0.02658,,,,,,,,,,,,,,,,,,,,,,,,,,0,0,0,0,0
68.9825,1783969920.7492,3,1,0.5000,0.0663,1.42233,-0.03156,-2.63741,1.09824,1.57085,0.11671,-0.12756,-0.48153,0.02658,,,,,,,,,,,,,,,,,,,,,,,,,,0,0,0,0,0
68.9829,1783969920.7496,3,1,0.5000,0.3539,1.42233,-0.03156,-2.63741,1.09824,1.57085,0.11671,-0.12756,-0.48153,0.02658,,,,,,,,,,,,,,,,,,,,,,,,,,0,0,0,0,0
69.1104,1783969920.8772,3,1,0.5000,0.9630,1.42233,-0.03156,-2.63741,1.09824,1.57085,0.11671,-0.12756,-0.48153,0.02658,,,,,,,,,,,,,,,,,,,,,,,,,,0,0,0,0,0
69.1106,1783969920.8774,3,1,0.5000,0.9031,1.42233,-0.03156,-2.63741,1.09824,1.57085,0.11671,-0.12756,-0.48153,0.02658,,,,,,,,,,,,,,,,,,,,,,,,,,0,0,0,0,0
69.1137,1783969920.8805,3,1,0.5000,0.8381,1.42233,-0.03156,-2.63741,1.09824,1.57085,0.11671,-0.12756,-0.48153,0.02658,,,,,,,,,,,,,,,,,,,,,,,,,,0,0,0,0,0
69.1140,1783969920.8808,3,1,0.5000,0.6658,1.42233,-0.03156,-2.63741,1.09824,1.57085,0.11671,-0.12756,-0.48153,0.02658,,,,,,,,,,,,,,,,,,,,,,,,,,0,0,0,0,0
69.1257,1783969920.8925,3,1,0.5000,0.1696,1.42233,-0.03156,-2.63741,1.09824,1.57085,0.11671,-0.12756,-0.48153,0.02658,,,,,,,,,,,,,,,,,,,,,,,,,,0,0,0,0,0
69.1261,1783969920.8929,3,1,0.5000,0.0722,1.42233,-0.03156,-2.63741,1.09824,1.57085,0.11671,-0.12756,-0.48153,0.02658,,,,,,,,,,,,,,,,,,,,,,,,,,0,0,0,0,0
69.1413,1783969920.9081,3,1,0.5000,0.0051,1.42233,-0.03156,-2.63741,1.09824,1.57085,0.11671,-0.12756,-0.48153,0.02658,,,,,,,,,,,,,,,,,,,,,,,,,,0,0,0,0,0
69.1484,1783969920.9151,3,1,0.5000,0.0020,1.42233,-0.03156,-2.63741,1.09824,1.57085,0.11671,-0.12756,-0.48153,0.02658,,,,,,,,,,,,,,,,,,,,,,,,,,0,0,0,0,0
69.1489,1783969920.9157,3,1,0.5000,0.0006,1.42233,-0.03156,-2.63741,1.09824,1.57085,0.11671,-0.12756,-0.48153,0.02658,,,,,,,,,,,,,,,,,,,,,,,,,,0,0,0,0,0
69.1493,1783969920.9161,3,1,0.5000,0.0200,1.42233,-0.03156,-2.63741,1.09824,1.57085,0.11671,-0.12756,-0.48153,0.02658,,,,,,,,,,,,,,,,,,,,,,,,,,0,0,0,0,0
69.1546,1783969920.9214,3,1,0.5000,0.0960,1.42233,-0.03156,-2.63741,1.09824,1.57085,0.11671,-0.12756,-0.48153,0.02658,,,,,,,,,,,,,,,,,,,,,,,,,,0,0,0,0,0
69.1550,1783969920.9218,3,1,0.5000,0.3495,1.42233,-0.03156,-2.63741,1.09824,1.57085,0.11671,-0.12756,-0.48153,0.02658,,,,,,,,,,,,,,,,,,,,,,,,,,0,0,0,0,0
69.1561,1783969920.9228,3,1,0.5000,0.2728,1.42233,-0.03156,-2.63741,1.09824,1.57085,0.11671,-0.12756,-0.48153,0.02658,,,,,,,,,,,,,,,,,,,,,,,,,,0,0,0,0,0
69.1565,1783969920.9232,3,1,0.5000,0.2569,1.42233,-0.03156,-2.63741,1.09824,1.57085,0.11671,-0.12756,-0.48153,0.02658,,,,,,,,,,,,,,,,,,,,,,,,,,0,0,0,0,0
69.1650,1783969920.9318,3,1,0.5000,0.2298,1.42233,-0.03156,-2.63741,1.09824,1.57085,0.11671,-0.12756,-0.48153,0.02658,,,,,,,,,,,,,,,,,,,,,,,,,,0,0,0,0,0
69.1654,1783969920.9322,3,1,0.5000,0.1911,1.42233,-0.03156,-2.63741,1.09824,1.57085,0.11671,-0.12756,-0.48153,0.02658,,,,,,,,,,,,,,,,,,,,,,,,,,0,0,0,0,0
69.1658,1783969920.9325,3,1,0.5000,0.2291,1.42233,-0.03156,-2.63741,1.09824,1.57085,0.11671,-0.12756,-0.48153,0.02658,,,,,,,,,,,,,,,,,,,,,,,,,,0,0,0,0,0
69.1661,1783969920.9329,3,1,0.5000,0.3817,1.42233,-0.03156,-2.63741,1.09824,1.57085,0.11671,-0.12756,-0.48153,0.02658,,,,,,,,,,,,,,,,,,,,,,,,,,0,0,0,0,0
69.1707,1783969920.9375,3,1,0.5000,0.6369,1.42233,-0.03156,-2.63741,1.09824,1.57085,0.11671,-0.12756,-0.48153,0.02658,,,,,,,,,,,,,,,,,,,,,,,,,,0,0,0,0,0
69.1712,1783969920.9379,3,1,0.5000,0.7976,1.42233,-0.03156,-2.63741,1.09824,1.57085,0.11671,-0.12756,-0.48153,0.02658,,,,,,,,,,,,,,,,,,,,,,,,,,0,0,0,0,0
69.1822,1783969920.9490,3,1,0.5000,0.8567,1.42233,-0.03156,-2.63741,1.09824,1.57085,0.11671,-0.12756,-0.48153,0.02658,,,,,,,,,,,,,,,,,,,,,,,,,,0,0,0,0,0
69.1848,1783969920.9516,3,1,0.5000,0.6972,1.42233,-0.03156,-2.63741,1.09824,1.57085,0.11671,-0.12756,-0.48153,0.02658,,,,,,,,,,,,,,,,,,,,,,,,,,0,0,0,0,0
69.1882,1783969920.9550,3,1,0.5000,0.4369,1.42233,-0.03156,-2.63741,1.09824,1.57085,0.11671,-0.12756,-0.48153,0.02658,,,,,,,,,,,,,,,,,,,,,,,,,,0,0,0,0,0
69.1890,1783969920.9557,3,1,0.5000,0.1861,1.42233,-0.03156,-2.63741,1.09824,1.57085,0.11671,-0.12756,-0.48153,0.02658,,,,,,,,,,,,,,,,,,,,,,,,,,0,0,0,0,0
69.1902,1783969920.9570,3,1,0.5000,0.0127,1.42233,-0.03156,-2.63741,1.09824,1.57085,0.11671,-0.12756,-0.48153,0.02658,,,,,,,,,,,,,,,,,,,,,,,,,,0,0,0,0,0
69.1915,1783969920.9582,3,1,0.5000,0.0013,1.42233,-0.03156,-2.63741,1.09824,1.57085,0.11671,-0.12756,-0.48153,0.02658,,,,,,,,,,,,,,,,,,,,,,,,,,0,0,0,0,0
69.1930,1783969920.9598,3,1,0.5000,0.0068,1.42233,-0.03156,-2.63741,1.09824,1.57085,0.11671,-0.12756,-0.48153,0.02658,,,,,,,,,,,,,,,,,,,,,,,,,,0,0,0,0,0
69.1994,1783969920.9662,3,1,0.5000,0.0495,1.42233,-0.03156,-2.63741,1.09824,1.57085,0.11671,-0.12756,-0.48153,0.02658,,,,,,,,,,,,,,,,,,,,,,,,,,0,0,0,0,0
69.2000,1783969920.9668,3,1,0.5000,0.0926,1.42233,-0.03156,-2.63741,1.09824,1.57085,0.11671,-0.12756,-0.48153,0.02658,,,,,,,,,,,,,,,,,,,,,,,,,,0,0,0,0,0
69.2052,1783969920.9720,3,1,0.5000,0.2564,1.42233,-0.03156,-2.63741,1.09824,1.57085,0.11671,-0.12756,-0.48153,0.02658,,,,,,,,,,,,,,,,,,,,,,,,,,0,0,0,0,0
69.2055,1783969920.9723,3,1,0.5000,0.2832,1.42233,-0.03156,-2.63741,1.09824,1.57085,0.11671,-0.12756,-0.48153,0.02658,,,,,,,,,,,,,,,,,,,,,,,,,,0,0,0,0,0
69.2111,1783969920.9779,3,1,0.5000,0.3228,1.42233,-0.03156,-2.63741,1.09824,1.57085,0.11671,-0.12756,-0.48153,0.02658,,,,,,,,,,,,,,,,,,,,,,,,,,0,0,0,0,0
69.2115,1783969920.9783,3,1,0.5000,0.3251,1.42233,-0.03156,-2.63741,1.09824,1.57085,0.11671,-0.12756,-0.48153,0.02658,,,,,,,,,,,,,,,,,,,,,,,,,,0,0,0,0,0
69.2257,1783969920.9925,3,1,0.5000,0.2512,1.42233,-0.03156,-2.63741,1.09824,1.57085,0.11671,-0.12756,-0.48153,0.02658,,,,,,,,,,,,,,,,,,,,,,,,,,0,0,0,0,0
69.2297,1783969920.9965,3,1,0.5000,0.2440,1.42233,-0.03156,-2.63741,1.09824,1.57085,0.11671,-0.12756,-0.48153,0.02658,,,,,,,,,,,,,,,,,,,,,,,,,,0,0,0,0,0
69.2301,1783969920.9969,3,1,0.5000,0.2292,1.42233,-0.03156,-2.63741,1.09824,1.57085,0.11671,-0.12756,-0.48153,0.02658,,,,,,,,,,,,,,,,,,,,,,,,,,0,0,0,0,0
69.2393,1783969921.0061,3,1,0.5000,0.3023,1.42233,-0.03156,-2.63741,1.09824,1.57085,0.11671,-0.12756,-0.48153,0.02658,,,,,,,,,,,,,,,,,,,,,,,,,,0,0,0,0,0
69.2560,1783969921.0228,3,1,0.5000,0.5661,1.42233,-0.03156,-2.63741,1.09824,1.57085,0.11671,-0.12756,-0.48153,0.02658,,,,,,,,,,,,,,,,,,,,,,,,,,0,0,0,0,0
69.2591,1783969921.0259,3,1,0.5000,0.6338,1.42233,-0.03156,-2.63741,1.09824,1.57085,0.11671,-0.12756,-0.48153,0.02658,,,,,,,,,,,,,,,,,,,,,,,,,,0,0,0,0,0
69.2596,1783969921.0264,3,1,0.5000,0.7147,1.42233,-0.03156,-2.63741,1.09824,1.57085,0.11671,-0.12756,-0.48153,0.02658,,,,,,,,,,,,,,,,,,,,,,,,,,0,0,0,0,0
69.2736,1783969921.0404,3,1,0.5000,0.5978,1.42233,-0.03156,-2.63741,1.09824,1.57085,0.11671,-0.12756,-0.48153,0.02658,,,,,,,,,,,,,,,,,,,,,,,,,,0,0,0,0,0
69.2741,1783969921.0409,3,1,0.5000,0.5544,1.42233,-0.03156,-2.63741,1.09824,1.57085,0.11671,-0.12756,-0.48153,0.02658,,,,,,,,,,,,,,,,,,,,,,,,,,0,0,0,0,0
69.2801,1783969921.0468,3,1,0.5000,0.5234,1.42233,-0.03156,-2.63741,1.09824,1.57085,0.11671,-0.12756,-0.48153,0.02658,,,,,,,,,,,,,,,,,,,,,,,,,,0,0,0,0,0
69.2808,1783969921.0476,3,1,0.5000,0.2067,1.42233,-0.03156,-2.63741,1.09824,1.57085,0.11671,-0.12756,-0.48153,0.02658,,,,,,,,,,,,,,,,,,,,,,,,,,0,0,0,0,0
69.2884,1783969921.0552,3,1,0.5000,0.0178,1.42233,-0.03156,-2.63741,1.09824,1.57085,0.11671,-0.12756,-0.48153,0.02658,,,,,,,,,,,,,,,,,,,,,,,,,,0,0,0,0,0
69.2993,1783969921.0661,3,1,0.5000,0.0021,1.42233,-0.03156,-2.63741,1.09824,1.57085,0.11671,-0.12756,-0.48153,0.02658,,,,,,,,,,,,,,,,,,,,,,,,,,0,0,0,0,0
69.3107,1783969921.0775,3,1,0.5000,0.0014,1.42233,-0.03156,-2.63741,1.09824,1.57085,0.11671,-0.12756,-0.48153,0.02658,,,,,,,,,,,,,,,,,,,,,,,,,,0,0,0,0,0
69.3180,1783969921.0848,3,1,0.5000,0.0254,1.42233,-0.03156,-2.63741,1.09824,1.57085,0.11671,-0.12756,-0.48153,0.02658,,,,,,,,,,,,,,,,,,,,,,,,,,0,0,0,0,0
69.3305,1783969921.0972,3,1,0.5000,0.0619,1.42233,-0.03156,-2.63741,1.09824,1.57085,0.11671,-0.12756,-0.48153,0.02658,,,,,,,,,,,,,,,,,,,,,,,,,,0,0,0,0,0
69.3384,1783969921.1052,3,1,0.5000,0.0937,1.42233,-0.03156,-2.63741,1.09824,1.57085,0.11671,-0.12756,-0.48153,0.02658,,,,,,,,,,,,,,,,,,,,,,,,,,0,0,0,0,0
69.3508,1783969921.1175,3,1,0.5000,0.1031,1.42233,-0.03156,-2.63741,1.09824,1.57085,0.11671,-0.12756,-0.48153,0.02658,,,,,,,,,,,,,,,,,,,,,,,,,,0,0,0,0,0
69.3583,1783969921.1251,3,1,0.5000,0.1023,1.42233,-0.03156,-2.63741,1.09824,1.57085,0.11671,-0.12756,-0.48153,0.02658,,,,,,,,,,,,,,,,,,,,,,,,,,0,0,0,0,0
69.3779,1783969921.1447,3,1,0.5000,0.1265,1.42233,-0.03157,-2.63741,1.09824,1.57085,0.11671,-0.12757,-0.48153,0.02657,,,,,,,,,,,,,,,,,,,,,,,,,,0,0,0,0,0
69.3783,1783969921.1451,3,1,0.5000,0.1658,1.42233,-0.03157,-2.63741,1.09824,1.57085,0.11671,-0.12757,-0.48153,0.02657,,,,,,,,,,,,,,,,,,,,,,,,,,0,0,0,0,0
69.3793,1783969921.1461,3,1,0.5000,0.2900,1.42233,-0.03157,-2.63741,1.09824,1.57085,0.11671,-0.12757,-0.48153,0.02657,,,,,,,,,,,,,,,,,,,,,,,,,,0,0,0,0,0
69.3797,1783969921.1465,3,1,0.5000,0.3267,1.42233,-0.03157,-2.63741,1.09824,1.57085,0.11671,-0.12757,-0.48153,0.02657,,,,,,,,,,,,,,,,,,,,,,,,,,0,0,0,0,0
69.3934,1783969921.1602,3,1,0.5000,0.4420,1.42233,-0.03157,-2.63741,1.09824,1.57085,0.11671,-0.12757,-0.48153,0.02657,,,,,,,,,,,,,,,,,,,,,,,,,,0,0,0,0,0
69.3937,1783969921.1604,3,1,0.5000,0.4361,1.42233,-0.03157,-2.63741,1.09824,1.57085,0.11671,-0.12757,-0.48153,0.02657,,,,,,,,,,,,,,,,,,,,,,,,,,0,0,0,0,0
69.3988,1783969921.1655,3,1,0.5000,0.3469,1.42233,-0.03157,-2.63741,1.09824,1.57085,0.11671,-0.12757,-0.48152,0.02657,,,,,,,,,,,,,,,,,,,,,,,,,,0,0,0,0,0
69.3991,1783969921.1659,3,1,0.5000,0.3112,1.42233,-0.03157,-2.63741,1.09824,1.57085,0.11671,-0.12757,-0.48152,0.02657,,,,,,,,,,,,,,,,,,,,,,,,,,0,0,0,0,0
69.4101,1783969921.1768,3,1,0.5000,0.1543,1.42233,-0.03157,-2.63742,1.09824,1.57085,0.11671,-0.12757,-0.48152,0.02657,,,,,,,,,,,,,,,,,,,,,,,,,,0,0,0,0,0
69.4104,1783969921.1771,3,1,0.5000,0.1098,1.42233,-0.03157,-2.63742,1.09824,1.57085,0.11671,-0.12757,-0.48152,0.02657,,,,,,,,,,,,,,,,,,,,,,,,,,0,0,0,0,0
69.4200,1783969921.1868,3,1,0.5000,0.0212,1.42233,-0.03157,-2.63742,1.09824,1.57085,0.11671,-0.12757,-0.48152,0.02657,,,,,,,,,,,,,,,,,,,,,,,,,,0,0,0,0,0
69.4208,1783969921.1875,3,1,0.5000,0.0178,1.42233,-0.03157,-2.63742,1.09824,1.57085,0.11671,-0.12757,-0.48152,0.02657,,,,,,,,,,,,,,,,,,,,,,,,,,0,0,0,0,0
69.4351,1783969921.2019,3,1,0.5000,0.0036,1.42233,-0.03157,-2.63742,1.09824,1.57085,0.11671,-0.12757,-0.48152,0.02657,,,,,,,,,,,,,,,,,,,,,,,,,,0,0,0,0,0
69.4474,1783969921.2141,3,1,0.5000,0.0012,1.42233,-0.03157,-2.63742,1.09824,1.57085,0.11671,-0.12757,-0.48152,0.02657,,,,,,,,,,,,,,,,,,,,,,,,,,0,0,0,0,0
69.4477,1783969921.2145,3,1,0.5000,0.0010,1.42233,-0.03157,-2.63742,1.09824,1.57085,0.11671,-0.12757,-0.48152,0.02657,,,,,,,,,,,,,,,,,,,,,,,,,,0,0,0,0,0
69.4537,1783969921.2205,3,1,0.5000,0.0053,1.42233,-0.03157,-2.63742,1.09824,1.57085,0.11671,-0.12757,-0.48152,0.02657,,,,,,,,,,,,,,,,,,,,,,,,,,0,0,0,0,0
69.4624,1783969921.2291,3,1,0.5000,0.0266,1.42233,-0.03157,-2.63742,1.09824,1.57085,0.11671,-0.12757,-0.48152,0.02657,,,,,,,,,,,,,,,,,,,,,,,,,,0,0,0,0,0
69.4707,1783969921.2375,3,1,0.5000,0.0434,1.42233,-0.03157,-2.63742,1.09824,1.57085,0.11671,-0.12757,-0.48152,0.02657,,,,,,,,,,,,,,,,,,,,,,,,,,0,0,0,0,0
69.4892,1783969921.2560,3,1,0.5000,0.0547,1.42233,-0.03157,-2.63742,1.09824,1.57085,0.11671,-0.12757,-0.48152,0.02657,,,,,,,,,,,,,,,,,,,,,,,,,,0,0,0,0,0
69.4896,1783969921.2564,3,1,0.5000,0.0572,1.42233,-0.03157,-2.63742,1.09824,1.57085,0.11671,-0.12757,-0.48152,0.02657,,,,,,,,,,,,,,,,,,,,,,,,,,0,0,0,0,0
69.5112,1783969921.2780,3,1,0.5000,0.0747,1.42233,-0.03157,-2.63742,1.09824,1.57085,0.11671,-0.12757,-0.48152,0.02657,,,,,,,,,,,,,,,,,,,,,,,,,,0,0,0,0,0
69.5153,1783969921.2820,3,1,0.5000,0.0952,1.42233,-0.03157,-2.63742,1.09824,1.57085,0.11671,-0.12757,-0.48152,0.02657,,,,,,,,,,,,,,,,,,,,,,,,,,0,0,0,0,0
69.5156,1783969921.2824,3,1,0.5000,0.2015,1.42233,-0.03157,-2.63742,1.09824,1.57085,0.11671,-0.12757,-0.48152,0.02657,,,,,,,,,,,,,,,,,,,,,,,,,,0,0,0,0,0
69.5160,1783969921.2828,3,1,0.5000,0.2160,1.42233,-0.03157,-2.63742,1.09824,1.57085,0.11671,-0.12757,-0.48152,0.02657,,,,,,,,,,,,,,,,,,,,,,,,,,0,0,0,0,0
69.5240,1783969921.2908,3,1,0.5000,0.2646,1.42233,-0.03157,-2.63742,1.09824,1.57085,0.11671,-0.12757,-0.48152,0.02657,,,,,,,,,,,,,,,,,,,,,,,,,,0,0,0,0,0
69.5343,1783969921.3011,3,1,0.5000,0.2041,1.42233,-0.03157,-2.63742,1.09824,1.57085,0.11671,-0.12757,-0.48152,0.02657,,,,,,,,,,,,,,,,,,,,,,,,,,0,0,0,0,0
69.5434,1783969921.3102,3,1,0.5000,0.1180,1.42233,-0.03157,-2.63742,1.09824,1.57085,0.11671,-0.12757,-0.48152,0.02657,,,,,,,,,,,,,,,,,,,,,,,,,,0,0,0,0,0
69.5438,1783969921.3106,3,1,0.5000,0.0915,1.42233,-0.03157,-2.63742,1.09824,1.57085,0.11671,-0.12757,-0.48152,0.02657,,,,,,,,,,,,,,,,,,,,,,,,,,0,0,0,0,0
69.5738,1783969921.3406,3,1,0.5000,0.0219,1.42233,-0.03157,-2.63742,1.09824,1.57085,0.11671,-0.12757,-0.48152,0.02657,,,,,,,,,,,,,,,,,,,,,,,,,,0,0,0,0,0
69.5779,1783969921.3447,3,1,0.5000,0.0065,1.42233,-0.03157,-2.63742,1.09824,1.57085,0.11671,-0.12757,-0.48152,0.02657,,,,,,,,,,,,,,,,,,,,,,,,,,0,0,0,0,0
69.5782,1783969921.3450,3,1,0.5000,0.0058,1.42233,-0.03157,-2.63742,1.09824,1.57085,0.11671,-0.12757,-0.48152,0.02657,,,,,,,,,,,,,,,,,,,,,,,,,,0,0,0,0,0
69.5837,1783969921.3505,3,1,0.5000,0.0023,1.42233,-0.03157,-2.63742,1.09824,1.57085,0.11671,-0.12757,-0.48152,0.02657,,,,,,,,,,,,,,,,,,,,,,,,,,0,0,0,0,0
69.5840,1783969921.3507,3,1,0.5000,0.0019,1.42233,-0.03157,-2.63742,1.09824,1.57085,0.11671,-0.12757,-0.48152,0.02657,,,,,,,,,,,,,,,,,,,,,,,,,,0,0,0,0,0
69.5865,1783969921.3533,3,1,0.5000,0.0063,1.42233,-0.03157,-2.63742,1.09824,1.57085,0.11671,-0.12757,-0.48152,0.02657,,,,,,,,,,,,,,,,,,,,,,,,,,0,0,0,0,0
69.5869,1783969921.3537,3,1,0.5000,0.0094,1.42233,-0.03157,-2.63742,1.09824,1.57085,0.11671,-0.12757,-0.48152,0.02657,,,,,,,,,,,,,,,,,,,,,,,,,,0,0,0,0,0
69.5941,1783969921.3609,3,1,0.5000,0.0294,1.42233,-0.03157,-2.63742,1.09824,1.57085,0.11671,-0.12757,-0.48152,0.02657,,,,,,,,,,,,,,,,,,,,,,,,,,0,0,0,0,0
69.5944,1783969921.3611,3,1,0.5000,0.0331,1.42233,-0.03157,-2.63742,1.09824,1.57085,0.11671,-0.12757,-0.48152,0.02657,,,,,,,,,,,,,,,,,,,,,,,,,,0,0,0,0,0
69.6074,1783969921.3742,3,1,0.5000,0.0479,1.42233,-0.03157,-2.63742,1.09824,1.57085,0.11671,-0.12757,-0.48152,0.02657,,,,,,,,,,,,,,,,,,,,,,,,,,0,0,0,0,0
69.6077,1783969921.3745,3,1,0.5000,0.0494,1.42233,-0.03157,-2.63742,1.09824,1.57085,0.11671,-0.12757,-0.48152,0.02657,,,,,,,,,,,,,,,,,,,,,,,,,,0,0,0,0,0
69.6157,1783969921.3825,3,1,0.5000,0.0691,1.42233,-0.03157,-2.63742,1.09824,1.57085,0.11671,-0.12757,-0.48152,0.02657,,,,,,,,,,,,,,,,,,,,,,,,,,0,0,0,0,0
69.6160,1783969921.3828,3,1,0.5000,0.0723,1.42233,-0.03157,-2.63742,1.09824,1.57085,0.11671,-0.12757,-0.48152,0.02657,,,,,,,,,,,,,,,,,,,,,,,,,,0,0,0,0,0
69.6257,1783969921.3925,3,1,0.5000,0.0806,1.42233,-0.03157,-2.63742,1.09824,1.57085,0.11671,-0.12757,-0.48152,0.02657,,,,,,,,,,,,,,,,,,,,,,,,,,0,0,0,0,0
69.6260,1783969921.3928,3,1,0.5000,0.0893,1.42233,-0.03157,-2.63742,1.09824,1.57085,0.11671,-0.12757,-0.48152,0.02657,,,,,,,,,,,,,,,,,,,,,,,,,,0,0,0,0,0
69.6353,1783969921.4020,3,1,0.5000,0.1215,1.42233,-0.03157,-2.63742,1.09824,1.57085,0.11671,-0.12757,-0.48152,0.02657,,,,,,,,,,,,,,,,,,,,,,,,,,0,0,0,0,0
69.6356,1783969921.4024,3,1,0.5000,0.1343,1.42233,-0.03157,-2.63742,1.09824,1.57085,0.11671,-0.12757,-0.48152,0.02657,,,,,,,,,,,,,,,,,,,,,,,,,,0,0,0,0,0
69.6471,1783969921.4139,3,1,0.5000,0.2462,1.42233,-0.03157,-2.63742,1.09824,1.57085,0.11671,-0.12757,-0.48152,0.02657,,,,,,,,,,,,,,,,,,,,,,,,,,0,0,0,0,0
69.6560,1783969921.4227,3,1,0.5000,0.3127,1.42233,-0.03157,-2.63742,1.09824,1.57085,0.11671,-0.12757,-0.48152,0.02657,,,,,,,,,,,,,,,,,,,,,,,,,,0,0,0,0,0
69.6745,1783969921.4413,3,1,0.5000,0.3043,1.42233,-0.03157,-2.63742,1.09824,1.57085,0.11671,-0.12757,-0.48152,0.02657,,,,,,,,,,,,,,,,,,,,,,,,,,0,0,0,0,0
69.6748,1783969921.4416,3,1,0.5000,0.2872,1.42233,-0.03157,-2.63742,1.09824,1.57085,0.11671,-0.12757,-0.48152,0.02657,,,,,,,,,,,,,,,,,,,,,,,,,,0,0,0,0,0
69.6751,1783969921.4419,3,1,0.5000,0.2106,1.42233,-0.03157,-2.63742,1.09824,1.57085,0.11671,-0.12757,-0.48152,0.02657,,,,,,,,,,,,,,,,,,,,,,,,,,0,0,0,0,0
69.6849,1783969921.4517,3,1,0.5000,0.0541,1.42233,-0.03157,-2.63742,1.09824,1.57085,0.11671,-0.12757,-0.48152,0.02657,,,,,,,,,,,,,,,,,,,,,,,,,,0,0,0,0,0
69.7192,1783969921.4860,3,1,0.5000,0.0117,1.42233,-0.03157,-2.63742,1.09824,1.57085,0.11671,-0.12757,-0.48152,0.02657,,,,,,,,,,,,,,,,,,,,,,,,,,0,0,0,0,0
69.7227,1783969921.4894,3,1,0.5000,0.0067,1.42233,-0.03157,-2.63742,1.09824,1.57085,0.11671,-0.12757,-0.48152,0.02657,,,,,,,,,,,,,,,,,,,,,,,,,,0,0,0,0,0
69.7232,1783969921.4900,3,1,0.5000,0.0350,1.42233,-0.03157,-2.63742,1.09824,1.57085,0.11671,-0.12757,-0.48152,0.02657,,,,,,,,,,,,,,,,,,,,,,,,,,0,0,0,0,0
69.7252,1783969921.4919,3,1,0.5000,0.0405,1.42233,-0.03157,-2.63742,1.09824,1.57085,0.11671,-0.12757,-0.48152,0.02657,,,,,,,,,,,,,,,,,,,,,,,,,,0,0,0,0,0
69.7254,1783969921.4922,3,1,0.5000,0.0960,1.42233,-0.03157,-2.63742,1.09824,1.57085,0.11671,-0.12757,-0.48152,0.02657,,,,,,,,,,,,,,,,,,,,,,,,,,0,0,0,0,0
69.7376,1783969921.5044,3,1,0.5000,0.2314,1.42233,-0.03157,-2.63742,1.09824,1.57085,0.11671,-0.12757,-0.48152,0.02657,,,,,,,,,,,,,,,,,,,,,,,,,,0,0,0,0,0
69.7550,1783969921.5218,3,1,0.5000,0.2872,1.42233,-0.03157,-2.63742,1.09824,1.57085,0.11671,-0.12757,-0.48152,0.02657,,,,,,,,,,,,,,,,,,,,,,,,,,0,0,0,0,0
69.7574,1783969921.5241,3,1,0.5000,0.2998,1.42233,-0.03157,-2.63742,1.09824,1.57085,0.11671,-0.12757,-0.48152,0.02657,,,,,,,,,,,,,,,,,,,,,,,,,,0,0,0,0,0
69.7672,1783969921.5340,3,1,0.5000,0.3072,1.42233,-0.03157,-2.63742,1.09824,1.57085,0.11671,-0.12757,-0.48152,0.02657,,,,,,,,,,,,,,,,,,,,,,,,,,0,0,0,0,0
69.7704,1783969921.5372,3,1,0.5000,0.3005,1.42233,-0.03157,-2.63742,1.09824,1.57085,0.11671,-0.12757,-0.48152,0.02657,,,,,,,,,,,,,,,,,,,,,,,,,,0,0,0,0,0
69.7708,1783969921.5376,3,1,0.5000,0.3372,1.42233,-0.03157,-2.63742,1.09824,1.57085,0.11671,-0.12757,-0.48152,0.02657,,,,,,,,,,,,,,,,,,,,,,,,,,0,0,0,0,0
69.7971,1783969921.5639,3,1,0.5000,0.3425,1.42233,-0.03157,-2.63742,1.09824,1.57085,0.11671,-0.12757,-0.48152,0.02657,,,,,,,,,,,,,,,,,,,,,,,,,,0,0,0,0,0
69.8014,1783969921.5682,3,1,0.5000,0.3286,1.42233,-0.03157,-2.63742,1.09824,1.57085,0.11671,-0.12757,-0.48152,0.02657,,,,,,,,,,,,,,,,,,,,,,,,,,0,0,0,0,0
69.8051,1783969921.5719,3,1,0.5000,0.3157,1.42233,-0.03157,-2.63742,1.09824,1.57085,0.11671,-0.12757,-0.48152,0.02657,,,,,,,,,,,,,,,,,,,,,,,,,,0,0,0,0,0
69.8056,1783969921.5723,3,1,0.5000,0.2866,1.42233,-0.03157,-2.63742,1.09824,1.57085,0.11671,-0.12757,-0.48152,0.02657,,,,,,,,,,,,,,,,,,,,,,,,,,0,0,0,0,0
69.8143,1783969921.5811,3,1,0.5000,0.1620,1.42233,-0.03157,-2.63742,1.09824,1.57085,0.11671,-0.12757,-0.48152,0.02657,,,,,,,,,,,,,,,,,,,,,,,,,,0,0,0,0,0
69.8266,1783969921.5933,3,1,0.5000,0.0641,1.42233,-0.03157,-2.63742,1.09824,1.57085,0.11671,-0.12757,-0.48152,0.02657,,,,,,,,,,,,,,,,,,,,,,,,,,0,0,0,0,0
69.8348,1783969921.6016,3,1,0.5000,0.0381,1.42233,-0.03157,-2.63742,1.09824,1.57085,0.11671,-0.12757,-0.48152,0.02657,,,,,,,,,,,,,,,,,,,,,,,,,,0,0,0,0,0
69.8658,1783969921.6326,3,1,0.5000,0.0802,1.42233,-0.03158,-2.63742,1.09824,1.57085,0.11671,-0.12757,-0.48152,0.02656,,,,,,,,,,,,,,,,,,,,,,,,,,0,0,0,0,0
69.8732,1783969921.6400,3,1,0.5000,0.1117,1.42233,-0.03158,-2.63742,1.09824,1.57085,0.11671,-0.12757,-0.48152,0.02656,,,,,,,,,,,,,,,,,,,,,,,,,,0,0,0,0,0
69.8750,1783969921.6417,3,1,0.5000,0.2244,1.42233,-0.03158,-2.63742,1.09824,1.57085,0.11671,-0.12757,-0.48152,0.02656,,,,,,,,,,,,,,,,,,,,,,,,,,0,0,0,0,0
69.8833,1783969921.6500,3,1,0.5000,0.2999,1.42233,-0.03158,-2.63742,1.09824,1.57085,0.11671,-0.12757,-0.48152,0.02656,,,,,,,,,,,,,,,,,,,,,,,,,,0,0,0,0,0
69.8864,1783969921.6531,3,1,0.5000,0.3239,1.42233,-0.03158,-2.63742,1.09824,1.57085,0.11671,-0.12757,-0.48152,0.02656,,,,,,,,,,,,,,,,,,,,,,,,,,0,0,0,0,0
69.8866,1783969921.6534,3,1,0.5000,0.3283,1.42233,-0.03158,-2.63742,1.09824,1.57085,0.11671,-0.12757,-0.48152,0.02656,,,,,,,,,,,,,,,,,,,,,,,,,,0,0,0,0,0
69.8951,1783969921.6619,3,1,0.5000,0.3592,1.42233,-0.03158,-2.63742,1.09824,1.57085,0.11671,-0.12757,-0.48152,0.02656,,,,,,,,,,,,,,,,,,,,,,,,,,0,0,0,0,0
69.9025,1783969921.6693,3,1,0.5000,0.3466,1.42233,-0.03158,-2.63742,1.09824,1.57085,0.11671,-0.12757,-0.48152,0.02656,,,,,,,,,,,,,,,,,,,,,,,,,,0,0,0,0,0
69.9169,1783969921.6837,3,1,0.5000,0.3764,1.42233,-0.03158,-2.63742,1.09824,1.57085,0.11671,-0.12757,-0.48152,0.02656,,,,,,,,,,,,,,,,,,,,,,,,,,0,0,0,0,0
69.9173,1783969921.6840,3,1,0.5000,0.3734,1.42233,-0.03158,-2.63742,1.09824,1.57085,0.11671,-0.12757,-0.48152,0.02656,,,,,,,,,,,,,,,,,,,,,,,,,,0,0,0,0,0
69.9250,1783969921.6918,3,1,0.5000,0.3421,1.42233,-0.03158,-2.63742,1.09824,1.57085,0.11671,-0.12757,-0.48152,0.02656,,,,,,,,,,,,,,,,,,,,,,,,,,0,0,0,0,0
69.9310,1783969921.6978,3,1,0.5000,0.2748,1.42233,-0.03158,-2.63742,1.09824,1.57085,0.11671,-0.12757,-0.48152,0.02656,,,,,,,,,,,,,,,,,,,,,,,,,,0,0,0,0,0
69.9448,1783969921.7116,3,1,0.5000,0.1747,1.42233,-0.03158,-2.63742,1.09824,1.57085,0.11671,-0.12757,-0.48152,0.02656,,,,,,,,,,,,,,,,,,,,,,,,,,0,0,0,0,0
69.9582,1783969921.7249,3,1,0.5000,0.0863,1.42233,-0.03158,-2.63742,1.09824,1.57085,0.11671,-0.12757,-0.48152,0.02656,,,,,,,,,,,,,,,,,,,,,,,,,,0,0,0,0,0
69.9655,1783969921.7322,3,1,0.5000,0.0607,1.42233,-0.03158,-2.63742,1.09824,1.57085,0.11671,-0.12757,-0.48152,0.02656,,,,,,,,,,,,,,,,,,,,,,,,,,0,0,0,0,0
69.9768,1783969921.7436,3,1,0.5000,0.1296,1.42233,-0.03158,-2.63742,1.09824,1.57085,0.11671,-0.12757,-0.48152,0.02656,,,,,,,,,,,,,,,,,,,,,,,,,,0,0,0,0,0
69.9850,1783969921.7518,3,1,0.5000,0.2517,1.42233,-0.03158,-2.63742,1.09824,1.57085,0.11671,-0.12757,-0.48152,0.02656,,,,,,,,,,,,,,,,,,,,,,,,,,0,0,0,0,0
70.0118,1783969921.7786,3,1,0.5000,0.4533,1.42233,-0.03158,-2.63742,1.09824,1.57085,0.11671,-0.12757,-0.48152,0.02656,,,,,,,,,,,,,,,,,,,,,,,,,,0,0,0,0,0
70.0163,1783969921.7831,3,1,0.5000,0.5230,1.42233,-0.03158,-2.63742,1.09824,1.57085,0.11671,-0.12757,-0.48152,0.02656,,,,,,,,,,,,,,,,,,,,,,,,,,0,0,0,0,0
70.0168,1783969921.7836,3,1,0.5000,0.5739,1.42233,-0.03158,-2.63742,1.09824,1.57085,0.11671,-0.12757,-0.48152,0.02656,,,,,,,,,,,,,,,,,,,,,,,,,,0,0,0,0,0
70.0275,1783969921.7943,3,1,0.5000,0.5623,1.42233,-0.03158,-2.63742,1.09824,1.57085,0.11671,-0.12757,-0.48152,0.02656,,,,,,,,,,,,,,,,,,,,,,,,,,0,0,0,0,0
70.0306,1783969921.7974,3,1,0.5000,0.5447,1.42233,-0.03158,-2.63742,1.09824,1.57085,0.11671,-0.12757,-0.48152,0.02656,,,,,,,,,,,,,,,,,,,,,,,,,,0,0,0,0,0
70.0475,1783969921.8142,3,1,0.5000,0.5048,1.42233,-0.03158,-2.63742,1.09824,1.57085,0.11671,-0.12757,-0.48152,0.02656,,,,,,,,,,,,,,,,,,,,,,,,,,0,0,0,0,0
70.0570,1783969921.8238,3,1,0.5000,0.5209,1.42233,-0.03158,-2.63742,1.09824,1.57085,0.11671,-0.12757,-0.48152,0.02656,,,,,,,,,,,,,,,,,,,,,,,,,,0,0,0,0,0
70.0596,1783969921.8264,3,1,0.5000,0.5136,1.42233,-0.03158,-2.63742,1.09824,1.57085,0.11671,-0.12757,-0.48152,0.02656,,,,,,,,,,,,,,,,,,,,,,,,,,0,0,0,0,0
70.0600,1783969921.8268,3,1,0.5000,0.5104,1.42233,-0.03158,-2.63742,1.09824,1.57085,0.11671,-0.12757,-0.48152,0.02656,,,,,,,,,,,,,,,,,,,,,,,,,,0,0,0,0,0
70.0651,1783969921.8319,3,1,0.5000,0.3762,1.42233,-0.03158,-2.63742,1.09824,1.57085,0.11671,-0.12757,-0.48152,0.02656,,,,,,,,,,,,,,,,,,,,,,,,,,0,0,0,0,0
70.0655,1783969921.8323,3,1,0.5000,0.3605,1.42233,-0.03158,-2.63742,1.09824,1.57085,0.11671,-0.12757,-0.48152,0.02656,,,,,,,,,,,,,,,,,,,,,,,,,,0,0,0,0,0
70.0749,1783969921.8417,3,1,0.5000,0.2582,1.42233,-0.03158,-2.63742,1.09824,1.57085,0.11671,-0.12757,-0.48152,0.02656,,,,,,,,,,,,,,,,,,,,,,,,,,0,0,0,0,0
70.0947,1783969921.8614,3,1,0.5000,0.1780,1.42233,-0.03158,-2.63742,1.09824,1.57085,0.11671,-0.12757,-0.48152,0.02656,,,,,,,,,,,,,,,,,,,,,,,,,,0,0,0,0,0
70.0949,1783969921.8617,3,1,0.5000,0.1709,1.42233,-0.03158,-2.63742,1.09824,1.57085,0.11671,-0.12757,-0.48152,0.02656,,,,,,,,,,,,,,,,,,,,,,,,,,0,0,0,0,0
70.0971,1783969921.8639,3,1,0.5000,0.1450,1.42233,-0.03158,-2.63742,1.09824,1.57085,0.11671,-0.12757,-0.48152,0.02656,,,,,,,,,,,,,,,,,,,,,,,,,,0,0,0,0,0
70.0974,1783969921.8641,3,1,0.5000,0.1426,1.42233,-0.03158,-2.63742,1.09824,1.57085,0.11671,-0.12757,-0.48152,0.02656,,,,,,,,,,,,,,,,,,,,,,,,,,0,0,0,0,0
70.1104,1783969921.8772,3,1,0.5000,0.1983,1.42233,-0.03158,-2.63742,1.09824,1.57085,0.11671,-0.12757,-0.48152,0.02656,,,,,,,,,,,,,,,,,,,,,,,,,,0,0,0,0,0
70.1149,1783969921.8816,3,1,0.5000,0.2606,1.42233,-0.03158,-2.63742,1.09824,1.57085,0.11671,-0.12757,-0.48152,0.02656,,,,,,,,,,,,,,,,,,,,,,,,,,0,0,0,0,0
70.1288,1783969921.8956,3,1,0.5000,0.5185,1.42233,-0.03158,-2.63742,1.09824,1.57085,0.11671,-0.12757,-0.48152,0.02656,,,,,,,,,,,,,,,,,,,,,,,,,,0,0,0,0,0
70.1376,1783969921.9044,3,1,0.5000,0.5528,1.42233,-0.03158,-2.63742,1.09824,1.57085,0.11671,-0.12757,-0.48152,0.02656,,,,,,,,,,,,,,,,,,,,,,,,,,0,0,0,0,0
70.1380,1783969921.9047,3,1,0.5000,0.5582,1.42233,-0.03158,-2.63742,1.09824,1.57085,0.11671,-0.12757,-0.48152,0.02656,,,,,,,,,,,,,,,,,,,,,,,,,,0,0,0,0,0
70.1510,1783969921.9178,3,1,0.5000,0.5811,1.42233,-0.03158,-2.63742,1.09824,1.57085,0.11671,-0.12757,-0.48152,0.02656,,,,,,,,,,,,,,,,,,,,,,,,,,0,0,0,0,0
70.1671,1783969921.9339,3,1,0.5000,0.5464,1.42233,-0.03158,-2.63742,1.09824,1.57085,0.11671,-0.12757,-0.48152,0.02656,,,,,,,,,,,,,,,,,,,,,,,,,,0,0,0,0,0
70.1676,1783969921.9343,3,1,0.5000,0.5307,1.42233,-0.03158,-2.63742,1.09824,1.57085,0.11671,-0.12757,-0.48152,0.02656,,,,,,,,,,,,,,,,,,,,,,,,,,0,0,0,0,0
70.1679,1783969921.9347,3,1,0.5000,0.5075,1.42233,-0.03158,-2.63742,1.09824,1.57085,0.11671,-0.12757,-0.48152,0.02656,,,,,,,,,,,,,,,,,,,,,,,,,,0,0,0,0,0
70.2742,1783969922.0410,3,1,0.5000,0.4784,1.42233,-0.03158,-2.63742,1.09824,1.57085,0.11671,-0.12757,-0.48152,0.02656,,,,,,,,,,,,,,,,,,,,,,,,,,0,0,0,0,0
70.2745,1783969922.0413,3,1,0.5000,0.4759,1.42233,-0.03158,-2.63742,1.09824,1.57085,0.11671,-0.12757,-0.48152,0.02656,,,,,,,,,,,,,,,,,,,,,,,,,,0,0,0,0,0
70.2946,1783969922.0614,3,1,0.5000,0.3942,1.42233,-0.03158,-2.63742,1.09824,1.57085,0.11671,-0.12757,-0.48152,0.02656,,,,,,,,,,,,,,,,,,,,,,,,,,0,0,0,0,0
70.3003,1783969922.0671,3,1,0.5000,0.3855,1.42233,-0.03158,-2.63742,1.09824,1.57085,0.11671,-0.12757,-0.48152,0.02656,,,,,,,,,,,,,,,,,,,,,,,,,,0,0,0,0,0
70.3009,1783969922.0677,3,1,0.5000,0.3186,1.42233,-0.03158,-2.63742,1.09824,1.57085,0.11671,-0.12757,-0.48152,0.02656,,,,,,,,,,,,,,,,,,,,,,,,,,0,0,0,0,0
70.3106,1783969922.0774,3,1,0.5000,0.2800,1.42233,-0.03158,-2.63742,1.09824,1.57085,0.11671,-0.12757,-0.48152,0.02656,,,,,,,,,,,,,,,,,,,,,,,,,,0,0,0,0,0
70.3186,1783969922.0854,3,1,0.5000,0.1737,1.42233,-0.03158,-2.63742,1.09824,1.57085,0.11671,-0.12757,-0.48152,0.02656,,,,,,,,,,,,,,,,,,,,,,,,,,0,0,0,0,0
70.3208,1783969922.0876,3,1,0.5000,0.1928,1.42233,-0.03158,-2.63742,1.09824,1.57085,0.11671,-0.12757,-0.48152,0.02656,,,,,,,,,,,,,,,,,,,,,,,,,,0,0,0,0,0
70.3211,1783969922.0879,3,1,0.5000,0.2237,1.42233,-0.03158,-2.63742,1.09824,1.57085,0.11671,-0.12757,-0.48152,0.02656,,,,,,,,,,,,,,,,,,,,,,,,,,0,0,0,0,0
70.3214,1783969922.0881,3,1,0.5000,0.2936,1.42233,-0.03158,-2.63742,1.09824,1.57085,0.11671,-0.12757,-0.48152,0.02656,,,,,,,,,,,,,,,,,,,,,,,,,,0,0,0,0,0
70.3216,1783969922.0884,3,1,0.5000,0.4702,1.42233,-0.03158,-2.63742,1.09824,1.57085,0.11671,-0.12757,-0.48152,0.02656,,,,,,,,,,,,,,,,,,,,,,,,,,0,0,0,0,0
70.3245,1783969922.0912,3,1,0.5000,0.5373,1.42233,-0.03158,-2.63742,1.09824,1.57085,0.11671,-0.12757,-0.48152,0.02656,,,,,,,,,,,,,,,,,,,,,,,,,,0,0,0,0,0
70.3324,1783969922.0992,3,1,0.5000,0.5375,1.42233,-0.03158,-2.63742,1.09824,1.57085,0.11671,-0.12757,-0.48152,0.02656,,,,,,,,,,,,,,,,,,,,,,,,,,0,0,0,0,0
70.3354,1783969922.1022,3,1,0.5000,0.5066,1.42233,-0.03159,-2.63742,1.09824,1.57085,0.11671,-0.12757,-0.48152,0.02656,,,,,,,,,,,,,,,,,,,,,,,,,,0,0,0,0,0
70.3360,1783969922.1027,3,1,0.5000,0.4630,1.42233,-0.03159,-2.63742,1.09824,1.57085,0.11671,-0.12757,-0.48152,0.02656,,,,,,,,,,,,,,,,,,,,,,,,,,0,0,0,0,0
70.3369,1783969922.1036,3,1,0.5000,0.4166,1.42233,-0.03159,-2.63742,1.09824,1.57085,0.11671,-0.12757,-0.48152,0.02656,,,,,,,,,,,,,,,,,,,,,,,,,,0,0,0,0,0
70.3372,1783969922.1040,3,1,0.5000,0.4028,1.42233,-0.03159,-2.63742,1.09824,1.57085,0.11671,-0.12757,-0.48152,0.02656,,,,,,,,,,,,,,,,,,,,,,,,,,0,0,0,0,0
70.3405,1783969922.1073,3,1,0.5000,0.3326,1.42233,-0.03159,-2.63742,1.09824,1.57085,0.11671,-0.12757,-0.48152,0.02656,,,,,,,,,,,,,,,,,,,,,,,,,,0,0,0,0,0
70.3413,1783969922.1081,3,1,0.5000,0.3266,1.42233,-0.03159,-2.63742,1.09824,1.57085,0.11671,-0.12757,-0.48152,0.02656,,,,,,,,,,,,,,,,,,,,,,,,,,0,0,0,0,0
70.3454,1783969922.1121,3,1,0.5000,0.2517,1.42233,-0.03159,-2.63742,1.09824,1.57085,0.11671,-0.12757,-0.48152,0.02656,,,,,,,,,,,,,,,,,,,,,,,,,,0,0,0,0,0
70.3524,1783969922.1192,3,1,0.5000,0.2205,1.42233,-0.03159,-2.63742,1.09824,1.57085,0.11671,-0.12757,-0.48152,0.02656,,,,,,,,,,,,,,,,,,,,,,,,,,0,0,0,0,0
70.3528,1783969922.1196,3,1,0.5000,0.1722,1.42233,-0.03159,-2.63742,1.09824,1.57085,0.11671,-0.12757,-0.48152,0.02656,,,,,,,,,,,,,,,,,,,,,,,,,,0,0,0,0,0
70.3576,1783969922.1244,3,1,0.5000,0.1546,1.42233,-0.03159,-2.63742,1.09824,1.57085,0.11671,-0.12757,-0.48152,0.02656,,,,,,,,,,,,,,,,,,,,,,,,,,0,0,0,0,0
70.3749,1783969922.1416,3,1,0.5000,0.1779,1.42233,-0.03159,-2.63742,1.09824,1.57085,0.11671,-0.12757,-0.48152,0.02656,,,,,,,,,,,,,,,,,,,,,,,,,,0,0,0,0,0
70.3759,1783969922.1427,3,1,0.5000,0.2435,1.42233,-0.03159,-2.63742,1.09824,1.57085,0.11671,-0.12757,-0.48152,0.02656,,,,,,,,,,,,,,,,,,,,,,,,,,0,0,0,0,0
70.3961,1783969922.1629,3,1,0.5000,0.3657,1.42233,-0.03159,-2.63742,1.09824,1.57085,0.11671,-0.12757,-0.48152,0.02656,,,,,,,,,,,,,,,,,,,,,,,,,,0,0,0,0,0
70.3980,1783969922.1648,3,1,0.5000,0.5240,1.42233,-0.03159,-2.63742,1.09824,1.57085,0.11671,-0.12757,-0.48152,0.02656,,,,,,,,,,,,,,,,,,,,,,,,,,0,0,0,0,0
70.4168,1783969922.1836,3,1,0.5000,0.4732,1.42233,-0.03159,-2.63742,1.09824,1.57085,0.11671,-0.12757,-0.48152,0.02656,,,,,,,,,,,,,,,,,,,,,,,,,,0,0,0,0,0
70.4171,1783969922.1838,3,1,0.5000,0.4331,1.42233,-0.03159,-2.63742,1.09824,1.57085,0.11671,-0.12757,-0.48152,0.02656,,,,,,,,,,,,,,,,,,,,,,,,,,0,0,0,0,0
70.4383,1783969922.2051,3,1,0.5000,0.4228,1.42233,-0.03159,-2.63742,1.09824,1.57085,0.11671,-0.12757,-0.48152,0.02656,,,,,,,,,,,,,,,,,,,,,,,,,,0,0,0,0,0
70.4386,1783969922.2054,3,1,0.5000,0.4239,1.42233,-0.03159,-2.63742,1.09824,1.57085,0.11671,-0.12757,-0.48152,0.02656,,,,,,,,,,,,,,,,,,,,,,,,,,0,0,0,0,0
70.4400,1783969922.2068,3,1,0.5000,0.3510,1.42233,-0.03159,-2.63742,1.09824,1.57085,0.11671,-0.12757,-0.48152,0.02656,,,,,,,,,,,,,,,,,,,,,,,,,,0,0,0,0,0
70.4586,1783969922.2254,3,1,0.5000,0.3345,1.42233,-0.03159,-2.63742,1.09824,1.57085,0.11671,-0.12757,-0.48152,0.02656,,,,,,,,,,,,,,,,,,,,,,,,,,0,0,0,0,0
70.4666,1783969922.2334,3,1,0.5000,0.2904,1.42233,-0.03159,-2.63742,1.09824,1.57085,0.11671,-0.12757,-0.48152,0.02656,,,,,,,,,,,,,,,,,,,,,,,,,,0,0,0,0,0
70.4669,1783969922.2337,3,1,0.5000,0.2160,1.42233,-0.03159,-2.63742,1.09824,1.57085,0.11671,-0.12757,-0.48152,0.02656,,,,,,,,,,,,,,,,,,,,,,,,,,0,0,0,0,0
70.4770,1783969922.2437,3,1,0.5000,0.2058,1.42233,-0.03159,-2.63742,1.09824,1.57085,0.11671,-0.12757,-0.48152,0.02656,,,,,,,,,,,,,,,,,,,,,,,,,,0,0,0,0,0
70.4841,1783969922.2509,3,1,0.5000,0.1886,1.42233,-0.03159,-2.63742,1.09824,1.57085,0.11671,-0.12757,-0.48152,0.02656,,,,,,,,,,,,,,,,,,,,,,,,,,0,0,0,0,0
70.4976,1783969922.2644,3,1,0.5000,0.2142,1.42233,-0.03159,-2.63742,1.09824,1.57085,0.11671,-0.12757,-0.48152,0.02656,,,,,,,,,,,,,,,,,,,,,,,,,,0,0,0,0,0
70.5103,1783969922.2771,3,1,0.5000,0.2366,1.42233,-0.03159,-2.63742,1.09824,1.57085,0.11671,-0.12757,-0.48152,0.02656,,,,,,,,,,,,,,,,,,,,,,,,,,0,0,0,0,0
70.5179,1783969922.2847,3,1,0.5000,0.2882,1.42233,-0.03159,-2.63742,1.09824,1.57085,0.11671,-0.12757,-0.48152,0.02656,,,,,,,,,,,,,,,,,,,,,,,,,,0,0,0,0,0
70.5254,1783969922.2922,3,1,0.5000,0.3148,1.42233,-0.03159,-2.63742,1.09824,1.57085,0.11671,-0.12757,-0.48152,0.02656,,,,,,,,,,,,,,,,,,,,,,,,,,0,0,0,0,0
70.5257,1783969922.2925,3,1,0.5000,0.4435,1.42233,-0.03159,-2.63742,1.09824,1.57085,0.11671,-0.12757,-0.48152,0.02656,,,,,,,,,,,,,,,,,,,,,,,,,,0,0,0,0,0
70.5379,1783969922.3046,3,1,0.5000,0.4761,1.42233,-0.03159,-2.63742,1.09824,1.57085,0.11671,-0.12757,-0.48152,0.02656,,,,,,,,,,,,,,,,,,,,,,,,,,0,0,0,0,0
70.5445,1783969922.3113,3,1,0.5000,0.4476,1.42233,-0.03159,-2.63742,1.09824,1.57085,0.11671,-0.12757,-0.48152,0.02656,,,,,,,,,,,,,,,,,,,,,,,,,,0,0,0,0,0
70.5575,1783969922.3243,3,1,0.5000,0.4161,1.42233,-0.03159,-2.63742,1.09824,1.57085,0.11671,-0.12757,-0.48152,0.02656,,,,,,,,,,,,,,,,,,,,,,,,,,0,0,0,0,0
70.5693,1783969922.3361,3,1,0.5000,0.3703,1.42233,-0.03159,-2.63742,1.09824,1.57085,0.11671,-0.12757,-0.48152,0.02656,,,,,,,,,,,,,,,,,,,,,,,,,,0,0,0,0,0
70.5697,1783969922.3365,3,1,0.5000,0.3400,1.42233,-0.03159,-2.63742,1.09824,1.57085,0.11671,-0.12757,-0.48152,0.02656,,,,,,,,,,,,,,,,,,,,,,,,,,0,0,0,0,0
70.5762,1783969922.3430,3,1,0.5000,0.3206,1.42233,-0.03159,-2.63742,1.09824,1.57085,0.11671,-0.12757,-0.48152,0.02656,,,,,,,,,,,,,,,,,,,,,,,,,,0,0,0,0,0
70.5915,1783969922.3583,3,1,0.5000,0.2937,1.42233,-0.03159,-2.63742,1.09824,1.57085,0.11671,-0.12757,-0.48152,0.02656,,,,,,,,,,,,,,,,,,,,,,,,,,0,0,0,0,0
70.5918,1783969922.3586,3,1,0.5000,0.2724,1.42233,-0.03159,-2.63742,1.09824,1.57085,0.11671,-0.12757,-0.48152,0.02656,,,,,,,,,,,,,,,,,,,,,,,,,,0,0,0,0,0
70.5984,1783969922.3652,3,1,0.5000,0.2489,1.42233,-0.03159,-2.63742,1.09824,1.57085,0.11671,-0.12757,-0.48152,0.02656,,,,,,,,,,,,,,,,,,,,,,,,,,0,0,0,0,0
70.6066,1783969922.3734,3,1,0.5000,0.2074,1.42233,-0.03159,-2.63742,1.09824,1.57085,0.11671,-0.12757,-0.48152,0.02656,,,,,,,,,,,,,,,,,,,,,,,,,,0,0,0,0,0
70.6171,1783969922.3838,3,1,0.5000,0.1994,1.42233,-0.03159,-2.63742,1.09824,1.57085,0.11671,-0.12757,-0.48152,0.02656,,,,,,,,,,,,,,,,,,,,,,,,,,0,0,0,0,0
70.6175,1783969922.3842,3,1,0.5000,0.1914,1.42233,-0.03159,-2.63742,1.09824,1.57085,0.11671,-0.12757,-0.48152,0.02656,,,,,,,,,,,,,,,,,,,,,,,,,,0,0,0,0,0
70.6314,1783969922.3982,3,1,0.5000,0.2209,1.42233,-0.03159,-2.63742,1.09824,1.57085,0.11671,-0.12757,-0.48152,0.02656,,,,,,,,,,,,,,,,,,,,,,,,,,0,0,0,0,0
70.6475,1783969922.4142,3,1,0.5000,0.2688,1.42233,-0.03159,-2.63742,1.09824,1.57085,0.11671,-0.12757,-0.48152,0.02656,,,,,,,,,,,,,,,,,,,,,,,,,,0,0,0,0,0
70.6478,1783969922.4146,3,1,0.5000,0.2869,1.42233,-0.03159,-2.63742,1.09824,1.57085,0.11671,-0.12757,-0.48152,0.02656,,,,,,,,,,,,,,,,,,,,,,,,,,0,0,0,0,0
70.6604,1783969922.4272,3,1,0.5000,0.4575,1.42233,-0.03159,-2.63742,1.09824,1.57085,0.11671,-0.12757,-0.48152,0.02656,,,,,,,,,,,,,,,,,,,,,,,,,,0,0,0,0,0
70.6729,1783969922.4397,3,1,0.5000,0.4647,1.42233,-0.03159,-2.63742,1.09824,1.57085,0.11671,-0.12757,-0.48152,0.02656,,,,,,,,,,,,,,,,,,,,,,,,,,0,0,0,0,0
70.7278,1783969922.4946,3,1,0.5000,0.4785,1.42233,-0.03159,-2.63742,1.09824,1.57085,0.11671,-0.12757,-0.48152,0.02656,,,,,,,,,,,,,,,,,,,,,,,,,,0,0,0,0,0
70.7288,1783969922.4956,3,1,0.5000,0.4169,1.42233,-0.03159,-2.63742,1.09824,1.57085,0.11671,-0.12757,-0.48152,0.02656,,,,,,,,,,,,,,,,,,,,,,,,,,0,0,0,0,0
70.7292,1783969922.4960,3,1,0.5000,0.3762,1.42233,-0.03159,-2.63742,1.09824,1.57085,0.11671,-0.12757,-0.48152,0.02656,,,,,,,,,,,,,,,,,,,,,,,,,,0,0,0,0,0
70.7297,1783969922.4964,3,1,0.5000,0.3649,1.42233,-0.03159,-2.63742,1.09824,1.57085,0.11671,-0.12757,-0.48152,0.02656,,,,,,,,,,,,,,,,,,,,,,,,,,0,0,0,0,0
70.7306,1783969922.4974,3,1,0.5000,0.3148,1.42233,-0.03159,-2.63742,1.09824,1.57085,0.11671,-0.12757,-0.48152,0.02656,,,,,,,,,,,,,,,,,,,,,,,,,,0,0,0,0,0
70.7310,1783969922.4978,3,1,0.5000,0.2907,1.42233,-0.03159,-2.63742,1.09824,1.57085,0.11671,-0.12757,-0.48152,0.02656,,,,,,,,,,,,,,,,,,,,,,,,,,0,0,0,0,0
70.7559,1783969922.5227,3,1,0.5000,0.2802,1.42233,-0.03159,-2.63742,1.09824,1.57085,0.11671,-0.12757,-0.48152,0.02656,,,,,,,,,,,,,,,,,,,,,,,,,,0,0,0,0,0
70.7619,1783969922.5287,3,1,0.5000,0.2373,1.42233,-0.03159,-2.63742,1.09824,1.57085,0.11671,-0.12757,-0.48152,0.02656,,,,,,,,,,,,,,,,,,,,,,,,,,0,0,0,0,0
70.7661,1783969922.5329,3,1,0.5000,0.2200,1.42233,-0.03159,-2.63742,1.09824,1.57085,0.11671,-0.12757,-0.48152,0.02656,,,,,,,,,,,,,,,,,,,,,,,,,,0,0,0,0,0
70.7672,1783969922.5340,3,1,0.5000,0.2155,1.42233,-0.03159,-2.63742,1.09824,1.57085,0.11671,-0.12757,-0.48152,0.02656,,,,,,,,,,,,,,,,,,,,,,,,,,0,0,0,0,0
70.7675,1783969922.5343,3,1,0.5000,0.2602,1.42233,-0.03159,-2.63742,1.09824,1.57085,0.11671,-0.12757,-0.48152,0.02656,,,,,,,,,,,,,,,,,,,,,,,,,,0,0,0,0,0
70.7755,1783969922.5423,3,1,0.5000,0.3374,1.42233,-0.03159,-2.63742,1.09824,1.57085,0.11671,-0.12757,-0.48152,0.02656,,,,,,,,,,,,,,,,,,,,,,,,,,0,0,0,0,0
70.7859,1783969922.5526,3,1,0.5000,0.4119,1.42233,-0.03159,-2.63742,1.09824,1.57085,0.11671,-0.12757,-0.48152,0.02656,,,,,,,,,,,,,,,,,,,,,,,,,,0,0,0,0,0
70.7939,1783969922.5607,3,1,0.5000,0.4701,1.42233,-0.03159,-2.63742,1.09824,1.57085,0.11671,-0.12757,-0.48152,0.02656,,,,,,,,,,,,,,,,,,,,,,,,,,0,0,0,0,0
70.8080,1783969922.5748,3,1,0.5000,0.4837,1.42233,-0.03159,-2.63742,1.09824,1.57085,0.11671,-0.12757,-0.48152,0.02656,,,,,,,,,,,,,,,,,,,,,,,,,,0,0,0,0,0
70.8161,1783969922.5829,3,1,0.5000,0.4344,1.42233,-0.03159,-2.63742,1.09824,1.57085,0.11671,-0.12757,-0.48152,0.02656,,,,,,,,,,,,,,,,,,,,,,,,,,0,0,0,0,0
70.8262,1783969922.5930,3,1,0.5000,0.4077,1.42233,-0.03159,-2.63742,1.09825,1.57085,0.11671,-0.12757,-0.48152,0.02656,,,,,,,,,,,,,,,,,,,,,,,,,,0,0,0,0,0
70.8425,1783969922.6093,3,1,0.5000,0.3349,1.42233,-0.03159,-2.63742,1.09825,1.57085,0.11671,-0.12757,-0.48152,0.02656,,,,,,,,,,,,,,,,,,,,,,,,,,0,0,0,0,0
70.8448,1783969922.6116,3,1,0.5000,0.2785,1.42233,-0.03159,-2.63742,1.09825,1.57085,0.11671,-0.12757,-0.48152,0.02656,,,,,,,,,,,,,,,,,,,,,,,,,,0,0,0,0,0
70.8583,1783969922.6251,3,1,0.5000,0.2773,1.42233,-0.03159,-2.63742,1.09825,1.57085,0.11671,-0.12757,-0.48152,0.02656,,,,,,,,,,,,,,,,,,,,,,,,,,0,0,0,0,0
70.8688,1783969922.6356,3,1,0.5000,0.2508,1.42233,-0.03159,-2.63742,1.09825,1.57085,0.11671,-0.12757,-0.48152,0.02656,,,,,,,,,,,,,,,,,,,,,,,,,,0,0,0,0,0
70.8785,1783969922.6453,3,1,0.5000,0.2691,1.42233,-0.03159,-2.63742,1.09825,1.57085,0.11671,-0.12757,-0.48152,0.02656,,,,,,,,,,,,,,,,,,,,,,,,,,0,0,0,0,0
70.8844,1783969922.6512,3,1,0.5000,0.2557,1.42233,-0.03159,-2.63742,1.09825,1.57085,0.11671,-0.12757,-0.48152,0.02656,,,,,,,,,,,,,,,,,,,,,,,,,,0,0,0,0,0
70.8942,1783969922.6610,3,1,0.5000,0.2732,1.42233,-0.03159,-2.63742,1.09825,1.57085,0.11671,-0.12757,-0.48152,0.02656,,,,,,,,,,,,,,,,,,,,,,,,,,0,0,0,0,0
70.9103,1783969922.6771,3,1,0.5000,0.3183,1.42233,-0.03159,-2.63742,1.09825,1.57085,0.11671,-0.12757,-0.48152,0.02656,,,,,,,,,,,,,,,,,,,,,,,,,,0,0,0,0,0
70.9142,1783969922.6810,3,1,0.5000,0.3853,1.42233,-0.03159,-2.63742,1.09825,1.57085,0.11671,-0.12757,-0.48152,0.02656,,,,,,,,,,,,,,,,,,,,,,,,,,0,0,0,0,0
70.9255,1783969922.6923,3,1,0.5000,0.4738,1.42233,-0.03159,-2.63742,1.09825,1.57085,0.11671,-0.12757,-0.48152,0.02656,,,,,,,,,,,,,,,,,,,,,,,,,,0,0,0,0,0
70.9407,1783969922.7075,3,1,0.5000,0.4712,1.42233,-0.03159,-2.63742,1.09825,1.57085,0.11671,-0.12757,-0.48152,0.02656,,,,,,,,,,,,,,,,,,,,,,,,,,0,0,0,0,0
70.9469,1783969922.7137,3,1,0.5000,0.4971,1.42233,-0.03159,-2.63742,1.09825,1.57085,0.11671,-0.12757,-0.48152,0.02656,,,,,,,,,,,,,,,,,,,,,,,,,,0,0,0,0,0
70.9678,1783969922.7346,3,1,0.5000,0.4630,1.42233,-0.03159,-2.63742,1.09825,1.57085,0.11671,-0.12757,-0.48152,0.02656,,,,,,,,,,,,,,,,,,,,,,,,,,0,0,0,0,0
70.9689,1783969922.7357,3,1,0.5000,0.4098,1.42233,-0.03159,-2.63742,1.09825,1.57085,0.11671,-0.12757,-0.48152,0.02656,,,,,,,,,,,,,,,,,,,,,,,,,,0,0,0,0,0
70.9768,1783969922.7436,3,1,0.5000,0.3686,1.42233,-0.03159,-2.63742,1.09825,1.57085,0.11671,-0.12757,-0.48152,0.02656,,,,,,,,,,,,,,,,,,,,,,,,,,0,0,0,0,0
70.9854,1783969922.7522,3,1,0.5000,0.2900,1.42233,-0.03159,-2.63742,1.09825,1.57085,0.11671,-0.12757,-0.48152,0.02656,,,,,,,,,,,,,,,,,,,,,,,,,,0,0,0,0,0
70.9857,1783969922.7525,3,1,0.5000,0.2878,1.42233,-0.03159,-2.63742,1.09825,1.57085,0.11671,-0.12757,-0.48152,0.02656,,,,,,,,,,,,,,,,,,,,,,,,,,0,0,0,0,0
70.9983,1783969922.7651,3,1,0.5000,0.2854,1.42233,-0.03159,-2.63742,1.09825,1.57085,0.11671,-0.12757,-0.48152,0.02656,,,,,,,,,,,,,,,,,,,,,,,,,,0,0,0,0,0
71.0062,1783969922.7730,3,1,0.5000,0.2713,1.42233,-0.03159,-2.63742,1.09825,1.57085,0.11671,-0.12757,-0.48152,0.02656,,,,,,,,,,,,,,,,,,,,,,,,,,0,0,0,0,0
71.0065,1783969922.7733,3,1,0.5000,0.2692,1.42233,-0.03159,-2.63742,1.09825,1.57085,0.11671,-0.12757,-0.48152,0.02656,,,,,,,,,,,,,,,,,,,,,,,,,,0,0,0,0,0
71.0200,1783969922.7868,3,1,0.5000,0.2857,1.42233,-0.03159,-2.63742,1.09825,1.57085,0.11671,-0.12757,-0.48152,0.02656,,,,,,,,,,,,,,,,,,,,,,,,,,0,0,0,0,0
71.0264,1783969922.7931,3,1,0.5000,0.3546,1.42233,-0.03159,-2.63742,1.09825,1.57085,0.11671,-0.12757,-0.48152,0.02656,,,,,,,,,,,,,,,,,,,,,,,,,,0,0,0,0,0
71.0355,1783969922.8023,3,1,0.5000,0.4656,1.42233,-0.03159,-2.63742,1.09825,1.57085,0.11671,-0.12757,-0.48152,0.02656,,,,,,,,,,,,,,,,,,,,,,,,,,0,0,0,0,0
71.0445,1783969922.8113,3,1,0.5000,0.5174,1.42233,-0.03159,-2.63742,1.09825,1.57085,0.11671,-0.12757,-0.48152,0.02656,,,,,,,,,,,,,,,,,,,,,,,,,,0,0,0,0,0
71.0540,1783969922.8208,3,1,0.5000,0.5500,1.42233,-0.03159,-2.63742,1.09825,1.57085,0.11671,-0.12757,-0.48152,0.02656,,,,,,,,,,,,,,,,,,,,,,,,,,0,0,0,0,0
71.0705,1783969922.8372,3,1,0.5000,0.4943,1.42233,-0.03159,-2.63742,1.09825,1.57085,0.11671,-0.12757,-0.48152,0.02656,,,,,,,,,,,,,,,,,,,,,,,,,,0,0,0,0,0
71.0812,1783969922.8480,3,1,0.5000,0.5148,1.42233,-0.03159,-2.63742,1.09825,1.57085,0.11671,-0.12757,-0.48152,0.02656,,,,,,,,,,,,,,,,,,,,,,,,,,0,0,0,0,0
71.0879,1783969922.8547,3,1,0.5000,0.4731,1.42233,-0.03159,-2.63742,1.09825,1.57085,0.11671,-0.12757,-0.48152,0.02656,,,,,,,,,,,,,,,,,,,,,,,,,,0,0,0,0,0
71.0984,1783969922.8652,3,1,0.5000,0.3979,1.42233,-0.03159,-2.63742,1.09825,1.57085,0.11671,-0.12757,-0.48152,0.02656,,,,,,,,,,,,,,,,,,,,,,,,,,0,0,0,0,0
71.1111,1783969922.8779,3,1,0.5000,0.3386,1.42233,-0.03159,-2.63742,1.09825,1.57085,0.11671,-0.12757,-0.48152,0.02656,,,,,,,,,,,,,,,,,,,,,,,,,,0,0,0,0,0
71.1150,1783969922.8818,3,1,0.5000,0.3170,1.42233,-0.03159,-2.63742,1.09825,1.57085,0.11671,-0.12757,-0.48152,0.02656,,,,,,,,,,,,,,,,,,,,,,,,,,0,0,0,0,0
71.1154,1783969922.8821,3,1,0.5000,0.2969,1.42233,-0.03159,-2.63742,1.09825,1.57085,0.11671,-0.12757,-0.48152,0.02656,,,,,,,,,,,,,,,,,,,,,,,,,,0,0,0,0,0
71.1304,1783969922.8972,3,1,0.5000,0.2781,1.42233,-0.03159,-2.63742,1.09825,1.57085,0.11671,-0.12757,-0.48152,0.02656,,,,,,,,,,,,,,,,,,,,,,,,,,0,0,0,0,0
71.1307,1783969922.8975,3,1,0.5000,0.2754,1.42233,-0.03159,-2.63742,1.09825,1.57085,0.11671,-0.12757,-0.48152,0.02656,,,,,,,,,,,,,,,,,,,,,,,,,,0,0,0,0,0
71.1384,1783969922.9052,3,1,0.5000,0.2688,1.42233,-0.03159,-2.63742,1.09825,1.57085,0.11671,-0.12757,-0.48152,0.02656,,,,,,,,,,,,,,,,,,,,,,,,,,0,0,0,0,0
71.1493,1783969922.9160,3,1,0.5000,0.2695,1.42233,-0.03159,-2.63742,1.09825,1.57085,0.11671,-0.12757,-0.48152,0.02656,,,,,,,,,,,,,,,,,,,,,,,,,,0,0,0,0,0
71.1496,1783969922.9164,3,1,0.5000,0.2704,1.42233,-0.03159,-2.63742,1.09825,1.57085,0.11671,-0.12757,-0.48152,0.02656,,,,,,,,,,,,,,,,,,,,,,,,,,0,0,0,0,0
71.1548,1783969922.9216,3,1,0.5000,0.2785,1.42233,-0.03159,-2.63742,1.09825,1.57085,0.11671,-0.12757,-0.48152,0.02656,,,,,,,,,,,,,,,,,,,,,,,,,,0,0,0,0,0
71.1553,1783969922.9221,3,1,0.5000,0.3115,1.42233,-0.03159,-2.63742,1.09825,1.57085,0.11671,-0.12757,-0.48152,0.02656,,,,,,,,,,,,,,,,,,,,,,,,,,0,0,0,0,0
71.1652,1783969922.9320,3,1,0.5000,0.3678,1.42233,-0.03159,-2.63742,1.09825,1.57085,0.11671,-0.12757,-0.48152,0.02656,,,,,,,,,,,,,,,,,,,,,,,,,,0,0,0,0,0
71.1656,1783969922.9324,3,1,0.5000,0.3683,1.42233,-0.03159,-2.63742,1.09825,1.57085,0.11671,-0.12757,-0.48152,0.02656,,,,,,,,,,,,,,,,,,,,,,,,,,0,0,0,0,0
71.1774,1783969922.9441,3,1,0.5000,0.4693,1.42233,-0.03159,-2.63742,1.09825,1.57085,0.11671,-0.12757,-0.48152,0.02656,,,,,,,,,,,,,,,,,,,,,,,,,,0,0,0,0,0
71.1852,1783969922.9520,3,1,0.5000,0.4551,1.42233,-0.03159,-2.63742,1.09825,1.57085,0.11671,-0.12757,-0.48152,0.02656,,,,,,,,,,,,,,,,,,,,,,,,,,0,0,0,0,0
71.1975,1783969922.9643,3,1,0.5000,0.4538,1.42233,-0.03159,-2.63742,1.09825,1.57085,0.11671,-0.12757,-0.48152,0.02656,,,,,,,,,,,,,,,,,,,,,,,,,,0,0,0,0,0
71.2167,1783969922.9835,3,1,0.5000,0.4352,1.42233,-0.03159,-2.63742,1.09825,1.57085,0.11671,-0.12757,-0.48152,0.02656,,,,,,,,,,,,,,,,,,,,,,,,,,0,0,0,0,0
71.2190,1783969922.9858,3,1,0.5000,0.4244,1.42233,-0.03159,-2.63742,1.09825,1.57085,0.11671,-0.12757,-0.48152,0.02656,,,,,,,,,,,,,,,,,,,,,,,,,,0,0,0,0,0
71.2306,1783969922.9974,3,1,0.5000,0.4023,1.42233,-0.03159,-2.63742,1.09825,1.57085,0.11671,-0.12757,-0.48152,0.02656,,,,,,,,,,,,,,,,,,,,,,,,,,0,0,0,0,0
71.2357,1783969923.0025,3,1,0.5000,0.3483,1.42233,-0.03159,-2.63742,1.09825,1.57085,0.11671,-0.12757,-0.48152,0.02656,,,,,,,,,,,,,,,,,,,,,,,,,,0,0,0,0,0
71.2463,1783969923.0131,3,1,0.5000,0.2998,1.42233,-0.03159,-2.63742,1.09825,1.57085,0.11671,-0.12757,-0.48152,0.02656,,,,,,,,,,,,,,,,,,,,,,,,,,0,0,0,0,0
71.2467,1783969923.0135,3,1,0.5000,0.2944,1.42233,-0.03159,-2.63742,1.09825,1.57085,0.11671,-0.12757,-0.48152,0.02656,,,,,,,,,,,,,,,,,,,,,,,,,,0,0,0,0,0
71.2568,1783969923.0236,3,1,0.5000,0.2599,1.42233,-0.03159,-2.63742,1.09825,1.57085,0.11671,-0.12757,-0.48152,0.02656,,,,,,,,,,,,,,,,,,,,,,,,,,0,0,0,0,0
71.2683,1783969923.0351,3,1,0.5000,0.2695,1.42233,-0.03159,-2.63742,1.09825,1.57085,0.11671,-0.12757,-0.48152,0.02656,,,,,,,,,,,,,,,,,,,,,,,,,,0,0,0,0,0
71.2786,1783969923.0453,3,1,0.5000,0.2933,1.42233,-0.03159,-2.63742,1.09825,1.57085,0.11671,-0.12757,-0.48152,0.02656,,,,,,,,,,,,,,,,,,,,,,,,,,0,0,0,0,0
71.2859,1783969923.0527,3,1,0.5000,0.2860,1.42233,-0.03160,-2.63742,1.09825,1.57085,0.11671,-0.12757,-0.48152,0.02656,,,,,,,,,,,,,,,,,,,,,,,,,,0,0,0,0,0
71.2863,1783969923.0530,3,1,0.5000,0.2909,1.42233,-0.03160,-2.63742,1.09825,1.57085,0.11671,-0.12757,-0.48152,0.02656,,,,,,,,,,,,,,,,,,,,,,,,,,0,0,0,0,0
71.3055,1783969923.0723,3,1,0.5000,0.3832,1.42233,-0.03160,-2.63742,1.09826,1.57085,0.11671,-0.12757,-0.48152,0.02656,,,,,,,,,,,,,,,,,,,,,,,,,,0,0,0,0,0
71.3103,1783969923.0771,3,1,0.5000,0.4569,1.42233,-0.03160,-2.63742,1.09826,1.57085,0.11671,-0.12757,-0.48152,0.02656,,,,,,,,,,,,,,,,,,,,,,,,,,0,0,0,0,0
71.3151,1783969923.0818,3,1,0.5000,0.4681,1.42233,-0.03160,-2.63742,1.09826,1.57085,0.11671,-0.12757,-0.48152,0.02656,,,,,,,,,,,,,,,,,,,,,,,,,,0,0,0,0,0
71.3153,1783969923.0821,3,1,0.5000,0.4641,1.42233,-0.03160,-2.63742,1.09826,1.57085,0.11671,-0.12757,-0.48152,0.02656,,,,,,,,,,,,,,,,,,,,,,,,,,0,0,0,0,0
71.3366,1783969923.1034,3,1,0.5000,0.4876,1.42233,-0.03160,-2.63742,1.09826,1.57085,0.11671,-0.12757,-0.48152,0.02656,,,,,,,,,,,,,,,,,,,,,,,,,,0,0,0,0,0
71.3370,1783969923.1038,3,1,0.5000,0.4943,1.42233,-0.03160,-2.63742,1.09826,1.57085,0.11671,-0.12757,-0.48152,0.02656,,,,,,,,,,,,,,,,,,,,,,,,,,0,0,0,0,0
71.3448,1783969923.1116,3,1,0.5000,0.4857,1.42233,-0.03160,-2.63742,1.09826,1.57085,0.11671,-0.12757,-0.48152,0.02656,,,,,,,,,,,,,,,,,,,,,,,,,,0,0,0,0,0
71.3454,1783969923.1122,3,1,0.5000,0.4692,1.42233,-0.03160,-2.63742,1.09826,1.57085,0.11671,-0.12757,-0.48152,0.02656,,,,,,,,,,,,,,,,,,,,,,,,,,0,0,0,0,0
71.3553,1783969923.1221,3,1,0.5000,0.4677,1.42233,-0.03160,-2.63742,1.09826,1.57085,0.11671,-0.12757,-0.48152,0.02656,,,,,,,,,,,,,,,,,,,,,,,,,,0,0,0,0,0
71.3556,1783969923.1224,3,1,0.5000,0.4245,1.42233,-0.03160,-2.63742,1.09826,1.57085,0.11671,-0.12757,-0.48152,0.02656,,,,,,,,,,,,,,,,,,,,,,,,,,0,0,0,0,0
71.3706,1783969923.1374,3,1,0.5000,0.3414,1.42233,-0.03160,-2.63742,1.09826,1.57085,0.11671,-0.12757,-0.48152,0.02656,,,,,,,,,,,,,,,,,,,,,,,,,,0,0,0,0,0
71.3799,1783969923.1467,3,1,0.5000,0.3422,1.42233,-0.03160,-2.63742,1.09826,1.57085,0.11671,-0.12757,-0.48152,0.02656,,,,,,,,,,,,,,,,,,,,,,,,,,0,0,0,0,0
71.3904,1783969923.1572,3,1,0.5000,0.3258,1.42233,-0.03160,-2.63742,1.09826,1.57085,0.11671,-0.12757,-0.48152,0.02656,,,,,,,,,,,,,,,,,,,,,,,,,,0,0,0,0,0
71.3907,1783969923.1575,3,1,0.5000,0.3047,1.42233,-0.03160,-2.63742,1.09826,1.57085,0.11671,-0.12757,-0.48152,0.02656,,,,,,,,,,,,,,,,,,,,,,,,,,0,0,0,0,0
71.4056,1783969923.1724,3,1,0.5000,0.2986,1.42233,-0.03160,-2.63742,1.09826,1.57085,0.11671,-0.12757,-0.48152,0.02656,,,,,,,,,,,,,,,,,,,,,,,,,,0,0,0,0,0
71.4089,1783969923.1757,3,1,0.5000,0.3000,1.42233,-0.03160,-2.63742,1.09826,1.57085,0.11671,-0.12757,-0.48152,0.02656,,,,,,,,,,,,,,,,,,,,,,,,,,0,0,0,0,0
71.4095,1783969923.1763,3,1,0.5000,0.3208,1.42233,-0.03160,-2.63742,1.09826,1.57085,0.11671,-0.12757,-0.48152,0.02656,,,,,,,,,,,,,,,,,,,,,,,,,,0,0,0,0,0
71.4216,1783969923.1884,3,1,0.5000,0.3351,1.42233,-0.03160,-2.63742,1.09826,1.57085,0.11671,-0.12757,-0.48152,0.02656,,,,,,,,,,,,,,,,,,,,,,,,,,0,0,0,0,0
71.4219,1783969923.1887,3,1,0.5000,0.3465,1.42233,-0.03160,-2.63742,1.09826,1.57085,0.11671,-0.12757,-0.48152,0.02656,,,,,,,,,,,,,,,,,,,,,,,,,,0,0,0,0,0
71.4356,1783969923.2024,3,1,0.5000,0.4422,1.42233,-0.03160,-2.63742,1.09826,1.57085,0.11671,-0.12757,-0.48152,0.02656,,,,,,,,,,,,,,,,,,,,,,,,,,0,0,0,0,0
71.4432,1783969923.2099,3,1,0.5000,0.4395,1.42233,-0.03160,-2.63742,1.09826,1.57085,0.11671,-0.12757,-0.48152,0.02656,,,,,,,,,,,,,,,,,,,,,,,,,,0,0,0,0,0
71.4434,1783969923.2102,3,1,0.5000,0.5117,1.42233,-0.03160,-2.63742,1.09826,1.57085,0.11671,-0.12757,-0.48152,0.02656,,,,,,,,,,,,,,,,,,,,,,,,,,0,0,0,0,0
71.4507,1783969923.2174,3,1,0.5000,0.4758,1.42233,-0.03160,-2.63742,1.09826,1.57085,0.11671,-0.12757,-0.48152,0.02656,,,,,,,,,,,,,,,,,,,,,,,,,,0,0,0,0,0
71.4577,1783969923.2245,3,1,0.5000,0.4540,1.42233,-0.03160,-2.63742,1.09826,1.57085,0.11671,-0.12757,-0.48152,0.02656,,,,,,,,,,,,,,,,,,,,,,,,,,0,0,0,0,0
71.4835,1783969923.2503,3,1,0.5000,0.4192,1.42233,-0.03160,-2.63742,1.09826,1.57085,0.11671,-0.12757,-0.48152,0.02656,,,,,,,,,,,,,,,,,,,,,,,,,,0,0,0,0,0
71.4845,1783969923.2513,3,1,0.5000,0.4238,1.42233,-0.03160,-2.63742,1.09826,1.57085,0.11671,-0.12757,-0.48152,0.02656,,,,,,,,,,,,,,,,,,,,,,,,,,0,0,0,0,0
71.4907,1783969923.2574,3,1,0.5000,0.3975,1.42233,-0.03160,-2.63742,1.09826,1.57085,0.11671,-0.12757,-0.48152,0.02656,,,,,,,,,,,,,,,,,,,,,,,,,,0,0,0,0,0
71.4911,1783969923.2579,3,1,0.5000,0.3842,1.42233,-0.03160,-2.63742,1.09826,1.57085,0.11671,-0.12757,-0.48152,0.02656,,,,,,,,,,,,,,,,,,,,,,,,,,0,0,0,0,0
71.5006,1783969923.2674,3,1,0.5000,0.2904,1.42233,-0.03160,-2.63742,1.09826,1.57085,0.11671,-0.12757,-0.48152,0.02656,,,,,,,,,,,,,,,,,,,,,,,,,,0,0,0,0,0
71.5178,1783969923.2846,3,1,0.5000,0.2957,1.42233,-0.03160,-2.63742,1.09826,1.57085,0.11671,-0.12757,-0.48152,0.02656,,,,,,,,,,,,,,,,,,,,,,,,,,0,0,0,0,0
71.5181,1783969923.2849,3,1,0.5000,0.2907,1.42233,-0.03160,-2.63742,1.09826,1.57085,0.11671,-0.12757,-0.48152,0.02656,,,,,,,,,,,,,,,,,,,,,,,,,,0,0,0,0,0
71.5235,1783969923.2903,3,1,0.5000,0.3029,1.42233,-0.03160,-2.63742,1.09826,1.57085,0.11671,-0.12757,-0.48152,0.02656,,,,,,,,,,,,,,,,,,,,,,,,,,0,0,0,0,0
71.5238,1783969923.2906,3,1,0.5000,0.3045,1.42233,-0.03160,-2.63742,1.09826,1.57085,0.11671,-0.12757,-0.48152,0.02656,,,,,,,,,,,,,,,,,,,,,,,,,,0,0,0,0,0
71.5377,1783969923.3045,3,1,0.5000,0.3103,1.42233,-0.03160,-2.63742,1.09826,1.57085,0.11671,-0.12757,-0.48152,0.02656,,,,,,,,,,,,,,,,,,,,,,,,,,0,0,0,0,0
71.5424,1783969923.3091,3,1,0.5000,0.3467,1.42233,-0.03160,-2.63742,1.09826,1.57085,0.11671,-0.12757,-0.48152,0.02656,,,,,,,,,,,,,,,,,,,,,,,,,,0,0,0,0,0
71.5522,1783969923.3190,3,1,0.5000,0.3826,1.42233,-0.03160,-2.63742,1.09826,1.57085,0.11671,-0.12757,-0.48152,0.02656,,,,,,,,,,,,,,,,,,,,,,,,,,0,0,0,0,0
71.5658,1783969923.3326,3,1,0.5000,0.5019,1.42233,-0.03160,-2.63742,1.09826,1.57085,0.11671,-0.12757,-0.48152,0.02656,,,,,,,,,,,,,,,,,,,,,,,,,,0,0,0,0,0
71.5746,1783969923.3413,3,1,0.5000,0.5158,1.42233,-0.03160,-2.63742,1.09826,1.57085,0.11671,-0.12757,-0.48152,0.02656,,,,,,,,,,,,,,,,,,,,,,,,,,0,0,0,0,0
71.5827,1783969923.3495,3,1,0.5000,0.5132,1.42233,-0.03160,-2.63742,1.09826,1.57085,0.11671,-0.12757,-0.48152,0.02656,,,,,,,,,,,,,,,,,,,,,,,,,,0,0,0,0,0
71.5917,1783969923.3585,3,1,0.5000,0.5018,1.42233,-0.03160,-2.63742,1.09826,1.57085,0.11671,-0.12757,-0.48152,0.02656,,,,,,,,,,,,,,,,,,,,,,,,,,0,0,0,0,0
71.5921,1783969923.3589,3,1,0.5000,0.5027,1.42233,-0.03160,-2.63742,1.09826,1.57085,0.11671,-0.12757,-0.48152,0.02656,,,,,,,,,,,,,,,,,,,,,,,,,,0,0,0,0,0
71.6013,1783969923.3681,3,1,0.5000,0.4593,1.42233,-0.03160,-2.63742,1.09826,1.57085,0.11671,-0.12757,-0.48152,0.02656,,,,,,,,,,,,,,,,,,,,,,,,,,0,0,0,0,0
71.6121,1783969923.3788,3,1,0.5000,0.4384,1.42233,-0.03160,-2.63742,1.09826,1.57085,0.11671,-0.12757,-0.48152,0.02656,,,,,,,,,,,,,,,,,,,,,,,,,,0,0,0,0,0
71.6249,1783969923.3916,3,1,0.5000,0.3617,1.42233,-0.03160,-2.63742,1.09826,1.57085,0.11671,-0.12757,-0.48152,0.02656,,,,,,,,,,,,,,,,,,,,,,,,,,0,0,0,0,0
71.6394,1783969923.4062,3,1,0.5000,0.3219,1.42233,-0.03160,-2.63742,1.09826,1.57085,0.11671,-0.12757,-0.48152,0.02656,,,,,,,,,,,,,,,,,,,,,,,,,,0,0,0,0,0
71.6461,1783969923.4129,3,1,0.5000,0.3126,1.42233,-0.03160,-2.63742,1.09826,1.57085,0.11671,-0.12757,-0.48152,0.02656,,,,,,,,,,,,,,,,,,,,,,,,,,0,0,0,0,0
71.6464,1783969923.4132,3,1,0.5000,0.3352,1.42233,-0.03160,-2.63742,1.09826,1.57085,0.11671,-0.12757,-0.48152,0.02656,,,,,,,,,,,,,,,,,,,,,,,,,,0,0,0,0,0
71.6505,1783969923.4173,3,1,0.5000,0.3157,1.42233,-0.03160,-2.63742,1.09826,1.57085,0.11671,-0.12757,-0.48152,0.02656,,,,,,,,,,,,,,,,,,,,,,,,,,0,0,0,0,0
71.6509,1783969923.4177,3,1,0.5000,0.2916,1.42233,-0.03160,-2.63742,1.09826,1.57085,0.11671,-0.12757,-0.48152,0.02656,,,,,,,,,,,,,,,,,,,,,,,,,,0,0,0,0,0
71.6878,1783969923.4546,3,1,0.5000,0.3137,1.42233,-0.03160,-2.63742,1.09826,1.57085,0.11671,-0.12757,-0.48152,0.02656,,,,,,,,,,,,,,,,,,,,,,,,,,0,0,0,0,0
71.6938,1783969923.4605,3,1,0.5000,0.3252,1.42233,-0.03160,-2.63742,1.09826,1.57085,0.11671,-0.12757,-0.48152,0.02656,,,,,,,,,,,,,,,,,,,,,,,,,,0,0,0,0,0
71.6955,1783969923.4623,3,1,0.5000,0.3668,1.42233,-0.03160,-2.63742,1.09826,1.57085,0.11671,-0.12757,-0.48152,0.02656,,,,,,,,,,,,,,,,,,,,,,,,,,0,0,0,0,0
71.6958,1783969923.4625,3,1,0.5000,0.5526,1.42233,-0.03160,-2.63742,1.09826,1.57085,0.11671,-0.12757,-0.48152,0.02656,,,,,,,,,,,,,,,,,,,,,,,,,,0,0,0,0,0
71.7014,1783969923.4682,3,1,0.5000,0.5341,1.42233,-0.03160,-2.63742,1.09826,1.57085,0.11671,-0.12757,-0.48152,0.02656,,,,,,,,,,,,,,,,,,,,,,,,,,0,0,0,0,0
71.7018,1783969923.4686,3,1,0.5000,0.5421,1.42233,-0.03160,-2.63742,1.09826,1.57085,0.11671,-0.12757,-0.48152,0.02656,,,,,,,,,,,,,,,,,,,,,,,,,,0,0,0,0,0
71.7155,1783969923.4823,3,1,0.5000,0.5532,1.42233,-0.03160,-2.63742,1.09826,1.57085,0.11671,-0.12757,-0.48152,0.02656,,,,,,,,,,,,,,,,,,,,,,,,,,0,0,0,0,0
71.8368,1783969923.6036,3,1,0.5000,0.5267,1.42233,-0.03161,-2.63742,1.09827,1.57085,0.11671,-0.12757,-0.48152,0.02656,,,,,,,,,,,,,,,,,,,,,,,,,,0,0,0,0,0
71.8459,1783969923.6127,3,1,0.5000,0.4500,1.42233,-0.03161,-2.63742,1.09827,1.57085,0.11671,-0.12757,-0.48152,0.02656,,,,,,,,,,,,,,,,,,,,,,,,,,0,0,0,0,0
71.8583,1783969923.6250,3,1,0.5000,0.4431,1.42233,-0.03161,-2.63742,1.09827,1.57085,0.11671,-0.12757,-0.48152,0.02656,,,,,,,,,,,,,,,,,,,,,,,,,,0,0,0,0,0
71.8586,1783969923.6254,3,1,0.5000,0.4468,1.42233,-0.03161,-2.63742,1.09827,1.57085,0.11671,-0.12757,-0.48152,0.02656,,,,,,,,,,,,,,,,,,,,,,,,,,0,0,0,0,0
71.8684,1783969923.6351,3,1,0.5000,0.3900,1.42233,-0.03161,-2.63742,1.09827,1.57085,0.11671,-0.12757,-0.48152,0.02656,,,,,,,,,,,,,,,,,,,,,,,,,,0,0,0,0,0
71.8703,1783969923.6370,3,1,0.5000,0.4196,1.42233,-0.03161,-2.63742,1.09827,1.57085,0.11671,-0.12757,-0.48152,0.02656,,,,,,,,,,,,,,,,,,,,,,,,,,0,0,0,0,0
71.8706,1783969923.6374,3,1,0.5000,0.4161,1.42233,-0.03161,-2.63742,1.09827,1.57085,0.11671,-0.12757,-0.48152,0.02656,,,,,,,,,,,,,,,,,,,,,,,,,,0,0,0,0,0
71.8736,1783969923.6404,3,1,0.5000,0.3923,1.42233,-0.03161,-2.63742,1.09827,1.57085,0.11671,-0.12757,-0.48152,0.02656,,,,,,,,,,,,,,,,,,,,,,,,,,0,0,0,0,0
71.8741,1783969923.6409,3,1,0.5000,0.3690,1.42233,-0.03161,-2.63742,1.09827,1.57085,0.11671,-0.12757,-0.48152,0.02656,,,,,,,,,,,,,,,,,,,,,,,,,,0,0,0,0,0
71.8746,1783969923.6414,3,1,0.5000,0.3309,1.42233,-0.03161,-2.63742,1.09827,1.57085,0.11671,-0.12757,-0.48152,0.02656,,,,,,,,,,,,,,,,,,,,,,,,,,0,0,0,0,0
71.8749,1783969923.6416,3,1,0.5000,0.3324,1.42233,-0.03161,-2.63742,1.09827,1.57085,0.11671,-0.12757,-0.48152,0.02656,,,,,,,,,,,,,,,,,,,,,,,,,,0,0,0,0,0
71.8779,1783969923.6447,3,1,0.5000,0.3660,1.42233,-0.03161,-2.63742,1.09827,1.57085,0.11671,-0.12757,-0.48152,0.02656,,,,,,,,,,,,,,,,,,,,,,,,,,0,0,0,0,0
71.8781,1783969923.6449,3,1,0.5000,0.4825,1.42233,-0.03161,-2.63742,1.09827,1.57085,0.11671,-0.12757,-0.48152,0.02656,,,,,,,,,,,,,,,,,,,,,,,,,,0,0,0,0,0
71.8788,1783969923.6455,3,1,0.5000,0.5155,1.42233,-0.03161,-2.63742,1.09827,1.57085,0.11671,-0.12757,-0.48152,0.02656,,,,,,,,,,,,,,,,,,,,,,,,,,0,0,0,0,0
71.8790,1783969923.6458,3,1,0.5000,0.4985,1.42233,-0.03161,-2.63742,1.09827,1.57085,0.11671,-0.12757,-0.48152,0.02656,,,,,,,,,,,,,,,,,,,,,,,,,,0,0,0,0,0
71.8879,1783969923.6546,3,1,0.5000,0.5119,1.42233,-0.03161,-2.63742,1.09827,1.57085,0.11671,-0.12757,-0.48152,0.02656,,,,,,,,,,,,,,,,,,,,,,,,,,0,0,0,0,0
71.9058,1783969923.6726,3,1,0.5000,0.4752,1.42233,-0.03161,-2.63742,1.09827,1.57085,0.11671,-0.12757,-0.48152,0.02656,,,,,,,,,,,,,,,,,,,,,,,,,,0,0,0,0,0
71.9100,1783969923.6768,3,1,0.5000,0.4731,1.42233,-0.03161,-2.63742,1.09827,1.57085,0.11671,-0.12757,-0.48152,0.02656,,,,,,,,,,,,,,,,,,,,,,,,,,0,0,0,0,0
71.9103,1783969923.6771,3,1,0.5000,0.3985,1.42233,-0.03161,-2.63742,1.09827,1.57085,0.11671,-0.12757,-0.48152,0.02656,,,,,,,,,,,,,,,,,,,,,,,,,,0,0,0,0,0
71.9108,1783969923.6775,3,1,0.5000,0.4060,1.42233,-0.03161,-2.63742,1.09827,1.57085,0.11671,-0.12757,-0.48152,0.02656,,,,,,,,,,,,,,,,,,,,,,,,,,0,0,0,0,0
71.9110,1783969923.6777,3,1,0.5000,0.3567,1.42233,-0.03161,-2.63742,1.09827,1.57085,0.11671,-0.12757,-0.48152,0.02656,,,,,,,,,,,,,,,,,,,,,,,,,,0,0,0,0,0
71.9113,1783969923.6781,3,1,0.5000,0.3609,1.42233,-0.03161,-2.63742,1.09827,1.57085,0.11671,-0.12757,-0.48152,0.02656,,,,,,,,,,,,,,,,,,,,,,,,,,0,0,0,0,0
71.9116,1783969923.6783,3,1,0.5000,0.3479,1.42233,-0.03161,-2.63742,1.09827,1.57085,0.11671,-0.12757,-0.48152,0.02656,,,,,,,,,,,,,,,,,,,,,,,,,,0,0,0,0,0
71.9184,1783969923.6852,3,1,0.5000,0.3473,1.42233,-0.03161,-2.63742,1.09827,1.57085,0.11671,-0.12757,-0.48152,0.02656,,,,,,,,,,,,,,,,,,,,,,,,,,0,0,0,0,0
71.9222,1783969923.6890,3,1,0.5000,0.3305,1.42233,-0.03161,-2.63742,1.09827,1.57085,0.11671,-0.12757,-0.48152,0.02656,,,,,,,,,,,,,,,,,,,,,,,,,,0,0,0,0,0
71.9226,1783969923.6893,3,1,0.5000,0.3493,1.42233,-0.03161,-2.63742,1.09827,1.57085,0.11671,-0.12757,-0.48152,0.02656,,,,,,,,,,,,,,,,,,,,,,,,,,0,0,0,0,0
71.9331,1783969923.6999,3,1,0.5000,0.3367,1.42233,-0.03161,-2.63742,1.09827,1.57085,0.11671,-0.12757,-0.48152,0.02656,,,,,,,,,,,,,,,,,,,,,,,,,,0,0,0,0,0
71.9467,1783969923.7135,3,1,0.5000,0.3771,1.42233,-0.03161,-2.63742,1.09827,1.57085,0.11671,-0.12757,-0.48152,0.02656,,,,,,,,,,,,,,,,,,,,,,,,,,0,0,0,0,0
71.9507,1783969923.7175,3,1,0.5000,0.4003,1.42233,-0.03161,-2.63742,1.09827,1.57085,0.11671,-0.12757,-0.48152,0.02656,,,,,,,,,,,,,,,,,,,,,,,,,,0,0,0,0,0
71.9640,1783969923.7308,3,1,0.5000,0.4784,1.42233,-0.03161,-2.63742,1.09827,1.57085,0.11671,-0.12757,-0.48152,0.02656,,,,,,,,,,,,,,,,,,,,,,,,,,0,0,0,0,0
71.9643,1783969923.7311,3,1,0.5000,0.4989,1.42233,-0.03161,-2.63742,1.09827,1.57085,0.11671,-0.12757,-0.48152,0.02656,,,,,,,,,,,,,,,,,,,,,,,,,,0,0,0,0,0
71.9722,1783969923.7389,3,1,0.5000,0.4739,1.42233,-0.03161,-2.63742,1.09827,1.57085,0.11671,-0.12757,-0.48152,0.02656,,,,,,,,,,,,,,,,,,,,,,,,,,0,0,0,0,0
71.9947,1783969923.7614,3,1,0.5000,0.4566,1.42233,-0.03161,-2.63742,1.09827,1.57085,0.11671,-0.12757,-0.48152,0.02656,,,,,,,,,,,,,,,,,,,,,,,,,,0,0,0,0,0
71.9951,1783969923.7619,3,1,0.5000,0.4288,1.42233,-0.03161,-2.63742,1.09827,1.57085,0.11671,-0.12757,-0.48152,0.02656,,,,,,,,,,,,,,,,,,,,,,,,,,0,0,0,0,0
72.0019,1783969923.7687,3,1,0.5000,0.3886,1.42233,-0.03161,-2.63742,1.09827,1.57085,0.11671,-0.12757,-0.48152,0.02656,,,,,,,,,,,,,,,,,,,,,,,,,,0,0,0,0,0
72.0031,1783969923.7699,3,1,0.5000,0.3564,1.42233,-0.03161,-2.63742,1.09827,1.57085,0.11671,-0.12757,-0.48152,0.02656,,,,,,,,,,,,,,,,,,,,,,,,,,0,0,0,0,0
72.0035,1783969923.7703,3,1,0.5000,0.3400,1.42233,-0.03161,-2.63742,1.09827,1.57085,0.11671,-0.12757,-0.48152,0.02656,,,,,,,,,,,,,,,,,,,,,,,,,,0,0,0,0,0
72.0125,1783969923.7793,3,1,0.5000,0.3067,1.42233,-0.03161,-2.63742,1.09827,1.57085,0.11671,-0.12757,-0.48152,0.02656,,,,,,,,,,,,,,,,,,,,,,,,,,0,0,0,0,0
72.0239,1783969923.7907,3,1,0.5000,0.3187,1.42233,-0.03161,-2.63742,1.09827,1.57085,0.11671,-0.12757,-0.48152,0.02656,,,,,,,,,,,,,,,,,,,,,,,,,,0,0,0,0,0
72.0335,1783969923.8002,3,1,0.5000,0.3260,1.42233,-0.03161,-2.63742,1.09827,1.57085,0.11671,-0.12757,-0.48152,0.02656,,,,,,,,,,,,,,,,,,,,,,,,,,0,0,0,0,0
72.0343,1783969923.8011,3,1,0.5000,0.3241,1.42233,-0.03161,-2.63742,1.09827,1.57085,0.11671,-0.12757,-0.48152,0.02656,,,,,,,,,,,,,,,,,,,,,,,,,,0,0,0,0,0
72.1475,1783969923.9143,3,1,0.5000,0.3264,1.42233,-0.03161,-2.63742,1.09827,1.57085,0.11671,-0.12757,-0.48152,0.02656,,,,,,,,,,,,,,,,,,,,,,,,,,0,0,0,0,0
72.1539,1783969923.9207,3,1,0.5000,0.3292,1.42233,-0.03161,-2.63742,1.09827,1.57085,0.11671,-0.12757,-0.48152,0.02656,,,,,,,,,,,,,,,,,,,,,,,,,,0,0,0,0,0
72.1543,1783969923.9211,3,1,0.5000,0.3285,1.42233,-0.03161,-2.63742,1.09827,1.57085,0.11671,-0.12757,-0.48152,0.02656,,,,,,,,,,,,,,,,,,,,,,,,,,0,0,0,0,0
72.1573,1783969923.9240,3,1,0.5000,0.3346,1.42233,-0.03161,-2.63742,1.09827,1.57085,0.11671,-0.12757,-0.48152,0.02656,,,,,,,,,,,,,,,,,,,,,,,,,,0,0,0,0,0
72.1579,1783969923.9246,3,1,0.5000,0.3753,1.42233,-0.03161,-2.63742,1.09827,1.57085,0.11671,-0.12757,-0.48152,0.02656,,,,,,,,,,,,,,,,,,,,,,,,,,0,0,0,0,0
72.1585,1783969923.9252,3,1,0.5000,0.3743,1.42233,-0.03161,-2.63742,1.09827,1.57085,0.11671,-0.12757,-0.48152,0.02656,,,,,,,,,,,,,,,,,,,,,,,,,,0,0,0,0,0
72.1587,1783969923.9255,3,1,0.5000,0.3596,1.42233,-0.03161,-2.63742,1.09827,1.57085,0.11671,-0.12757,-0.48152,0.02656,,,,,,,,,,,,,,,,,,,,,,,,,,0,0,0,0,0
72.1661,1783969923.9328,3,1,0.5000,0.4072,1.42233,-0.03161,-2.63742,1.09827,1.57085,0.11671,-0.12757,-0.48152,0.02656,,,,,,,,,,,,,,,,,,,,,,,,,,0,0,0,0,0
72.1757,1783969923.9425,3,1,0.5000,0.3883,1.42233,-0.03161,-2.63742,1.09827,1.57085,0.11671,-0.12757,-0.48152,0.02656,,,,,,,,,,,,,,,,,,,,,,,,,,0,0,0,0,0
72.1788,1783969923.9455,3,1,0.5000,0.4087,1.42233,-0.03161,-2.63742,1.09827,1.57085,0.11671,-0.12757,-0.48152,0.02656,,,,,,,,,,,,,,,,,,,,,,,,,,0,0,0,0,0
72.1791,1783969923.9459,3,1,0.5000,0.3545,1.42233,-0.03161,-2.63742,1.09827,1.57085,0.11671,-0.12757,-0.48152,0.02656,,,,,,,,,,,,,,,,,,,,,,,,,,0,0,0,0,0
72.1794,1783969923.9462,3,1,0.5000,0.3488,1.42233,-0.03161,-2.63742,1.09827,1.57085,0.11671,-0.12757,-0.48152,0.02656,,,,,,,,,,,,,,,,,,,,,,,,,,0,0,0,0,0
72.1819,1783969923.9486,3,1,0.5000,0.3345,1.42233,-0.03161,-2.63742,1.09827,1.57085,0.11671,-0.12757,-0.48152,0.02656,,,,,,,,,,,,,,,,,,,,,,,,,,0,0,0,0,0
72.1846,1783969923.9514,3,1,0.5000,0.3228,1.42233,-0.03161,-2.63742,1.09827,1.57085,0.11671,-0.12757,-0.48152,0.02656,,,,,,,,,,,,,,,,,,,,,,,,,,0,0,0,0,0
72.1849,1783969923.9517,3,1,0.5000,0.3127,1.42233,-0.03161,-2.63742,1.09827,1.57085,0.11671,-0.12757,-0.48152,0.02656,,,,,,,,,,,,,,,,,,,,,,,,,,0,0,0,0,0
72.1888,1783969923.9556,3,1,0.5000,0.3148,1.42233,-0.03161,-2.63742,1.09827,1.57085,0.11671,-0.12757,-0.48152,0.02656,,,,,,,,,,,,,,,,,,,,,,,,,,0,0,0,0,0
72.1891,1783969923.9559,3,1,0.5000,0.3084,1.42233,-0.03161,-2.63742,1.09827,1.57085,0.11671,-0.12757,-0.48152,0.02656,,,,,,,,,,,,,,,,,,,,,,,,,,0,0,0,0,0
72.1987,1783969923.9655,3,1,0.5000,0.3048,1.42233,-0.03161,-2.63742,1.09827,1.57085,0.11671,-0.12757,-0.48152,0.02656,,,,,,,,,,,,,,,,,,,,,,,,,,0,0,0,0,0
72.1989,1783969923.9657,3,1,0.5000,0.3080,1.42233,-0.03161,-2.63742,1.09827,1.57085,0.11671,-0.12757,-0.48152,0.02656,,,,,,,,,,,,,,,,,,,,,,,,,,0,0,0,0,0
72.2428,1783969924.0096,3,1,0.5000,0.3208,1.42233,-0.03161,-2.63742,1.09827,1.57085,0.11671,-0.12757,-0.48152,0.02656,,,,,,,,,,,,,,,,,,,,,,,,,,0,0,0,0,0
72.2431,1783969924.0099,3,1,0.5000,0.3211,1.42233,-0.03161,-2.63742,1.09827,1.57085,0.11671,-0.12757,-0.48152,0.02656,,,,,,,,,,,,,,,,,,,,,,,,,,0,0,0,0,0
72.2476,1783969924.0144,3,1,0.5000,0.3217,1.42233,-0.03161,-2.63742,1.09827,1.57085,0.11671,-0.12757,-0.48152,0.02656,,,,,,,,,,,,,,,,,,,,,,,,,,0,0,0,0,0
72.2608,1783969924.0276,3,1,0.5000,0.3224,1.42233,-0.03160,-2.63742,1.09827,1.57085,0.11671,-0.12757,-0.48152,0.02656,,,,,,,,,,,,,,,,,,,,,,,,,,0,0,0,0,0
72.2612,1783969924.0280,3,1,0.5000,0.3220,1.42233,-0.03160,-2.63742,1.09827,1.57085,0.11671,-0.12757,-0.48152,0.02656,,,,,,,,,,,,,,,,,,,,,,,,,,0,0,0,0,0
72.2638,1783969924.0306,3,1,0.5000,0.3767,1.42233,-0.03160,-2.63742,1.09827,1.57085,0.11671,-0.12757,-0.48152,0.02656,,,,,,,,,,,,,,,,,,,,,,,,,,0,0,0,0,0
72.2665,1783969924.0333,3,1,0.5000,0.3878,1.42233,-0.03160,-2.63742,1.09827,1.57085,0.11671,-0.12757,-0.48152,0.02656,,,,,,,,,,,,,,,,,,,,,,,,,,0,0,0,0,0
72.2782,1783969924.0449,3,1,0.5000,0.3853,1.42233,-0.03160,-2.63742,1.09827,1.57085,0.11671,-0.12757,-0.48152,0.02656,,,,,,,,,,,,,,,,,,,,,,,,,,0,0,0,0,0
72.2812,1783969924.0480,3,1,0.5000,0.3799,1.42233,-0.03160,-2.63742,1.09827,1.57085,0.11671,-0.12757,-0.48152,0.02656,,,,,,,,,,,,,,,,,,,,,,,,,,0,0,0,0,0
72.2817,1783969924.0485,3,1,0.5000,0.4031,1.42233,-0.03160,-2.63742,1.09827,1.57085,0.11671,-0.12757,-0.48152,0.02656,,,,,,,,,,,,,,,,,,,,,,,,,,0,0,0,0,0
72.2840,1783969924.0508,3,1,0.5000,0.3693,1.42233,-0.03160,-2.63742,1.09827,1.57085,0.11671,-0.12757,-0.48152,0.02656,,,,,,,,,,,,,,,,,,,,,,,,,,0,0,0,0,0
72.2844,1783969924.0512,3,1,0.5000,0.3599,1.42233,-0.03160,-2.63742,1.09827,1.57085,0.11671,-0.12757,-0.48152,0.02656,,,,,,,,,,,,,,,,,,,,,,,,,,0,0,0,0,0
72.2848,1783969924.0516,3,1,0.5000,0.3718,1.42233,-0.03160,-2.63742,1.09827,1.57085,0.11671,-0.12757,-0.48152,0.02656,,,,,,,,,,,,,,,,,,,,,,,,,,0,0,0,0,0
72.2980,1783969924.0648,3,1,0.5000,0.3851,1.42233,-0.03160,-2.63742,1.09827,1.57085,0.11671,-0.12757,-0.48152,0.02656,,,,,,,,,,,,,,,,,,,,,,,,,,0,0,0,0,0
72.3132,1783969924.0800,3,1,0.5000,0.3723,1.42233,-0.03160,-2.63742,1.09827,1.57085,0.11671,-0.12757,-0.48152,0.02656,,,,,,,,,,,,,,,,,,,,,,,,,,0,0,0,0,0
72.3147,1783969924.0815,3,1,0.5000,0.3992,1.42233,-0.03160,-2.63742,1.09827,1.57085,0.11671,-0.12757,-0.48152,0.02656,,,,,,,,,,,,,,,,,,,,,,,,,,0,0,0,0,0
72.3207,1783969924.0875,3,1,0.5000,0.3895,1.42233,-0.03160,-2.63742,1.09827,1.57085,0.11671,-0.12757,-0.48152,0.02656,,,,,,,,,,,,,,,,,,,,,,,,,,0,0,0,0,0
72.3316,1783969924.0984,3,1,0.5000,0.3924,1.42233,-0.03160,-2.63742,1.09827,1.57085,0.11671,-0.12757,-0.48152,0.02656,,,,,,,,,,,,,,,,,,,,,,,,,,0,0,0,0,0
72.3464,1783969924.1132,3,1,0.5000,0.4005,1.42233,-0.03160,-2.63742,1.09827,1.57085,0.11671,-0.12757,-0.48152,0.02656,,,,,,,,,,,,,,,,,,,,,,,,,,0,0,0,0,0
72.3468,1783969924.1136,3,1,0.5000,0.4201,1.42233,-0.03160,-2.63742,1.09827,1.57085,0.11671,-0.12757,-0.48152,0.02656,,,,,,,,,,,,,,,,,,,,,,,,,,0,0,0,0,0
72.3574,1783969924.1242,3,1,0.5000,0.4601,1.42233,-0.03160,-2.63742,1.09827,1.57085,0.11671,-0.12757,-0.48152,0.02656,,,,,,,,,,,,,,,,,,,,,,,,,,0,0,0,0,0
72.3584,1783969924.1251,3,1,0.5000,0.4716,1.42233,-0.03160,-2.63742,1.09827,1.57085,0.11671,-0.12757,-0.48152,0.02656,,,,,,,,,,,,,,,,,,,,,,,,,,0,0,0,0,0
72.3650,1783969924.1318,3,1,0.5000,0.5265,1.42233,-0.03160,-2.63742,1.09827,1.57085,0.11671,-0.12757,-0.48152,0.02656,,,,,,,,,,,,,,,,,,,,,,,,,,0,0,0,0,0
72.3868,1783969924.1536,3,1,0.5000,0.5320,1.42233,-0.03160,-2.63742,1.09827,1.57085,0.11671,-0.12757,-0.48152,0.02656,,,,,,,,,,,,,,,,,,,,,,,,,,0,0,0,0,0
72.3872,1783969924.1540,3,1,0.5000,0.5028,1.42233,-0.03160,-2.63742,1.09827,1.57085,0.11671,-0.12757,-0.48152,0.02656,,,,,,,,,,,,,,,,,,,,,,,,,,0,0,0,0,0
72.3877,1783969924.1544,3,1,0.5000,0.4847,1.42233,-0.03160,-2.63742,1.09827,1.57085,0.11671,-0.12757,-0.48152,0.02656,,,,,,,,,,,,,,,,,,,,,,,,,,0,0,0,0,0
72.4445,1783969924.2112,3,1,0.5000,0.4587,1.42233,-0.03160,-2.63742,1.09827,1.57085,0.11671,-0.12757,-0.48152,0.02656,,,,,,,,,,,,,,,,,,,,,,,,,,0,0,0,0,0
72.4452,1783969924.2119,3,1,0.5000,0.4089,1.42233,-0.03160,-2.63742,1.09827,1.57085,0.11671,-0.12757,-0.48152,0.02656,,,,,,,,,,,,,,,,,,,,,,,,,,0,0,0,0,0
72.4457,1783969924.2125,3,1,0.5000,0.4010,1.42233,-0.03160,-2.63742,1.09827,1.57085,0.11671,-0.12757,-0.48152,0.02656,,,,,,,,,,,,,,,,,,,,,,,,,,0,0,0,0,0
72.4482,1783969924.2150,3,1,0.5000,0.4293,1.42233,-0.03160,-2.63742,1.09827,1.57085,0.11671,-0.12757,-0.48152,0.02656,,,,,,,,,,,,,,,,,,,,,,,,,,0,0,0,0,0
72.4486,1783969924.2154,3,1,0.5000,0.4439,1.42233,-0.03160,-2.63742,1.09827,1.57085,0.11671,-0.12757,-0.48152,0.02656,,,,,,,,,,,,,,,,,,,,,,,,,,0,0,0,0,0
72.4491,1783969924.2159,3,1,0.5000,0.4704,1.42233,-0.03160,-2.63742,1.09827,1.57085,0.11671,-0.12757,-0.48152,0.02656,,,,,,,,,,,,,,,,,,,,,,,,,,0,0,0,0,0
72.4507,1783969924.2175,3,1,0.5000,0.4579,1.42233,-0.03160,-2.63742,1.09827,1.57085,0.11671,-0.12757,-0.48152,0.02656,,,,,,,,,,,,,,,,,,,,,,,,,,0,0,0,0,0
72.4640,1783969924.2308,3,1,0.5000,0.4788,1.42233,-0.03160,-2.63742,1.09827,1.57085,0.11671,-0.12757,-0.48152,0.02656,,,,,,,,,,,,,,,,,,,,,,,,,,0,0,0,0,0
72.4715,1783969924.2382,3,1,0.5000,0.5245,1.42233,-0.03160,-2.63742,1.09827,1.57085,0.11671,-0.12757,-0.48152,0.02656,,,,,,,,,,,,,,,,,,,,,,,,,,0,0,0,0,0
72.4851,1783969924.2519,3,1,0.5000,0.5504,1.42233,-0.03160,-2.63742,1.09827,1.57085,0.11671,-0.12757,-0.48152,0.02656,,,,,,,,,,,,,,,,,,,,,,,,,,0,0,0,0,0
72.4910,1783969924.2578,3,1,0.5000,0.5813,1.42233,-0.03160,-2.63742,1.09827,1.57085,0.11671,-0.12757,-0.48152,0.02656,,,,,,,,,,,,,,,,,,,,,,,,,,0,0,0,0,0
72.5028,1783969924.2695,3,1,0.5000,0.5555,1.42233,-0.03160,-2.63742,1.09827,1.57085,0.11671,-0.12757,-0.48152,0.02656,,,,,,,,,,,,,,,,,,,,,,,,,,0,0,0,0,0
72.5167,1783969924.2834,3,1,0.5000,0.5269,1.42233,-0.03160,-2.63742,1.09827,1.57085,0.11671,-0.12757,-0.48152,0.02656,,,,,,,,,,,,,,,,,,,,,,,,,,0,0,0,0,0
72.5223,1783969924.2890,3,1,0.5000,0.4808,1.42233,-0.03160,-2.63742,1.09827,1.57085,0.11671,-0.12757,-0.48152,0.02656,,,,,,,,,,,,,,,,,,,,,,,,,,0,0,0,0,0
72.5227,1783969924.2894,3,1,0.5000,0.4835,1.42233,-0.03160,-2.63742,1.09827,1.57085,0.11671,-0.12757,-0.48152,0.02656,,,,,,,,,,,,,,,,,,,,,,,,,,0,0,0,0,0
72.5348,1783969924.3015,3,1,0.5000,0.4399,1.42233,-0.03160,-2.63742,1.09827,1.57085,0.11671,-0.12757,-0.48152,0.02656,,,,,,,,,,,,,,,,,,,,,,,,,,0,0,0,0,0
72.5422,1783969924.3090,3,1,0.5000,0.4665,1.42233,-0.03160,-2.63742,1.09827,1.57085,0.11671,-0.12757,-0.48152,0.02656,,,,,,,,,,,,,,,,,,,,,,,,,,0,0,0,0,0
72.5426,1783969924.3093,3,1,0.5000,0.4775,1.42233,-0.03160,-2.63742,1.09827,1.57085,0.11671,-0.12757,-0.48152,0.02656,,,,,,,,,,,,,,,,,,,,,,,,,,0,0,0,0,0
72.5507,1783969924.3175,3,1,0.5000,0.4783,1.42233,-0.03160,-2.63742,1.09827,1.57085,0.11671,-0.12757,-0.48152,0.02656,,,,,,,,,,,,,,,,,,,,,,,,,,0,0,0,0,0
72.5510,1783969924.3178,3,1,0.5000,0.4831,1.42233,-0.03160,-2.63742,1.09827,1.57085,0.11671,-0.12757,-0.48152,0.02656,,,,,,,,,,,,,,,,,,,,,,,,,,0,0,0,0,0
72.5613,1783969924.3280,3,1,0.5000,0.5122,1.42233,-0.03160,-2.63742,1.09827,1.57085,0.11671,-0.12757,-0.48152,0.02656,,,,,,,,,,,,,,,,,,,,,,,,,,0,0,0,0,0
72.5618,1783969924.3285,3,1,0.5000,0.5229,1.42233,-0.03160,-2.63742,1.09827,1.57085,0.11671,-0.12757,-0.48152,0.02656,,,,,,,,,,,,,,,,,,,,,,,,,,0,0,0,0,0
72.5723,1783969924.3390,3,1,0.5000,0.4924,1.42233,-0.03160,-2.63742,1.09827,1.57085,0.11671,-0.12757,-0.48152,0.02656,,,,,,,,,,,,,,,,,,,,,,,,,,0,0,0,0,0
72.5849,1783969924.3517,3,1,0.5000,0.4630,1.42233,-0.03160,-2.63742,1.09827,1.57085,0.11671,-0.12757,-0.48152,0.02656,,,,,,,,,,,,,,,,,,,,,,,,,,0,0,0,0,0
72.5917,1783969924.3585,3,1,0.5000,0.4725,1.42233,-0.03160,-2.63742,1.09827,1.57085,0.11671,-0.12757,-0.48152,0.02656,,,,,,,,,,,,,,,,,,,,,,,,,,0,0,0,0,0
72.6289,1783969924.3957,3,1,0.5000,0.4853,1.42233,-0.03160,-2.63742,1.09827,1.57085,0.11671,-0.12757,-0.48152,0.02656,,,,,,,,,,,,,,,,,,,,,,,,,,0,0,0,0,0
72.6307,1783969924.3975,3,1,0.5000,0.5174,1.42233,-0.03160,-2.63742,1.09827,1.57085,0.11671,-0.12757,-0.48152,0.02656,,,,,,,,,,,,,,,,,,,,,,,,,,0,0,0,0,0
72.6311,1783969924.3979,3,1,0.5000,0.5754,1.42233,-0.03160,-2.63742,1.09827,1.57085,0.11671,-0.12757,-0.48152,0.02656,,,,,,,,,,,,,,,,,,,,,,,,,,0,0,0,0,0
72.6319,1783969924.3987,3,1,0.5000,0.6026,1.42233,-0.03160,-2.63742,1.09827,1.57085,0.11671,-0.12757,-0.48152,0.02656,,,,,,,,,,,,,,,,,,,,,,,,,,0,0,0,0,0
72.6323,1783969924.3990,3,1,0.5000,0.6039,1.42233,-0.03160,-2.63742,1.09827,1.57085,0.11671,-0.12757,-0.48152,0.02656,,,,,,,,,,,,,,,,,,,,,,,,,,0,0,0,0,0
72.6650,1783969924.4318,3,1,0.5000,0.5744,1.42233,-0.03160,-2.63742,1.09827,1.57085,0.11671,-0.12757,-0.48152,0.02656,,,,,,,,,,,,,,,,,,,,,,,,,,0,0,0,0,0
72.6680,1783969924.4348,3,1,0.5000,0.5633,1.42233,-0.03160,-2.63742,1.09827,1.57085,0.11671,-0.12757,-0.48152,0.02656,,,,,,,,,,,,,,,,,,,,,,,,,,0,0,0,0,0
72.6684,1783969924.4352,3,1,0.5000,0.5445,1.42233,-0.03160,-2.63742,1.09827,1.57085,0.11671,-0.12757,-0.48152,0.02656,,,,,,,,,,,,,,,,,,,,,,,,,,0,0,0,0,0
72.6860,1783969924.4528,3,1,0.5000,0.4908,1.42233,-0.03160,-2.63742,1.09827,1.57085,0.11671,-0.12757,-0.48152,0.02656,,,,,,,,,,,,,,,,,,,,,,,,,,0,0,0,0,0
72.6864,1783969924.4532,3,1,0.5000,0.4138,1.42233,-0.03160,-2.63742,1.09827,1.57085,0.11671,-0.12757,-0.48152,0.02656,,,,,,,,,,,,,,,,,,,,,,,,,,0,0,0,0,0
72.6887,1783969924.4555,3,1,0.5000,0.4460,1.42233,-0.03160,-2.63742,1.09827,1.57085,0.11671,-0.12757,-0.48152,0.02656,,,,,,,,,,,,,,,,,,,,,,,,,,0,0,0,0,0
72.6891,1783969924.4559,3,1,0.5000,0.4494,1.42233,-0.03160,-2.63742,1.09827,1.57085,0.11671,-0.12757,-0.48152,0.02656,,,,,,,,,,,,,,,,,,,,,,,,,,0,0,0,0,0
72.6903,1783969924.4571,3,1,0.5000,0.4584,1.42233,-0.03160,-2.63742,1.09827,1.57085,0.11671,-0.12757,-0.48152,0.02656,,,,,,,,,,,,,,,,,,,,,,,,,,0,0,0,0,0
72.6908,1783969924.4575,3,1,0.5000,0.4606,1.42233,-0.03160,-2.63742,1.09827,1.57085,0.11671,-0.12757,-0.48152,0.02656,,,,,,,,,,,,,,,,,,,,,,,,,,0,0,0,0,0
72.6930,1783969924.4598,3,1,0.5000,0.4601,1.42233,-0.03160,-2.63742,1.09827,1.57085,0.11671,-0.12757,-0.48152,0.02656,,,,,,,,,,,,,,,,,,,,,,,,,,0,0,0,0,0
72.6935,1783969924.4602,3,1,0.5000,0.4714,1.42233,-0.03160,-2.63742,1.09827,1.57085,0.11671,-0.12757,-0.48152,0.02656,,,,,,,,,,,,,,,,,,,,,,,,,,0,0,0,0,0
72.7104,1783969924.4772,3,1,0.5000,0.4631,1.42233,-0.03160,-2.63742,1.09827,1.57085,0.11671,-0.12757,-0.48152,0.02656,,,,,,,,,,,,,,,,,,,,,,,,,,0,0,0,0,0
72.7120,1783969924.4787,3,1,0.5000,0.4653,1.42233,-0.03160,-2.63742,1.09827,1.57085,0.11671,-0.12757,-0.48152,0.02656,,,,,,,,,,,,,,,,,,,,,,,,,,0,0,0,0,0
72.7123,1783969924.4790,3,1,0.5000,0.4583,1.42233,-0.03160,-2.63742,1.09827,1.57085,0.11671,-0.12757,-0.48152,0.02656,,,,,,,,,,,,,,,,,,,,,,,,,,0,0,0,0,0
72.7204,1783969924.4872,3,1,0.5000,0.4457,1.42233,-0.03160,-2.63742,1.09827,1.57085,0.11671,-0.12757,-0.48152,0.02656,,,,,,,,,,,,,,,,,,,,,,,,,,0,0,0,0,0
72.7208,1783969924.4876,3,1,0.5000,0.4513,1.42233,-0.03160,-2.63742,1.09827,1.57085,0.11671,-0.12757,-0.48152,0.02656,,,,,,,,,,,,,,,,,,,,,,,,,,0,0,0,0,0
72.7339,1783969924.5007,3,1,0.5000,0.4650,1.42233,-0.03161,-2.63742,1.09827,1.57085,0.11671,-0.12757,-0.48152,0.02655,,,,,,,,,,,,,,,,,,,,,,,,,,0,0,0,0,0
72.7525,1783969924.5193,3,1,0.5000,0.5499,1.42233,-0.03161,-2.63742,1.09827,1.57085,0.11671,-0.12757,-0.48152,0.02655,,,,,,,,,,,,,,,,,,,,,,,,,,0,0,0,0,0
72.7546,1783969924.5214,3,1,0.5000,0.5549,1.42233,-0.03161,-2.63742,1.09827,1.57085,0.11671,-0.12757,-0.48152,0.02655,,,,,,,,,,,,,,,,,,,,,,,,,,0,0,0,0,0
72.7549,1783969924.5217,3,1,0.5000,0.5394,1.42233,-0.03161,-2.63742,1.09827,1.57085,0.11671,-0.12757,-0.48152,0.02655,,,,,,,,,,,,,,,,,,,,,,,,,,0,0,0,0,0
72.7658,1783969924.5326,3,1,0.5000,0.5343,1.42233,-0.03161,-2.63742,1.09827,1.57085,0.11671,-0.12757,-0.48152,0.02655,,,,,,,,,,,,,,,,,,,,,,,,,,0,0,0,0,0
72.7718,1783969924.5386,3,1,0.5000,0.5251,1.42233,-0.03161,-2.63742,1.09827,1.57085,0.11671,-0.12757,-0.48152,0.02655,,,,,,,,,,,,,,,,,,,,,,,,,,0,0,0,0,0
72.7722,1783969924.5390,3,1,0.5000,0.5244,1.42233,-0.03161,-2.63742,1.09827,1.57085,0.11671,-0.12757,-0.48152,0.02655,,,,,,,,,,,,,,,,,,,,,,,,,,0,0,0,0,0
72.7841,1783969924.5509,3,1,0.5000,0.4449,1.42233,-0.03161,-2.63742,1.09827,1.57085,0.11671,-0.12757,-0.48152,0.02655,,,,,,,,,,,,,,,,,,,,,,,,,,0,0,0,0,0
72.7917,1783969924.5585,3,1,0.5000,0.4069,1.42233,-0.03161,-2.63742,1.09827,1.57085,0.11671,-0.12757,-0.48152,0.02655,,,,,,,,,,,,,,,,,,,,,,,,,,0,0,0,0,0
72.8039,1783969924.5707,3,1,0.5000,0.3928,1.42233,-0.03161,-2.63742,1.09827,1.57085,0.11671,-0.12757,-0.48152,0.02655,,,,,,,,,,,,,,,,,,,,,,,,,,0,0,0,0,0
72.8131,1783969924.5799,3,1,0.5000,0.4156,1.42233,-0.03161,-2.63742,1.09827,1.57085,0.11671,-0.12757,-0.48152,0.02655,,,,,,,,,,,,,,,,,,,,,,,,,,0,0,0,0,0
72.8135,1783969924.5803,3,1,0.5000,0.4282,1.42233,-0.03161,-2.63742,1.09827,1.57085,0.11671,-0.12757,-0.48152,0.02655,,,,,,,,,,,,,,,,,,,,,,,,,,0,0,0,0,0
72.8222,1783969924.5890,3,1,0.5000,0.4337,1.42233,-0.03161,-2.63742,1.09827,1.57085,0.11671,-0.12757,-0.48152,0.02655,,,,,,,,,,,,,,,,,,,,,,,,,,0,0,0,0,0
72.8358,1783969924.6026,3,1,0.5000,0.4374,1.42233,-0.03161,-2.63742,1.09827,1.57085,0.11671,-0.12757,-0.48152,0.02655,,,,,,,,,,,,,,,,,,,,,,,,,,0,0,0,0,0
72.8409,1783969924.6077,3,1,0.5000,0.4389,1.42233,-0.03161,-2.63742,1.09827,1.57085,0.11671,-0.12757,-0.48152,0.02655,,,,,,,,,,,,,,,,,,,,,,,,,,0,0,0,0,0
72.8412,1783969924.6080,3,1,0.5000,0.4468,1.42233,-0.03161,-2.63742,1.09827,1.57085,0.11671,-0.12757,-0.48152,0.02655,,,,,,,,,,,,,,,,,,,,,,,,,,0,0,0,0,0
72.8540,1783969924.6208,3,1,0.5000,0.4563,1.42233,-0.03161,-2.63742,1.09827,1.57085,0.11671,-0.12757,-0.48152,0.02655,,,,,,,,,,,,,,,,,,,,,,,,,,0,0,0,0,0
72.8617,1783969924.6285,3,1,0.5000,0.4707,1.42233,-0.03161,-2.63742,1.09827,1.57085,0.11671,-0.12757,-0.48152,0.02655,,,,,,,,,,,,,,,,,,,,,,,,,,0,0,0,0,0
72.8777,1783969924.6445,3,1,0.5000,0.4793,1.42233,-0.03161,-2.63742,1.09827,1.57085,0.11671,-0.12757,-0.48152,0.02655,,,,,,,,,,,,,,,,,,,,,,,,,,0,0,0,0,0
72.8832,1783969924.6499,3,1,0.5000,0.4782,1.42233,-0.03161,-2.63742,1.09827,1.57085,0.11671,-0.12757,-0.48152,0.02655,,,,,,,,,,,,,,,,,,,,,,,,,,0,0,0,0,0
72.8932,1783969924.6600,3,1,0.5000,0.4915,1.42233,-0.03161,-2.63742,1.09827,1.57085,0.11671,-0.12757,-0.48152,0.02655,,,,,,,,,,,,,,,,,,,,,,,,,,0,0,0,0,0
72.9159,1783969924.6827,3,1,0.5000,0.4802,1.42233,-0.03161,-2.63742,1.09827,1.57085,0.11671,-0.12757,-0.48152,0.02655,,,,,,,,,,,,,,,,,,,,,,,,,,0,0,0,0,0
72.9162,1783969924.6830,3,1,0.5000,0.4733,1.42233,-0.03161,-2.63742,1.09827,1.57085,0.11671,-0.12757,-0.48152,0.02655,,,,,,,,,,,,,,,,,,,,,,,,,,0,0,0,0,0
72.9171,1783969924.6839,3,1,0.5000,0.4709,1.42233,-0.03161,-2.63742,1.09827,1.57085,0.11671,-0.12757,-0.48152,0.02655,,,,,,,,,,,,,,,,,,,,,,,,,,0,0,0,0,0
72.9174,1783969924.6841,3,1,0.5000,0.4561,1.42233,-0.03161,-2.63742,1.09827,1.57085,0.11671,-0.12757,-0.48152,0.02655,,,,,,,,,,,,,,,,,,,,,,,,,,0,0,0,0,0
72.9247,1783969924.6915,3,1,0.5000,0.4265,1.42233,-0.03161,-2.63742,1.09827,1.57085,0.11671,-0.12757,-0.48152,0.02655,,,,,,,,,,,,,,,,,,,,,,,,,,0,0,0,0,0
72.9251,1783969924.6919,3,1,0.5000,0.4286,1.42233,-0.03161,-2.63742,1.09827,1.57085,0.11671,-0.12757,-0.48152,0.02655,,,,,,,,,,,,,,,,,,,,,,,,,,0,0,0,0,0
72.9340,1783969924.7008,3,1,0.5000,0.4128,1.42233,-0.03161,-2.63742,1.09827,1.57085,0.11671,-0.12757,-0.48152,0.02655,,,,,,,,,,,,,,,,,,,,,,,,,,0,0,0,0,0
72.9343,1783969924.7011,3,1,0.5000,0.4078,1.42233,-0.03161,-2.63742,1.09827,1.57085,0.11671,-0.12757,-0.48152,0.02655,,,,,,,,,,,,,,,,,,,,,,,,,,0,0,0,0,0
72.9419,1783969924.7087,3,1,0.5000,0.3886,1.42233,-0.03161,-2.63742,1.09827,1.57085,0.11671,-0.12757,-0.48152,0.02655,,,,,,,,,,,,,,,,,,,,,,,,,,0,0,0,0,0
72.9423,1783969924.7091,3,1,0.5000,0.3949,1.42233,-0.03161,-2.63742,1.09827,1.57085,0.11671,-0.12757,-0.48152,0.02655,,,,,,,,,,,,,,,,,,,,,,,,,,0,0,0,0,0
72.9554,1783969924.7222,3,1,0.5000,0.4052,1.42233,-0.03161,-2.63742,1.09827,1.57085,0.11671,-0.12757,-0.48152,0.02655,,,,,,,,,,,,,,,,,,,,,,,,,,0,0,0,0,0
72.9557,1783969924.7225,3,1,0.5000,0.4133,1.42233,-0.03161,-2.63742,1.09827,1.57085,0.11671,-0.12757,-0.48152,0.02655,,,,,,,,,,,,,,,,,,,,,,,,,,0,0,0,0,0
72.9604,1783969924.7272,3,1,0.5000,0.4290,1.42233,-0.03161,-2.63742,1.09827,1.57085,0.11671,-0.12757,-0.48152,0.02655,,,,,,,,,,,,,,,,,,,,,,,,,,0,0,0,0,0
72.9608,1783969924.7276,3,1,0.5000,0.4304,1.42233,-0.03161,-2.63742,1.09827,1.57085,0.11671,-0.12757,-0.48152,0.02655,,,,,,,,,,,,,,,,,,,,,,,,,,0,0,0,0,0
72.9750,1783969924.7418,3,1,0.5000,0.4289,1.42233,-0.03161,-2.63742,1.09827,1.57085,0.11671,-0.12757,-0.48152,0.02655,,,,,,,,,,,,,,,,,,,,,,,,,,0,0,0,0,0
72.9829,1783969924.7497,3,1,0.5000,0.4284,1.42233,-0.03161,-2.63742,1.09827,1.57085,0.11671,-0.12757,-0.48152,0.02655,,,,,,,,,,,,,,,,,,,,,,,,,,0,0,0,0,0
72.9941,1783969924.7608,3,1,0.5000,0.4439,1.42233,-0.03161,-2.63742,1.09827,1.57085,0.11671,-0.12757,-0.48152,0.02655,,,,,,,,,,,,,,,,,,,,,,,,,,0,0,0,0,0
73.0025,1783969924.7693,3,1,0.5000,0.4277,1.42233,-0.03161,-2.63742,1.09827,1.57085,0.11671,-0.12757,-0.48152,0.02655,,,,,,,,,,,,,,,,,,,,,,,,,,0,0,0,0,0
73.0153,1783969924.7821,3,1,0.5000,0.4324,1.42233,-0.03161,-2.63742,1.09827,1.57085,0.11671,-0.12757,-0.48152,0.02655,,,,,,,,,,,,,,,,,,,,,,,,,,0,0,0,0,0
73.0315,1783969924.7982,3,1,0.5000,0.4446,1.42233,-0.03161,-2.63742,1.09827,1.57085,0.11671,-0.12757,-0.48152,0.02655,,,,,,,,,,,,,,,,,,,,,,,,,,0,0,0,0,0
73.0380,1783969924.8048,3,1,0.5000,0.4576,1.42233,-0.03161,-2.63742,1.09827,1.57085,0.11671,-0.12757,-0.48152,0.02655,,,,,,,,,,,,,,,,,,,,,,,,,,0,0,0,0,0
73.0386,1783969924.8053,3,1,0.5000,0.4537,1.42233,-0.03161,-2.63742,1.09827,1.57085,0.11671,-0.12757,-0.48152,0.02655,,,,,,,,,,,,,,,,,,,,,,,,,,0,0,0,0,0
73.0474,1783969924.8142,3,1,0.5000,0.4543,1.42233,-0.03161,-2.63742,1.09827,1.57085,0.11671,-0.12757,-0.48152,0.02655,,,,,,,,,,,,,,,,,,,,,,,,,,0,0,0,0,0
73.0539,1783969924.8207,3,1,0.5000,0.4374,1.42233,-0.03161,-2.63742,1.09827,1.57085,0.11671,-0.12757,-0.48152,0.02655,,,,,,,,,,,,,,,,,,,,,,,,,,0,0,0,0,0
73.0624,1783969924.8291,3,1,0.5000,0.3986,1.42233,-0.03161,-2.63742,1.09827,1.57085,0.11671,-0.12757,-0.48152,0.02655,,,,,,,,,,,,,,,,,,,,,,,,,,0,0,0,0,0
73.0789,1783969924.8456,3,2,0.5000,0.3651,1.42233,-0.03161,-2.63742,1.09827,1.57085,0.11671,-0.12757,-0.48152,0.02655,,,,,,,,,,,,,,,,,,,,,,,,,,0,0,0,0,0
73.0830,1783969924.8498,3,2,0.5000,0.3757,1.42233,-0.03161,-2.63742,1.09827,1.57085,0.11671,-0.12757,-0.48152,0.02655,,,,,,,,,,,,,,,,,,,,,,,,,,0,0,0,0,0
73.0969,1783969924.8637,3,2,0.5000,0.4184,1.42233,-0.03161,-2.63742,1.09827,1.57085,0.11671,-0.12757,-0.48152,0.02655,,,,,,,,,,,,,,,,,,,,,,,,,,0,0,0,0,0
73.1022,1783969924.8690,3,2,0.5000,0.4286,1.42233,-0.03161,-2.63742,1.09827,1.57085,0.11671,-0.12757,-0.48152,0.02655,,,,,,,,,,,,,,,,,,,,,,,,,,0,0,0,0,0
73.1027,1783969924.8695,3,2,0.5000,0.4144,1.42233,-0.03161,-2.63742,1.09827,1.57085,0.11671,-0.12757,-0.48152,0.02655,,,,,,,,,,,,,,,,,,,,,,,,,,0,0,0,0,0
73.1113,1783969924.8781,3,2,0.5000,0.4196,1.42233,-0.03161,-2.63742,1.09827,1.57085,0.11671,-0.12757,-0.48152,0.02655,,,,,,,,,,,,,,,,,,,,,,,,,,0,0,0,0,0
73.1219,1783969924.8886,3,2,0.5000,0.4294,1.42233,-0.03161,-2.63742,1.09827,1.57085,0.11671,-0.12757,-0.48152,0.02655,,,,,,,,,,,,,,,,,,,,,,,,,,0,0,0,0,0
73.1337,1783969924.9005,3,2,0.5000,0.4146,1.42233,-0.03161,-2.63742,1.09827,1.57085,0.11671,-0.12757,-0.48152,0.02655,,,,,,,,,,,,,,,,,,,,,,,,,,0,0,0,0,0
73.1419,1783969924.9087,3,2,0.5000,0.4191,1.42233,-0.03161,-2.63742,1.09827,1.57085,0.11671,-0.12757,-0.48152,0.02655,,,,,,,,,,,,,,,,,,,,,,,,,,0,0,0,0,0
73.1514,1783969924.9182,3,2,0.5000,0.4227,1.42233,-0.03161,-2.63742,1.09827,1.57085,0.11671,-0.12757,-0.48152,0.02655,,,,,,,,,,,,,,,,,,,,,,,,,,0,0,0,0,0
73.1607,1783969924.9275,3,2,0.5000,0.4358,1.42233,-0.03161,-2.63742,1.09827,1.57085,0.11671,-0.12757,-0.48152,0.02655,,,,,,,,,,,,,,,,,,,,,,,,,,0,0,0,0,0
73.1611,1783969924.9279,3,2,0.5000,0.4291,1.42233,-0.03161,-2.63742,1.09827,1.57085,0.11671,-0.12757,-0.48152,0.02655,,,,,,,,,,,,,,,,,,,,,,,,,,0,0,0,0,0
73.1859,1783969924.9526,3,2,0.5000,0.4077,1.42233,-0.03161,-2.63742,1.09827,1.57085,0.11671,-0.12757,-0.48152,0.02655,,,,,,,,,,,,,,,,,,,,,,,,,,0,0,0,0,0
73.1991,1783969924.9659,3,2,0.5000,0.3998,1.42233,-0.03161,-2.63742,1.09827,1.57085,0.11671,-0.12757,-0.48152,0.02655,,,,,,,,,,,,,,,,,,,,,,,,,,0,0,0,0,0
73.1994,1783969924.9661,3,2,0.5000,0.3963,1.42233,-0.03161,-2.63742,1.09827,1.57085,0.11671,-0.12757,-0.48152,0.02655,,,,,,,,,,,,,,,,,,,,,,,,,,0,0,0,0,0
73.2041,1783969924.9709,3,2,0.5000,0.4061,1.42233,-0.03161,-2.63742,1.09827,1.57085,0.11671,-0.12757,-0.48152,0.02655,,,,,,,,,,,,,,,,,,,,,,,,,,0,0,0,0,0
73.2046,1783969924.9714,3,2,0.5000,0.4048,1.42233,-0.03161,-2.63742,1.09827,1.57085,0.11671,-0.12757,-0.48152,0.02655,,,,,,,,,,,,,,,,,,,,,,,,,,0,0,0,0,0
73.2052,1783969924.9720,3,2,0.5000,0.3880,1.42233,-0.03161,-2.63742,1.09827,1.57085,0.11671,-0.12757,-0.48152,0.02655,,,,,,,,,,,,,,,,,,,,,,,,,,0,0,0,0,0
73.2059,1783969924.9727,3,2,0.5000,0.3905,1.42233,-0.03161,-2.63742,1.09827,1.57085,0.11671,-0.12757,-0.48152,0.02655,,,,,,,,,,,,,,,,,,,,,,,,,,0,0,0,0,0
73.2261,1783969924.9929,3,2,0.5000,0.4072,1.42233,-0.03161,-2.63742,1.09827,1.57085,0.11671,-0.12757,-0.48152,0.02655,,,,,,,,,,,,,,,,,,,,,,,,,,0,0,0,0,0
73.2356,1783969925.0023,3,2,0.5000,0.4197,1.42233,-0.03161,-2.63742,1.09827,1.57085,0.11671,-0.12757,-0.48152,0.02655,,,,,,,,,,,,,,,,,,,,,,,,,,0,0,0,0,0
73.2358,1783969925.0026,3,2,0.5000,0.4178,1.42233,-0.03161,-2.63742,1.09827,1.57085,0.11671,-0.12757,-0.48152,0.02655,,,,,,,,,,,,,,,,,,,,,,,,,,0,0,0,0,0
73.2411,1783969925.0078,3,2,0.5000,0.4170,1.42233,-0.03161,-2.63742,1.09827,1.57085,0.11671,-0.12757,-0.48152,0.02655,,,,,,,,,,,,,,,,,,,,,,,,,,0,0,0,0,0
73.2418,1783969925.0085,3,2,0.5000,0.4335,1.42233,-0.03161,-2.63742,1.09827,1.57085,0.11671,-0.12757,-0.48152,0.02655,,,,,,,,,,,,,,,,,,,,,,,,,,0,0,0,0,0
73.2588,1783969925.0256,3,2,0.5000,0.4535,1.42233,-0.03161,-2.63742,1.09827,1.57085,0.11671,-0.12757,-0.48152,0.02655,,,,,,,,,,,,,,,,,,,,,,,,,,0,0,0,0,0
73.2666,1783969925.0334,3,2,0.5000,0.4464,1.42233,-0.03161,-2.63742,1.09827,1.57085,0.11671,-0.12757,-0.48152,0.02655,,,,,,,,,,,,,,,,,,,,,,,,,,0,0,0,0,0
73.2784,1783969925.0452,3,2,0.5000,0.4390,1.42233,-0.03161,-2.63742,1.09827,1.57085,0.11671,-0.12757,-0.48152,0.02655,,,,,,,,,,,,,,,,,,,,,,,,,,0,0,0,0,0
73.2830,1783969925.0497,3,2,0.5000,0.3966,1.42233,-0.03161,-2.63742,1.09827,1.57085,0.11671,-0.12757,-0.48152,0.02655,,,,,,,,,,,,,,,,,,,,,,,,,,0,0,0,0,0
73.3010,1783969925.0678,3,2,0.5000,0.4133,1.42233,-0.03161,-2.63742,1.09827,1.57085,0.11671,-0.12757,-0.48152,0.02655,,,,,,,,,,,,,,,,,,,,,,,,,,0,0,0,0,0
73.3039,1783969925.0707,3,2,0.5000,0.3778,1.42233,-0.03161,-2.63742,1.09827,1.57085,0.11671,-0.12757,-0.48152,0.02655,,,,,,,,,,,,,,,,,,,,,,,,,,0,0,0,0,0
73.3113,1783969925.0780,3,2,0.5000,0.3768,1.42233,-0.03161,-2.63742,1.09827,1.57085,0.11671,-0.12757,-0.48152,0.02655,,,,,,,,,,,,,,,,,,,,,,,,,,0,0,0,0,0
73.3220,1783969925.0888,3,2,0.5000,0.3700,1.42233,-0.03161,-2.63742,1.09827,1.57085,0.11671,-0.12757,-0.48152,0.02655,,,,,,,,,,,,,,,,,,,,,,,,,,0,0,0,0,0
73.3319,1783969925.0987,3,2,0.5000,0.3423,1.42233,-0.03161,-2.63742,1.09827,1.57085,0.11671,-0.12757,-0.48152,0.02655,,,,,,,,,,,,,,,,,,,,,,,,,,0,0,0,0,0
73.3428,1783969925.1096,3,2,0.5000,0.3442,1.42233,-0.03161,-2.63742,1.09827,1.57085,0.11671,-0.12757,-0.48152,0.02655,,,,,,,,,,,,,,,,,,,,,,,,,,0,0,0,0,0
73.3512,1783969925.1180,3,2,0.5000,0.3582,1.42233,-0.03161,-2.63742,1.09827,1.57085,0.11671,-0.12757,-0.48152,0.02655,,,,,,,,,,,,,,,,,,,,,,,,,,0,0,0,0,0
73.3619,1783969925.1286,3,2,0.5000,0.3827,1.42233,-0.03161,-2.63742,1.09827,1.57085,0.11671,-0.12757,-0.48152,0.02655,,,,,,,,,,,,,,,,,,,,,,,,,,0,0,0,0,0
73.3623,1783969925.1291,3,2,0.5000,0.3880,1.42233,-0.03161,-2.63742,1.09827,1.57085,0.11671,-0.12757,-0.48152,0.02655,,,,,,,,,,,,,,,,,,,,,,,,,,0,0,0,0,0
73.3724,1783969925.1392,3,2,0.5000,0.4508,1.42233,-0.03161,-2.63742,1.09827,1.57085,0.11671,-0.12757,-0.48152,0.02655,,,,,,,,,,,,,,,,,,,,,,,,,,0,0,0,0,0
73.3986,1783969925.1654,3,2,0.5000,0.4746,1.42233,-0.03161,-2.63742,1.09827,1.57085,0.11671,-0.12757,-0.48152,0.02655,,,,,,,,,,,,,,,,,,,,,,,,,,0,0,0,0,0
73.3991,1783969925.1658,3,2,0.5000,0.4476,1.42233,-0.03161,-2.63742,1.09827,1.57085,0.11671,-0.12757,-0.48152,0.02655,,,,,,,,,,,,,,,,,,,,,,,,,,0,0,0,0,0
73.4067,1783969925.1735,3,2,0.5000,0.4361,1.42233,-0.03161,-2.63742,1.09827,1.57085,0.11671,-0.12757,-0.48152,0.02655,,,,,,,,,,,,,,,,,,,,,,,,,,0,0,0,0,0
73.4108,1783969925.1776,3,2,0.5000,0.3663,1.42233,-0.03161,-2.63742,1.09827,1.57085,0.11671,-0.12757,-0.48152,0.02655,,,,,,,,,,,,,,,,,,,,,,,,,,0,0,0,0,0
73.4145,1783969925.1813,3,2,0.5000,0.3823,1.42233,-0.03161,-2.63742,1.09827,1.57085,0.11671,-0.12757,-0.48152,0.02655,,,,,,,,,,,,,,,,,,,,,,,,,,0,0,0,0,0
73.4269,1783969925.1937,3,2,0.5000,0.3958,1.42233,-0.03161,-2.63742,1.09827,1.57085,0.11671,-0.12757,-0.48152,0.02655,,,,,,,,,,,,,,,,,,,,,,,,,,0,0,0,0,0
73.4344,1783969925.2012,3,2,0.5000,0.3999,1.42233,-0.03161,-2.63742,1.09827,1.57085,0.11671,-0.12757,-0.48152,0.02655,,,,,,,,,,,,,,,,,,,,,,,,,,0,0,0,0,0
73.4435,1783969925.2103,3,2,0.5000,0.4024,1.42233,-0.03161,-2.63742,1.09827,1.57085,0.11671,-0.12757,-0.48152,0.02655,,,,,,,,,,,,,,,,,,,,,,,,,,0,0,0,0,0
73.4563,1783969925.2231,3,2,0.5000,0.3932,1.42233,-0.03161,-2.63742,1.09827,1.57085,0.11671,-0.12757,-0.48152,0.02655,,,,,,,,,,,,,,,,,,,,,,,,,,0,0,0,0,0
73.4659,1783969925.2327,3,2,0.5000,0.3755,1.42233,-0.03161,-2.63742,1.09827,1.57085,0.11671,-0.12757,-0.48152,0.02655,,,,,,,,,,,,,,,,,,,,,,,,,,0,0,0,0,0
73.4784,1783969925.2452,3,2,0.5000,0.3514,1.42233,-0.03161,-2.63742,1.09827,1.57085,0.11671,-0.12757,-0.48152,0.02655,,,,,,,,,,,,,,,,,,,,,,,,,,0,0,0,0,0
73.4789,1783969925.2457,3,2,0.5000,0.3560,1.42233,-0.03161,-2.63742,1.09827,1.57085,0.11671,-0.12757,-0.48152,0.02655,,,,,,,,,,,,,,,,,,,,,,,,,,0,0,0,0,0
73.4863,1783969925.2531,3,2,0.5000,0.3547,1.42233,-0.03161,-2.63742,1.09827,1.57085,0.11671,-0.12757,-0.48152,0.02655,,,,,,,,,,,,,,,,,,,,,,,,,,0,0,0,0,0
73.4865,1783969925.2533,3,2,0.5000,0.3509,1.42233,-0.03161,-2.63742,1.09827,1.57085,0.11671,-0.12757,-0.48152,0.02655,,,,,,,,,,,,,,,,,,,,,,,,,,0,0,0,0,0
73.4962,1783969925.2630,3,2,0.5000,0.3721,1.42233,-0.03161,-2.63742,1.09827,1.57085,0.11671,-0.12757,-0.48152,0.02655,,,,,,,,,,,,,,,,,,,,,,,,,,0,0,0,0,0
73.5154,1783969925.2822,3,2,0.5000,0.3828,1.42233,-0.03161,-2.63742,1.09827,1.57085,0.11671,-0.12757,-0.48152,0.02655,,,,,,,,,,,,,,,,,,,,,,,,,,0,0,0,0,0
73.5158,1783969925.2826,3,2,0.5000,0.3948,1.42233,-0.03161,-2.63742,1.09827,1.57085,0.11671,-0.12757,-0.48152,0.02655,,,,,,,,,,,,,,,,,,,,,,,,,,0,0,0,0,0
73.5211,1783969925.2879,3,2,0.5000,0.4426,1.42233,-0.03161,-2.63742,1.09827,1.57085,0.11671,-0.12757,-0.48152,0.02655,,,,,,,,,,,,,,,,,,,,,,,,,,0,0,0,0,0
73.5218,1783969925.2886,3,2,0.5000,0.4484,1.42233,-0.03161,-2.63742,1.09827,1.57085,0.11671,-0.12757,-0.48152,0.02655,,,,,,,,,,,,,,,,,,,,,,,,,,0,0,0,0,0
73.5274,1783969925.2942,3,2,0.5000,0.4620,1.42233,-0.03161,-2.63742,1.09827,1.57085,0.11671,-0.12757,-0.48152,0.02655,,,,,,,,,,,,,,,,,,,,,,,,,,0,0,0,0,0
73.5330,1783969925.2998,3,2,0.5000,0.4600,1.42233,-0.03161,-2.63742,1.09827,1.57085,0.11671,-0.12757,-0.48152,0.02655,,,,,,,,,,,,,,,,,,,,,,,,,,0,0,0,0,0
73.5333,1783969925.3001,3,2,0.5000,0.4369,1.42233,-0.03161,-2.63742,1.09827,1.57085,0.11671,-0.12757,-0.48152,0.02655,,,,,,,,,,,,,,,,,,,,,,,,,,0,0,0,0,0
73.5426,1783969925.3094,3,2,0.5000,0.4287,1.42233,-0.03161,-2.63742,1.09827,1.57085,0.11671,-0.12757,-0.48152,0.02655,,,,,,,,,,,,,,,,,,,,,,,,,,0,0,0,0,0
73.5428,1783969925.3096,3,2,0.5000,0.4270,1.42233,-0.03161,-2.63742,1.09827,1.57085,0.11671,-0.12757,-0.48152,0.02655,,,,,,,,,,,,,,,,,,,,,,,,,,0,0,0,0,0
73.5508,1783969925.3176,3,2,0.5000,0.3906,1.42233,-0.03161,-2.63742,1.09827,1.57085,0.11671,-0.12757,-0.48152,0.02655,,,,,,,,,,,,,,,,,,,,,,,,,,0,0,0,0,0
73.6790,1783969925.4458,3,2,0.5000,0.3896,1.42233,-0.03161,-2.63742,1.09827,1.57085,0.11671,-0.12757,-0.48152,0.02655,,,,,,,,,,,,,,,,,,,,,,,,,,0,0,0,0,0
73.6890,1783969925.4558,3,2,0.5000,0.3747,1.42233,-0.03161,-2.63742,1.09827,1.57085,0.11671,-0.12757,-0.48152,0.02655,,,,,,,,,,,,,,,,,,,,,,,,,,0,0,0,0,0
73.6898,1783969925.4566,3,2,0.5000,0.3657,1.42233,-0.03161,-2.63742,1.09827,1.57085,0.11671,-0.12757,-0.48152,0.02655,,,,,,,,,,,,,,,,,,,,,,,,,,0,0,0,0,0
73.6899,1783969925.4567,3,2,0.5000,0.3629,1.42233,-0.03161,-2.63742,1.09827,1.57085,0.11671,-0.12757,-0.48152,0.02655,,,,,,,,,,,,,,,,,,,,,,,,,,0,0,0,0,0
73.6916,1783969925.4584,3,2,0.5000,0.3598,1.42233,-0.03161,-2.63742,1.09827,1.57085,0.11671,-0.12757,-0.48152,0.02655,,,,,,,,,,,,,,,,,,,,,,,,,,0,0,0,0,0
73.6983,1783969925.4651,3,2,0.5000,0.3752,1.42233,-0.03161,-2.63742,1.09828,1.57085,0.11671,-0.12757,-0.48152,0.02655,,,,,,,,,,,,,,,,,,,,,,,,,,0,0,0,0,0
73.6988,1783969925.4655,3,2,0.5000,0.5328,1.42233,-0.03161,-2.63742,1.09828,1.57085,0.11671,-0.12757,-0.48152,0.02655,,,,,,,,,,,,,,,,,,,,,,,,,,0,0,0,0,0
73.6993,1783969925.4661,3,2,0.5000,0.4564,1.42233,-0.03161,-2.63742,1.09828,1.57085,0.11671,-0.12757,-0.48152,0.02655,,,,,,,,,,,,,,,,,,,,,,,,,,0,0,0,0,0
73.6997,1783969925.4665,3,2,0.5000,0.4247,1.42233,-0.03161,-2.63742,1.09828,1.57085,0.11671,-0.12757,-0.48152,0.02655,,,,,,,,,,,,,,,,,,,,,,,,,,0,0,0,0,0
73.7141,1783969925.4809,3,2,0.5000,0.4405,1.42233,-0.03161,-2.63742,1.09828,1.57085,0.11671,-0.12757,-0.48152,0.02655,,,,,,,,,,,,,,,,,,,,,,,,,,0,0,0,0,0
73.7149,1783969925.4817,3,2,0.5000,0.4433,1.42233,-0.03161,-2.63742,1.09828,1.57085,0.11671,-0.12757,-0.48152,0.02655,,,,,,,,,,,,,,,,,,,,,,,,,,0,0,0,0,0
73.7153,1783969925.4821,3,2,0.5000,0.4555,1.42233,-0.03161,-2.63742,1.09828,1.57085,0.11671,-0.12757,-0.48152,0.02655,,,,,,,,,,,,,,,,,,,,,,,,,,0,0,0,0,0
73.7158,1783969925.4825,3,2,0.5000,0.4559,1.42233,-0.03161,-2.63742,1.09828,1.57085,0.11671,-0.12757,-0.48152,0.02655,,,,,,,,,,,,,,,,,,,,,,,,,,0,0,0,0,0
73.7316,1783969925.4984,3,2,0.5000,0.4425,1.42233,-0.03161,-2.63742,1.09828,1.57085,0.11671,-0.12757,-0.48152,0.02655,,,,,,,,,,,,,,,,,,,,,,,,,,0,0,0,0,0
73.7356,1783969925.5024,3,2,0.5000,0.4194,1.42233,-0.03161,-2.63742,1.09828,1.57085,0.11671,-0.12757,-0.48152,0.02655,,,,,,,,,,,,,,,,,,,,,,,,,,0,0,0,0,0
73.7419,1783969925.5087,3,2,0.5000,0.4327,1.42233,-0.03161,-2.63742,1.09828,1.57085,0.11671,-0.12757,-0.48152,0.02655,,,,,,,,,,,,,,,,,,,,,,,,,,0,0,0,0,0
73.7546,1783969925.5214,3,2,0.5000,0.4489,1.42233,-0.03161,-2.63742,1.09828,1.57085,0.11671,-0.12757,-0.48152,0.02655,,,,,,,,,,,,,,,,,,,,,,,,,,0,0,0,0,0
73.7611,1783969925.5278,3,2,0.5000,0.4743,1.42233,-0.03161,-2.63742,1.09828,1.57085,0.11671,-0.12757,-0.48152,0.02655,,,,,,,,,,,,,,,,,,,,,,,,,,0,0,0,0,0
73.7614,1783969925.5282,3,2,0.5000,0.5290,1.42233,-0.03161,-2.63742,1.09828,1.57085,0.11671,-0.12757,-0.48152,0.02655,,,,,,,,,,,,,,,,,,,,,,,,,,0,0,0,0,0
73.7731,1783969925.5399,3,2,0.5000,0.5648,1.42233,-0.03161,-2.63742,1.09828,1.57085,0.11671,-0.12757,-0.48152,0.02655,,,,,,,,,,,,,,,,,,,,,,,,,,0,0,0,0,0
73.7859,1783969925.5526,3,2,0.5000,0.5448,1.42233,-0.03161,-2.63742,1.09828,1.57085,0.11671,-0.12757,-0.48152,0.02655,,,,,,,,,,,,,,,,,,,,,,,,,,0,0,0,0,0
73.7910,1783969925.5577,3,2,0.5000,0.5329,1.42233,-0.03161,-2.63742,1.09828,1.57085,0.11671,-0.12757,-0.48152,0.02655,,,,,,,,,,,,,,,,,,,,,,,,,,0,0,0,0,0
73.8021,1783969925.5689,3,2,0.5000,0.5083,1.42233,-0.03161,-2.63742,1.09828,1.57085,0.11671,-0.12757,-0.48152,0.02655,,,,,,,,,,,,,,,,,,,,,,,,,,0,0,0,0,0
73.8149,1783969925.5816,3,2,0.5000,0.5003,1.42233,-0.03161,-2.63742,1.09828,1.57085,0.11671,-0.12757,-0.48152,0.02655,,,,,,,,,,,,,,,,,,,,,,,,,,0,0,0,0,0
73.8209,1783969925.5877,3,2,0.5000,0.4807,1.42233,-0.03161,-2.63742,1.09828,1.57085,0.11671,-0.12757,-0.48152,0.02655,,,,,,,,,,,,,,,,,,,,,,,,,,0,0,0,0,0
73.8340,1783969925.6008,3,2,0.5000,0.4714,1.42233,-0.03161,-2.63742,1.09828,1.57085,0.11671,-0.12757,-0.48152,0.02655,,,,,,,,,,,,,,,,,,,,,,,,,,0,0,0,0,0
73.8445,1783969925.6113,3,2,0.5000,0.4877,1.42233,-0.03161,-2.63742,1.09828,1.57085,0.11671,-0.12757,-0.48152,0.02655,,,,,,,,,,,,,,,,,,,,,,,,,,0,0,0,0,0
73.8523,1783969925.6191,3,2,0.5000,0.4848,1.42233,-0.03161,-2.63742,1.09828,1.57085,0.11671,-0.12757,-0.48152,0.02655,,,,,,,,,,,,,,,,,,,,,,,,,,0,0,0,0,0
73.8526,1783969925.6194,3,2,0.5000,0.4736,1.42233,-0.03161,-2.63742,1.09828,1.57085,0.11671,-0.12757,-0.48152,0.02655,,,,,,,,,,,,,,,,,,,,,,,,,,0,0,0,0,0
73.8638,1783969925.6305,3,2,0.5000,0.4504,1.42233,-0.03161,-2.63742,1.09828,1.57085,0.11671,-0.12757,-0.48152,0.02655,,,,,,,,,,,,,,,,,,,,,,,,,,0,0,0,0,0
73.8758,1783969925.6426,3,2,0.5000,0.4387,1.42233,-0.03161,-2.63742,1.09828,1.57085,0.11671,-0.12757,-0.48152,0.02655,,,,,,,,,,,,,,,,,,,,,,,,,,0,0,0,0,0
73.8825,1783969925.6492,3,2,0.5000,0.4522,1.42233,-0.03161,-2.63742,1.09828,1.57085,0.11671,-0.12757,-0.48152,0.02655,,,,,,,,,,,,,,,,,,,,,,,,,,0,0,0,0,0
73.8827,1783969925.6495,3,2,0.5000,0.4519,1.42233,-0.03161,-2.63742,1.09828,1.57085,0.11671,-0.12757,-0.48152,0.02655,,,,,,,,,,,,,,,,,,,,,,,,,,0,0,0,0,0
73.8937,1783969925.6604,3,2,0.5000,0.4850,1.42233,-0.03161,-2.63742,1.09828,1.57085,0.11671,-0.12757,-0.48152,0.02655,,,,,,,,,,,,,,,,,,,,,,,,,,0,0,0,0,0
73.9011,1783969925.6679,3,2,0.5000,0.5026,1.42233,-0.03161,-2.63742,1.09828,1.57085,0.11671,-0.12757,-0.48152,0.02655,,,,,,,,,,,,,,,,,,,,,,,,,,0,0,0,0,0
73.9148,1783969925.6816,3,2,0.5000,0.5080,1.42233,-0.03161,-2.63742,1.09828,1.57085,0.11671,-0.12757,-0.48152,0.02655,,,,,,,,,,,,,,,,,,,,,,,,,,0,0,0,0,0
73.9219,1783969925.6887,3,2,0.5000,0.5009,1.42233,-0.03161,-2.63742,1.09828,1.57085,0.11671,-0.12757,-0.48152,0.02655,,,,,,,,,,,,,,,,,,,,,,,,,,0,0,0,0,0
73.9221,1783969925.6889,3,2,0.5000,0.4949,1.42233,-0.03161,-2.63742,1.09828,1.57085,0.11671,-0.12757,-0.48152,0.02655,,,,,,,,,,,,,,,,,,,,,,,,,,0,0,0,0,0
73.9420,1783969925.7087,3,2,0.5000,0.4520,1.42233,-0.03161,-2.63742,1.09828,1.57085,0.11671,-0.12757,-0.48152,0.02655,,,,,,,,,,,,,,,,,,,,,,,,,,0,0,0,0,0
73.9422,1783969925.7090,3,2,0.5000,0.4455,1.42233,-0.03161,-2.63742,1.09828,1.57085,0.11671,-0.12757,-0.48152,0.02655,,,,,,,,,,,,,,,,,,,,,,,,,,0,0,0,0,0
73.9534,1783969925.7202,3,2,0.5000,0.4425,1.42233,-0.03161,-2.63742,1.09828,1.57085,0.11671,-0.12757,-0.48152,0.02655,,,,,,,,,,,,,,,,,,,,,,,,,,0,0,0,0,0
73.9540,1783969925.7207,3,2,0.5000,0.4383,1.42233,-0.03161,-2.63742,1.09828,1.57085,0.11671,-0.12757,-0.48152,0.02655,,,,,,,,,,,,,,,,,,,,,,,,,,0,0,0,0,0
73.9606,1783969925.7274,3,2,0.5000,0.4599,1.42233,-0.03161,-2.63742,1.09828,1.57085,0.11671,-0.12757,-0.48152,0.02655,,,,,,,,,,,,,,,,,,,,,,,,,,0,0,0,0,0
73.9753,1783969925.7421,3,2,0.5000,0.4727,1.42233,-0.03161,-2.63742,1.09828,1.57085,0.11671,-0.12757,-0.48152,0.02655,,,,,,,,,,,,,,,,,,,,,,,,,,0,0,0,0,0
73.9824,1783969925.7491,3,2,0.5000,0.4505,1.42233,-0.03161,-2.63742,1.09828,1.57085,0.11671,-0.12757,-0.48152,0.02655,,,,,,,,,,,,,,,,,,,,,,,,,,0,0,0,0,0
73.9953,1783969925.7621,3,2,0.5000,0.4280,1.42233,-0.03161,-2.63742,1.09828,1.57085,0.11671,-0.12757,-0.48152,0.02655,,,,,,,,,,,,,,,,,,,,,,,,,,0,0,0,0,0
74.0027,1783969925.7695,3,2,0.5000,0.4093,1.42233,-0.03161,-2.63742,1.09828,1.57085,0.11671,-0.12757,-0.48152,0.02655,,,,,,,,,,,,,,,,,,,,,,,,,,0,0,0,0,0
74.0137,1783969925.7805,3,2,0.5000,0.4298,1.42233,-0.03161,-2.63742,1.09828,1.57085,0.11671,-0.12757,-0.48152,0.02655,,,,,,,,,,,,,,,,,,,,,,,,,,0,0,0,0,0
74.0211,1783969925.7879,3,2,0.5000,0.4591,1.42233,-0.03161,-2.63742,1.09828,1.57085,0.11671,-0.12757,-0.48152,0.02655,,,,,,,,,,,,,,,,,,,,,,,,,,0,0,0,0,0
74.0316,1783969925.7984,3,2,0.5000,0.4976,1.42233,-0.03161,-2.63742,1.09828,1.57085,0.11671,-0.12757,-0.48152,0.02655,,,,,,,,,,,,,,,,,,,,,,,,,,0,0,0,0,0
74.0509,1783969925.8176,3,2,0.5000,0.5122,1.42233,-0.03161,-2.63742,1.09828,1.57085,0.11671,-0.12757,-0.48152,0.02655,,,,,,,,,,,,,,,,,,,,,,,,,,0,0,0,0,0
74.0511,1783969925.8179,3,2,0.5000,0.5205,1.42233,-0.03161,-2.63742,1.09828,1.57085,0.11671,-0.12757,-0.48152,0.02655,,,,,,,,,,,,,,,,,,,,,,,,,,0,0,0,0,0
74.0590,1783969925.8258,3,2,0.5000,0.4947,1.42233,-0.03161,-2.63742,1.09828,1.57085,0.11671,-0.12757,-0.48152,0.02655,,,,,,,,,,,,,,,,,,,,,,,,,,0,0,0,0,0
74.0645,1783969925.8313,3,2,0.5000,0.4709,1.42233,-0.03161,-2.63742,1.09828,1.57085,0.11671,-0.12757,-0.48152,0.02655,,,,,,,,,,,,,,,,,,,,,,,,,,0,0,0,0,0
74.0726,1783969925.8393,3,2,0.5000,0.4448,1.42233,-0.03161,-2.63742,1.09828,1.57085,0.11671,-0.12757,-0.48152,0.02655,,,,,,,,,,,,,,,,,,,,,,,,,,0,0,0,0,0
74.0817,1783969925.8485,3,2,0.5000,0.4380,1.42233,-0.03161,-2.63742,1.09828,1.57085,0.11671,-0.12757,-0.48152,0.02655,,,,,,,,,,,,,,,,,,,,,,,,,,0,0,0,0,0
74.0966,1783969925.8634,3,2,0.5000,0.4485,1.42233,-0.03161,-2.63742,1.09828,1.57085,0.11671,-0.12757,-0.48152,0.02655,,,,,,,,,,,,,,,,,,,,,,,,,,0,0,0,0,0
74.1026,1783969925.8694,3,2,0.5000,0.4540,1.42233,-0.03161,-2.63742,1.09828,1.57085,0.11671,-0.12757,-0.48152,0.02655,,,,,,,,,,,,,,,,,,,,,,,,,,0,0,0,0,0
74.1115,1783969925.8783,3,2,0.5000,0.4453,1.42233,-0.03161,-2.63742,1.09828,1.57085,0.11671,-0.12757,-0.48152,0.02655,,,,,,,,,,,,,,,,,,,,,,,,,,0,0,0,0,0
74.1248,1783969925.8916,3,2,0.5000,0.4431,1.42233,-0.03161,-2.63742,1.09828,1.57085,0.11671,-0.12757,-0.48152,0.02655,,,,,,,,,,,,,,,,,,,,,,,,,,0,0,0,0,0
74.1352,1783969925.9020,3,2,0.5000,0.4350,1.42233,-0.03161,-2.63742,1.09828,1.57085,0.11671,-0.12757,-0.48152,0.02655,,,,,,,,,,,,,,,,,,,,,,,,,,0,0,0,0,0
74.1427,1783969925.9095,3,2,0.5000,0.4512,1.42233,-0.03161,-2.63742,1.09828,1.57085,0.11671,-0.12757,-0.48152,0.02655,,,,,,,,,,,,,,,,,,,,,,,,,,0,0,0,0,0
74.1517,1783969925.9185,3,2,0.5000,0.4573,1.42233,-0.03161,-2.63742,1.09828,1.57085,0.11671,-0.12757,-0.48152,0.02655,,,,,,,,,,,,,,,,,,,,,,,,,,0,0,0,0,0
74.1643,1783969925.9310,3,2,0.5000,0.4784,1.42233,-0.03161,-2.63742,1.09828,1.57085,0.11671,-0.12757,-0.48152,0.02655,,,,,,,,,,,,,,,,,,,,,,,,,,0,0,0,0,0
74.1710,1783969925.9378,3,2,0.5000,0.4935,1.42233,-0.03161,-2.63742,1.09828,1.57085,0.11671,-0.12757,-0.48152,0.02655,,,,,,,,,,,,,,,,,,,,,,,,,,0,0,0,0,0
74.1808,1783969925.9476,3,2,0.5000,0.4871,1.42233,-0.03161,-2.63742,1.09828,1.57085,0.11671,-0.12757,-0.48152,0.02655,,,,,,,,,,,,,,,,,,,,,,,,,,0,0,0,0,0
74.2051,1783969925.9718,3,2,0.5000,0.4747,1.42233,-0.03161,-2.63742,1.09828,1.57085,0.11671,-0.12757,-0.48152,0.02655,,,,,,,,,,,,,,,,,,,,,,,,,,0,0,0,0,0
74.2083,1783969925.9751,3,2,0.5000,0.3938,1.42233,-0.03161,-2.63742,1.09828,1.57085,0.11671,-0.12757,-0.48152,0.02655,,,,,,,,,,,,,,,,,,,,,,,,,,0,0,0,0,0
74.2142,1783969925.9809,3,2,0.5000,0.4034,1.42233,-0.03161,-2.63742,1.09828,1.57085,0.11671,-0.12757,-0.48152,0.02655,,,,,,,,,,,,,,,,,,,,,,,,,,0,0,0,0,0
74.2144,1783969925.9812,3,2,0.5000,0.4205,1.42233,-0.03161,-2.63742,1.09828,1.57085,0.11671,-0.12757,-0.48152,0.02655,,,,,,,,,,,,,,,,,,,,,,,,,,0,0,0,0,0
74.2224,1783969925.9892,3,2,0.5000,0.4096,1.42233,-0.03161,-2.63742,1.09828,1.57085,0.11671,-0.12757,-0.48152,0.02655,,,,,,,,,,,,,,,,,,,,,,,,,,0,0,0,0,0
74.2226,1783969925.9894,3,2,0.5000,0.4205,1.42233,-0.03161,-2.63742,1.09828,1.57085,0.11671,-0.12757,-0.48152,0.02655,,,,,,,,,,,,,,,,,,,,,,,,,,0,0,0,0,0
74.2311,1783969925.9978,3,2,0.5000,0.4207,1.42233,-0.03161,-2.63742,1.09828,1.57085,0.11671,-0.12757,-0.48152,0.02655,,,,,,,,,,,,,,,,,,,,,,,,,,0,0,0,0,0
74.2430,1783969926.0098,3,2,0.5000,0.4384,1.42233,-0.03161,-2.63742,1.09828,1.57085,0.11671,-0.12757,-0.48152,0.02655,,,,,,,,,,,,,,,,,,,,,,,,,,0,0,0,0,0
74.2585,1783969926.0252,3,2,0.5000,0.4187,1.42233,-0.03161,-2.63742,1.09828,1.57085,0.11671,-0.12757,-0.48152,0.02655,,,,,,,,,,,,,,,,,,,,,,,,,,0,0,0,0,0
74.2664,1783969926.0331,3,2,0.5000,0.4124,1.42233,-0.03161,-2.63742,1.09828,1.57085,0.11671,-0.12757,-0.48152,0.02655,,,,,,,,,,,,,,,,,,,,,,,,,,0,0,0,0,0
74.2706,1783969926.0373,3,2,0.5000,0.4067,1.42233,-0.03161,-2.63742,1.09828,1.57085,0.11671,-0.12757,-0.48152,0.02655,,,,,,,,,,,,,,,,,,,,,,,,,,0,0,0,0,0
74.2846,1783969926.0514,3,2,0.5000,0.4227,1.42233,-0.03161,-2.63742,1.09828,1.57085,0.11671,-0.12757,-0.48152,0.02655,,,,,,,,,,,,,,,,,,,,,,,,,,0,0,0,0,0
74.2947,1783969926.0615,3,2,0.5000,0.4751,1.42233,-0.03161,-2.63742,1.09828,1.57085,0.11671,-0.12757,-0.48152,0.02655,,,,,,,,,,,,,,,,,,,,,,,,,,0,0,0,0,0
74.3013,1783969926.0680,3,2,0.5000,0.4581,1.42233,-0.03161,-2.63742,1.09828,1.57085,0.11671,-0.12757,-0.48152,0.02655,,,,,,,,,,,,,,,,,,,,,,,,,,0,0,0,0,0
74.3018,1783969926.0686,3,2,0.5000,0.4457,1.42233,-0.03161,-2.63742,1.09828,1.57085,0.11671,-0.12757,-0.48152,0.02655,,,,,,,,,,,,,,,,,,,,,,,,,,0,0,0,0,0
74.3141,1783969926.0809,3,2,0.5000,0.4675,1.42233,-0.03161,-2.63742,1.09828,1.57085,0.11671,-0.12757,-0.48152,0.02655,,,,,,,,,,,,,,,,,,,,,,,,,,0,0,0,0,0
74.3144,1783969926.0812,3,2,0.5000,0.4598,1.42233,-0.03161,-2.63742,1.09828,1.57085,0.11671,-0.12757,-0.48152,0.02655,,,,,,,,,,,,,,,,,,,,,,,,,,0,0,0,0,0
74.3209,1783969926.0877,3,2,0.5000,0.4518,1.42233,-0.03161,-2.63742,1.09828,1.57085,0.11671,-0.12757,-0.48152,0.02655,,,,,,,,,,,,,,,,,,,,,,,,,,0,0,0,0,0
74.3213,1783969926.0881,3,2,0.5000,0.4526,1.42233,-0.03161,-2.63742,1.09828,1.57085,0.11671,-0.12757,-0.48152,0.02655,,,,,,,,,,,,,,,,,,,,,,,,,,0,0,0,0,0
74.3318,1783969926.0985,3,2,0.5000,0.4305,1.42233,-0.03161,-2.63742,1.09828,1.57085,0.11671,-0.12757,-0.48152,0.02655,,,,,,,,,,,,,,,,,,,,,,,,,,0,0,0,0,0
74.3468,1783969926.1136,3,2,0.5000,0.4248,1.42233,-0.03161,-2.63742,1.09828,1.57085,0.11671,-0.12757,-0.48152,0.02655,,,,,,,,,,,,,,,,,,,,,,,,,,0,0,0,0,0
74.3567,1783969926.1235,3,2,0.5000,0.4021,1.42233,-0.03161,-2.63742,1.09828,1.57085,0.11671,-0.12757,-0.48152,0.02655,,,,,,,,,,,,,,,,,,,,,,,,,,0,0,0,0,0
74.3639,1783969926.1306,3,2,0.5000,0.4247,1.42233,-0.03161,-2.63742,1.09828,1.57085,0.11671,-0.12757,-0.48152,0.02655,,,,,,,,,,,,,,,,,,,,,,,,,,0,0,0,0,0
74.3707,1783969926.1375,3,2,0.5000,0.4275,1.42233,-0.03161,-2.63742,1.09828,1.57085,0.11671,-0.12757,-0.48152,0.02655,,,,,,,,,,,,,,,,,,,,,,,,,,0,0,0,0,0
74.3712,1783969926.1379,3,2,0.5000,0.4425,1.42233,-0.03161,-2.63742,1.09828,1.57085,0.11671,-0.12757,-0.48152,0.02655,,,,,,,,,,,,,,,,,,,,,,,,,,0,0,0,0,0
74.3872,1783969926.1540,3,2,0.5000,0.4563,1.42233,-0.03161,-2.63742,1.09828,1.57085,0.11671,-0.12757,-0.48152,0.02655,,,,,,,,,,,,,,,,,,,,,,,,,,0,0,0,0,0
74.3876,1783969926.1543,3,2,0.5000,0.4424,1.42233,-0.03161,-2.63742,1.09828,1.57085,0.11671,-0.12757,-0.48152,0.02655,,,,,,,,,,,,,,,,,,,,,,,,,,0,0,0,0,0
74.3909,1783969926.1577,3,2,0.5000,0.4430,1.42233,-0.03161,-2.63742,1.09828,1.57085,0.11671,-0.12757,-0.48152,0.02655,,,,,,,,,,,,,,,,,,,,,,,,,,0,0,0,0,0
74.3913,1783969926.1581,3,2,0.5000,0.4428,1.42233,-0.03161,-2.63742,1.09828,1.57085,0.11671,-0.12757,-0.48152,0.02655,,,,,,,,,,,,,,,,,,,,,,,,,,0,0,0,0,0
74.4047,1783969926.1715,3,2,0.5000,0.4131,1.42233,-0.03161,-2.63742,1.09828,1.57085,0.11671,-0.12757,-0.48152,0.02655,,,,,,,,,,,,,,,,,,,,,,,,,,0,0,0,0,0
74.4149,1783969926.1816,3,2,0.5000,0.4247,1.42233,-0.03161,-2.63742,1.09828,1.57085,0.11671,-0.12757,-0.48152,0.02655,,,,,,,,,,,,,,,,,,,,,,,,,,0,0,0,0,0
74.4289,1783969926.1957,3,2,0.5000,0.4353,1.42233,-0.03161,-2.63742,1.09828,1.57085,0.11671,-0.12757,-0.48152,0.02655,,,,,,,,,,,,,,,,,,,,,,,,,,0,0,0,0,0
74.4314,1783969926.1982,3,2,0.5000,0.4385,1.42233,-0.03161,-2.63742,1.09828,1.57085,0.11671,-0.12757,-0.48152,0.02655,,,,,,,,,,,,,,,,,,,,,,,,,,0,0,0,0,0
74.4596,1783969926.2264,3,2,0.5000,0.4689,1.42233,-0.03161,-2.63742,1.09828,1.57085,0.11671,-0.12757,-0.48152,0.02655,,,,,,,,,,,,,,,,,,,,,,,,,,0,0,0,0,0
74.4649,1783969926.2316,3,2,0.5000,0.4384,1.42233,-0.03161,-2.63742,1.09828,1.57085,0.11671,-0.12757,-0.48152,0.02655,,,,,,,,,,,,,,,,,,,,,,,,,,0,0,0,0,0
74.4681,1783969926.2348,3,2,0.5000,0.4251,1.42233,-0.03161,-2.63742,1.09828,1.57085,0.11671,-0.12757,-0.48152,0.02655,,,,,,,,,,,,,,,,,,,,,,,,,,0,0,0,0,0
74.4684,1783969926.2352,3,2,0.5000,0.3982,1.42233,-0.03161,-2.63742,1.09828,1.57085,0.11671,-0.12757,-0.48152,0.02655,,,,,,,,,,,,,,,,,,,,,,,,,,0,0,0,0,0
74.5105,1783969926.2772,3,2,0.5000,0.3860,1.42233,-0.03161,-2.63742,1.09828,1.57085,0.11671,-0.12757,-0.48152,0.02655,,,,,,,,,,,,,,,,,,,,,,,,,,0,0,0,0,0
74.5108,1783969926.2776,3,2,0.5000,0.3883,1.42233,-0.03161,-2.63742,1.09828,1.57085,0.11671,-0.12757,-0.48152,0.02655,,,,,,,,,,,,,,,,,,,,,,,,,,0,0,0,0,0
74.5113,1783969926.2780,3,2,0.5000,0.3883,1.42233,-0.03161,-2.63742,1.09828,1.57085,0.11671,-0.12757,-0.48152,0.02655,,,,,,,,,,,,,,,,,,,,,,,,,,0,0,0,0,0
74.5115,1783969926.2783,3,2,0.5000,0.3802,1.42233,-0.03161,-2.63742,1.09828,1.57085,0.11671,-0.12757,-0.48152,0.02655,,,,,,,,,,,,,,,,,,,,,,,,,,0,0,0,0,0
74.5332,1783969926.3000,3,2,0.5000,0.3997,1.42233,-0.03161,-2.63742,1.09828,1.57085,0.11671,-0.12757,-0.48152,0.02655,,,,,,,,,,,,,,,,,,,,,,,,,,0,0,0,0,0
74.5337,1783969926.3005,3,2,0.5000,0.4018,1.42233,-0.03161,-2.63742,1.09828,1.57085,0.11671,-0.12757,-0.48152,0.02655,,,,,,,,,,,,,,,,,,,,,,,,,,0,0,0,0,0
74.5375,1783969926.3043,3,2,0.5000,0.4127,1.42233,-0.03161,-2.63742,1.09828,1.57085,0.11671,-0.12757,-0.48152,0.02655,,,,,,,,,,,,,,,,,,,,,,,,,,0,0,0,0,0
74.5402,1783969926.3070,3,2,0.5000,0.4168,1.42233,-0.03161,-2.63742,1.09828,1.57085,0.11671,-0.12757,-0.48152,0.02655,,,,,,,,,,,,,,,,,,,,,,,,,,0,0,0,0,0
74.5406,1783969926.3074,3,2,0.5000,0.4137,1.42233,-0.03161,-2.63742,1.09828,1.57085,0.11671,-0.12757,-0.48152,0.02655,,,,,,,,,,,,,,,,,,,,,,,,,,0,0,0,0,0
74.5511,1783969926.3179,3,2,0.5000,0.4420,1.42233,-0.03161,-2.63742,1.09828,1.57085,0.11671,-0.12757,-0.48152,0.02655,,,,,,,,,,,,,,,,,,,,,,,,,,0,0,0,0,0
74.5514,1783969926.3182,3,2,0.5000,0.4478,1.42233,-0.03161,-2.63742,1.09828,1.57085,0.11671,-0.12757,-0.48152,0.02655,,,,,,,,,,,,,,,,,,,,,,,,,,0,0,0,0,0
74.5624,1783969926.3292,3,2,0.5000,0.4427,1.42233,-0.03161,-2.63742,1.09828,1.57085,0.11671,-0.12757,-0.48152,0.02655,,,,,,,,,,,,,,,,,,,,,,,,,,0,0,0,0,0
74.5667,1783969926.3335,3,2,0.5000,0.4335,1.42233,-0.03161,-2.63742,1.09828,1.57085,0.11671,-0.12757,-0.48152,0.02655,,,,,,,,,,,,,,,,,,,,,,,,,,0,0,0,0,0
74.5669,1783969926.3337,3,2,0.5000,0.4759,1.42233,-0.03161,-2.63742,1.09828,1.57085,0.11671,-0.12757,-0.48152,0.02655,,,,,,,,,,,,,,,,,,,,,,,,,,0,0,0,0,0
74.5687,1783969926.3355,3,2,0.5000,0.4887,1.42233,-0.03161,-2.63742,1.09828,1.57085,0.11671,-0.12757,-0.48152,0.02655,,,,,,,,,,,,,,,,,,,,,,,,,,0,0,0,0,0
74.5691,1783969926.3359,3,2,0.5000,0.4813,1.42233,-0.03161,-2.63742,1.09828,1.57085,0.11671,-0.12757,-0.48152,0.02655,,,,,,,,,,,,,,,,,,,,,,,,,,0,0,0,0,0
74.5760,1783969926.3428,3,2,0.5000,0.4788,1.42233,-0.03161,-2.63742,1.09828,1.57085,0.11671,-0.12757,-0.48152,0.02655,,,,,,,,,,,,,,,,,,,,,,,,,,0,0,0,0,0
74.5764,1783969926.3432,3,2,0.5000,0.4781,1.42233,-0.03161,-2.63742,1.09828,1.57085,0.11671,-0.12757,-0.48152,0.02655,,,,,,,,,,,,,,,,,,,,,,,,,,0,0,0,0,0
74.6706,1783969926.4374,3,2,0.5000,0.4611,1.42233,-0.03161,-2.63742,1.09828,1.57085,0.11671,-0.12757,-0.48152,0.02655,,,,,,,,,,,,,,,,,,,,,,,,,,0,0,0,0,0
74.6711,1783969926.4379,3,2,0.5000,0.4446,1.42233,-0.03161,-2.63742,1.09828,1.57085,0.11671,-0.12757,-0.48152,0.02655,,,,,,,,,,,,,,,,,,,,,,,,,,0,0,0,0,0
74.6878,1783969926.4545,3,2,0.5000,0.4111,1.42233,-0.03161,-2.63742,1.09828,1.57085,0.11671,-0.12757,-0.48152,0.02655,,,,,,,,,,,,,,,,,,,,,,,,,,0,0,0,0,0
74.7002,1783969926.4670,3,2,0.5000,0.4203,1.42233,-0.03161,-2.63742,1.09828,1.57085,0.11671,-0.12757,-0.48152,0.02655,,,,,,,,,,,,,,,,,,,,,,,,,,0,0,0,0,0
74.7047,1783969926.4715,3,2,0.5000,0.4361,1.42233,-0.03161,-2.63742,1.09828,1.57085,0.11671,-0.12757,-0.48152,0.02655,,,,,,,,,,,,,,,,,,,,,,,,,,0,0,0,0,0
74.7118,1783969926.4786,3,2,0.5000,0.5018,1.42233,-0.03161,-2.63742,1.09828,1.57085,0.11671,-0.12757,-0.48152,0.02655,,,,,,,,,,,,,,,,,,,,,,,,,,0,0,0,0,0
74.7124,1783969926.4791,3,2,0.5000,0.5111,1.42233,-0.03161,-2.63742,1.09828,1.57085,0.11671,-0.12757,-0.48152,0.02655,,,,,,,,,,,,,,,,,,,,,,,,,,0,0,0,0,0
74.7126,1783969926.4794,3,2,0.5000,0.5370,1.42233,-0.03161,-2.63742,1.09828,1.57085,0.11671,-0.12757,-0.48152,0.02655,,,,,,,,,,,,,,,,,,,,,,,,,,0,0,0,0,0
74.7157,1783969926.4825,3,2,0.5000,0.5282,1.42233,-0.03161,-2.63742,1.09828,1.57085,0.11671,-0.12757,-0.48152,0.02655,,,,,,,,,,,,,,,,,,,,,,,,,,0,0,0,0,0
74.7224,1783969926.4892,3,2,0.5000,0.5232,1.42233,-0.03161,-2.63742,1.09828,1.57085,0.11671,-0.12757,-0.48152,0.02655,,,,,,,,,,,,,,,,,,,,,,,,,,0,0,0,0,0
74.7228,1783969926.4896,3,2,0.5000,0.5046,1.42233,-0.03161,-2.63742,1.09828,1.57085,0.11671,-0.12757,-0.48152,0.02655,,,,,,,,,,,,,,,,,,,,,,,,,,0,0,0,0,0
74.7370,1783969926.5038,3,2,0.5000,0.5129,1.42233,-0.03161,-2.63742,1.09828,1.57085,0.11671,-0.12757,-0.48152,0.02655,,,,,,,,,,,,,,,,,,,,,,,,,,0,0,0,0,0
74.7413,1783969926.5081,3,2,0.5000,0.5587,1.42233,-0.03161,-2.63742,1.09828,1.57085,0.11671,-0.12757,-0.48152,0.02655,,,,,,,,,,,,,,,,,,,,,,,,,,0,0,0,0,0
74.7417,1783969926.5085,3,2,0.5000,0.5588,1.42233,-0.03161,-2.63742,1.09828,1.57085,0.11671,-0.12757,-0.48152,0.02655,,,,,,,,,,,,,,,,,,,,,,,,,,0,0,0,0,0
74.7477,1783969926.5144,3,2,0.5000,0.5506,1.42233,-0.03161,-2.63742,1.09828,1.57085,0.11671,-0.12757,-0.48152,0.02655,,,,,,,,,,,,,,,,,,,,,,,,,,0,0,0,0,0
74.7587,1783969926.5255,3,2,0.5000,0.5313,1.42233,-0.03161,-2.63742,1.09828,1.57085,0.11671,-0.12757,-0.48152,0.02655,,,,,,,,,,,,,,,,,,,,,,,,,,0,0,0,0,0
74.7590,1783969926.5258,3,2,0.5000,0.5296,1.42233,-0.03161,-2.63742,1.09828,1.57085,0.11671,-0.12757,-0.48152,0.02655,,,,,,,,,,,,,,,,,,,,,,,,,,0,0,0,0,0
74.7672,1783969926.5340,3,2,0.5000,0.4567,1.42233,-0.03161,-2.63742,1.09828,1.57085,0.11671,-0.12757,-0.48152,0.02655,,,,,,,,,,,,,,,,,,,,,,,,,,0,0,0,0,0
74.7779,1783969926.5447,3,2,0.5000,0.4538,1.42233,-0.03161,-2.63742,1.09828,1.57085,0.11671,-0.12757,-0.48152,0.02655,,,,,,,,,,,,,,,,,,,,,,,,,,0,0,0,0,0
74.8106,1783969926.5774,3,2,0.5000,0.4803,1.42233,-0.03161,-2.63742,1.09828,1.57085,0.11671,-0.12757,-0.48152,0.02655,,,,,,,,,,,,,,,,,,,,,,,,,,0,0,0,0,0
74.8326,1783969926.5994,3,2,0.5000,0.4813,1.42233,-0.03161,-2.63742,1.09828,1.57085,0.11671,-0.12757,-0.48152,0.02655,,,,,,,,,,,,,,,,,,,,,,,,,,0,0,0,0,0
74.8650,1783969926.6317,3,2,0.5000,0.4925,1.42233,-0.03161,-2.63742,1.09828,1.57085,0.11671,-0.12757,-0.48152,0.02655,,,,,,,,,,,,,,,,,,,,,,,,,,0,0,0,0,0
74.8764,1783969926.6432,3,2,0.5000,0.4881,1.42233,-0.03161,-2.63742,1.09828,1.57085,0.11671,-0.12757,-0.48152,0.02655,,,,,,,,,,,,,,,,,,,,,,,,,,0,0,0,0,0
74.8796,1783969926.6464,3,2,0.5000,0.5104,1.42233,-0.03161,-2.63742,1.09828,1.57085,0.11671,-0.12757,-0.48152,0.02655,,,,,,,,,,,,,,,,,,,,,,,,,,0,0,0,0,0
74.8799,1783969926.6467,3,2,0.5000,0.5309,1.42233,-0.03161,-2.63742,1.09828,1.57085,0.11671,-0.12757,-0.48152,0.02655,,,,,,,,,,,,,,,,,,,,,,,,,,0,0,0,0,0
74.8814,1783969926.6482,3,2,0.5000,0.5433,1.42233,-0.03161,-2.63742,1.09828,1.57085,0.11671,-0.12757,-0.48152,0.02655,,,,,,,,,,,,,,,,,,,,,,,,,,0,0,0,0,0
74.8818,1783969926.6485,3,2,0.5000,0.5244,1.42233,-0.03161,-2.63742,1.09828,1.57085,0.11671,-0.12757,-0.48152,0.02655,,,,,,,,,,,,,,,,,,,,,,,,,,0,0,0,0,0
74.8827,1783969926.6495,3,2,0.5000,0.4422,1.42233,-0.03161,-2.63742,1.09828,1.57085,0.11671,-0.12757,-0.48152,0.02655,,,,,,,,,,,,,,,,,,,,,,,,,,0,0,0,0,0
74.8831,1783969926.6498,3,2,0.5000,0.4551,1.42233,-0.03161,-2.63742,1.09828,1.57085,0.11671,-0.12757,-0.48152,0.02655,,,,,,,,,,,,,,,,,,,,,,,,,,0,0,0,0,0
74.8834,1783969926.6501,3,2,0.5000,0.4516,1.42233,-0.03161,-2.63742,1.09828,1.57085,0.11671,-0.12757,-0.48152,0.02655,,,,,,,,,,,,,,,,,,,,,,,,,,0,0,0,0,0
74.8873,1783969926.6541,3,2,0.5000,0.4627,1.42233,-0.03161,-2.63742,1.09828,1.57085,0.11671,-0.12757,-0.48152,0.02655,,,,,,,,,,,,,,,,,,,,,,,,,,0,0,0,0,0
74.8877,1783969926.6544,3,2,0.5000,0.4704,1.42233,-0.03161,-2.63742,1.09828,1.57085,0.11671,-0.12757,-0.48152,0.02655,,,,,,,,,,,,,,,,,,,,,,,,,,0,0,0,0,0
74.8879,1783969926.6547,3,2,0.5000,0.4732,1.42233,-0.03161,-2.63742,1.09828,1.57085,0.11671,-0.12757,-0.48152,0.02655,,,,,,,,,,,,,,,,,,,,,,,,,,0,0,0,0,0
74.8975,1783969926.6643,3,2,0.5000,0.4818,1.42233,-0.03161,-2.63742,1.09828,1.57085,0.11671,-0.12757,-0.48152,0.02655,,,,,,,,,,,,,,,,,,,,,,,,,,0,0,0,0,0
74.9049,1783969926.6717,3,2,0.5000,0.4919,1.42233,-0.03161,-2.63742,1.09828,1.57085,0.11671,-0.12757,-0.48152,0.02655,,,,,,,,,,,,,,,,,,,,,,,,,,0,0,0,0,0
74.9192,1783969926.6860,3,2,0.5000,0.5074,1.42233,-0.03161,-2.63742,1.09828,1.57085,0.11671,-0.12757,-0.48152,0.02655,,,,,,,,,,,,,,,,,,,,,,,,,,0,0,0,0,0
74.9196,1783969926.6863,3,2,0.5000,0.4969,1.42233,-0.03161,-2.63742,1.09828,1.57085,0.11671,-0.12757,-0.48152,0.02655,,,,,,,,,,,,,,,,,,,,,,,,,,0,0,0,0,0
74.9287,1783969926.6955,3,2,0.5000,0.4987,1.42233,-0.03161,-2.63742,1.09828,1.57085,0.11671,-0.12757,-0.48152,0.02655,,,,,,,,,,,,,,,,,,,,,,,,,,0,0,0,0,0
74.9389,1783969926.7056,3,2,0.5000,0.5045,1.42233,-0.03161,-2.63742,1.09828,1.57085,0.11671,-0.12757,-0.48152,0.02655,,,,,,,,,,,,,,,,,,,,,,,,,,0,0,0,0,0
74.9393,1783969926.7061,3,2,0.5000,0.5052,1.42233,-0.03161,-2.63742,1.09828,1.57085,0.11671,-0.12757,-0.48152,0.02655,,,,,,,,,,,,,,,,,,,,,,,,,,0,0,0,0,0
74.9483,1783969926.7151,3,2,0.5000,0.5338,1.42233,-0.03161,-2.63742,1.09828,1.57085,0.11671,-0.12757,-0.48152,0.02655,,,,,,,,,,,,,,,,,,,,,,,,,,0,0,0,0,0
74.9600,1783969926.7267,3,2,0.5000,0.5536,1.42233,-0.03161,-2.63742,1.09828,1.57085,0.11671,-0.12757,-0.48152,0.02655,,,,,,,,,,,,,,,,,,,,,,,,,,0,0,0,0,0
74.9711,1783969926.7378,3,2,0.5000,0.5349,1.42233,-0.03161,-2.63742,1.09828,1.57085,0.11671,-0.12757,-0.48152,0.02655,,,,,,,,,,,,,,,,,,,,,,,,,,0,0,0,0,0
74.9714,1783969926.7382,3,2,0.5000,0.5166,1.42233,-0.03161,-2.63742,1.09828,1.57085,0.11671,-0.12757,-0.48152,0.02655,,,,,,,,,,,,,,,,,,,,,,,,,,0,0,0,0,0
74.9761,1783969926.7428,3,2,0.5000,0.4633,1.42233,-0.03161,-2.63742,1.09828,1.57085,0.11671,-0.12757,-0.48152,0.02655,,,,,,,,,,,,,,,,,,,,,,,,,,0,0,0,0,0
74.9896,1783969926.7564,3,2,0.5000,0.4271,1.42233,-0.03161,-2.63742,1.09828,1.57085,0.11671,-0.12757,-0.48152,0.02655,,,,,,,,,,,,,,,,,,,,,,,,,,0,0,0,0,0
75.0003,1783969926.7671,3,2,0.5000,0.4258,1.42233,-0.03161,-2.63742,1.09828,1.57085,0.11671,-0.12757,-0.48152,0.02655,,,,,,,,,,,,,,,,,,,,,,,,,,0,0,0,0,0
75.0066,1783969926.7734,3,2,0.5000,0.4289,1.42233,-0.03161,-2.63742,1.09828,1.57085,0.11671,-0.12757,-0.48152,0.02655,,,,,,,,,,,,,,,,,,,,,,,,,,0,0,0,0,0
75.0189,1783969926.7857,3,2,0.5000,0.4518,1.42233,-0.03161,-2.63742,1.09828,1.57085,0.11671,-0.12757,-0.48152,0.02655,,,,,,,,,,,,,,,,,,,,,,,,,,0,0,0,0,0
75.0194,1783969926.7862,3,2,0.5000,0.4554,1.42233,-0.03161,-2.63742,1.09828,1.57085,0.11671,-0.12757,-0.48152,0.02655,,,,,,,,,,,,,,,,,,,,,,,,,,0,0,0,0,0
75.0309,1783969926.7977,3,2,0.5000,0.4966,1.42233,-0.03161,-2.63742,1.09828,1.57085,0.11671,-0.12757,-0.48152,0.02655,,,,,,,,,,,,,,,,,,,,,,,,,,0,0,0,0,0
75.0314,1783969926.7982,3,2,0.5000,0.5092,1.42233,-0.03161,-2.63742,1.09828,1.57085,0.11671,-0.12757,-0.48152,0.02655,,,,,,,,,,,,,,,,,,,,,,,,,,0,0,0,0,0
75.0427,1783969926.8095,3,2,0.5000,0.5287,1.42233,-0.03161,-2.63742,1.09828,1.57085,0.11671,-0.12757,-0.48152,0.02655,,,,,,,,,,,,,,,,,,,,,,,,,,0,0,0,0,0
75.0471,1783969926.8138,3,2,0.5000,0.5219,1.42233,-0.03161,-2.63742,1.09828,1.57085,0.11671,-0.12757,-0.48152,0.02655,,,,,,,,,,,,,,,,,,,,,,,,,,0,0,0,0,0
75.0474,1783969926.8142,3,2,0.5000,0.5153,1.42233,-0.03161,-2.63742,1.09828,1.57085,0.11671,-0.12757,-0.48152,0.02655,,,,,,,,,,,,,,,,,,,,,,,,,,0,0,0,0,0
75.0565,1783969926.8233,3,2,0.5000,0.5037,1.42233,-0.03161,-2.63742,1.09828,1.57085,0.11671,-0.12757,-0.48152,0.02655,,,,,,,,,,,,,,,,,,,,,,,,,,0,0,0,0,0
75.0677,1783969926.8345,3,2,0.5000,0.4860,1.42233,-0.03161,-2.63742,1.09828,1.57085,0.11671,-0.12757,-0.48152,0.02655,,,,,,,,,,,,,,,,,,,,,,,,,,0,0,0,0,0
75.0781,1783969926.8449,3,2,0.5000,0.4899,1.42233,-0.03161,-2.63742,1.09828,1.57085,0.11671,-0.12757,-0.48152,0.02655,,,,,,,,,,,,,,,,,,,,,,,,,,0,0,0,0,0
75.0846,1783969926.8514,3,2,0.5000,0.4891,1.42233,-0.03161,-2.63742,1.09828,1.57085,0.11671,-0.12757,-0.48152,0.02655,,,,,,,,,,,,,,,,,,,,,,,,,,0,0,0,0,0
75.0958,1783969926.8626,3,2,0.5000,0.4956,1.42233,-0.03161,-2.63742,1.09828,1.57085,0.11671,-0.12757,-0.48152,0.02655,,,,,,,,,,,,,,,,,,,,,,,,,,0,0,0,0,0
75.1108,1783969926.8776,3,2,0.5000,0.4638,1.42233,-0.03161,-2.63742,1.09828,1.57085,0.11671,-0.12757,-0.48152,0.02655,,,,,,,,,,,,,,,,,,,,,,,,,,0,0,0,0,0
75.1209,1783969926.8877,3,2,0.5000,0.4158,1.42233,-0.03161,-2.63742,1.09828,1.57085,0.11671,-0.12757,-0.48152,0.02655,,,,,,,,,,,,,,,,,,,,,,,,,,0,0,0,0,0
75.1268,1783969926.8936,3,2,0.5000,0.4175,1.42233,-0.03161,-2.63742,1.09828,1.57085,0.11671,-0.12757,-0.48152,0.02655,,,,,,,,,,,,,,,,,,,,,,,,,,0,0,0,0,0
75.1410,1783969926.9078,3,2,0.5000,0.4001,1.42233,-0.03161,-2.63742,1.09828,1.57085,0.11671,-0.12757,-0.48152,0.02655,,,,,,,,,,,,,,,,,,,,,,,,,,0,0,0,0,0
75.1416,1783969926.9084,3,2,0.5000,0.4079,1.42233,-0.03161,-2.63742,1.09828,1.57085,0.11671,-0.12757,-0.48152,0.02655,,,,,,,,,,,,,,,,,,,,,,,,,,0,0,0,0,0
75.1468,1783969926.9136,3,2,0.5000,0.4396,1.42233,-0.03161,-2.63742,1.09828,1.57085,0.11671,-0.12757,-0.48152,0.02655,,,,,,,,,,,,,,,,,,,,,,,,,,0,0,0,0,0
75.1709,1783969926.9377,3,2,0.5000,0.4822,1.42233,-0.03161,-2.63742,1.09828,1.57085,0.11671,-0.12757,-0.48152,0.02655,,,,,,,,,,,,,,,,,,,,,,,,,,0,0,0,0,0
75.1806,1783969926.9474,3,2,0.5000,0.4739,1.42233,-0.03161,-2.63742,1.09828,1.57085,0.11671,-0.12757,-0.48152,0.02655,,,,,,,,,,,,,,,,,,,,,,,,,,0,0,0,0,0
75.1887,1783969926.9555,3,2,0.5000,0.5106,1.42233,-0.03161,-2.63742,1.09828,1.57085,0.11671,-0.12757,-0.48152,0.02655,,,,,,,,,,,,,,,,,,,,,,,,,,0,0,0,0,0
75.1892,1783969926.9560,3,2,0.5000,0.5077,1.42233,-0.03161,-2.63742,1.09828,1.57085,0.11671,-0.12757,-0.48152,0.02655,,,,,,,,,,,,,,,,,,,,,,,,,,0,0,0,0,0
75.1899,1783969926.9567,3,2,0.5000,0.4858,1.42233,-0.03161,-2.63742,1.09828,1.57085,0.11671,-0.12757,-0.48152,0.02655,,,,,,,,,,,,,,,,,,,,,,,,,,0,0,0,0,0
75.1902,1783969926.9570,3,2,0.5000,0.4882,1.42233,-0.03161,-2.63742,1.09828,1.57085,0.11671,-0.12757,-0.48152,0.02655,,,,,,,,,,,,,,,,,,,,,,,,,,0,0,0,0,0
75.2072,1783969926.9740,3,2,0.5000,0.4880,1.42233,-0.03161,-2.63742,1.09828,1.57085,0.11671,-0.12757,-0.48152,0.02655,,,,,,,,,,,,,,,,,,,,,,,,,,0,0,0,0,0
75.2097,1783969926.9764,3,2,0.5000,0.4708,1.42233,-0.03161,-2.63742,1.09828,1.57085,0.11671,-0.12757,-0.48152,0.02655,,,,,,,,,,,,,,,,,,,,,,,,,,0,0,0,0,0
75.2100,1783969926.9767,3,2,0.5000,0.4740,1.42233,-0.03161,-2.63742,1.09828,1.57085,0.11671,-0.12757,-0.48152,0.02655,,,,,,,,,,,,,,,,,,,,,,,,,,0,0,0,0,0
75.2183,1783969926.9850,3,2,0.5000,0.4643,1.42233,-0.03161,-2.63742,1.09828,1.57085,0.11671,-0.12757,-0.48152,0.02655,,,,,,,,,,,,,,,,,,,,,,,,,,0,0,0,0,0
75.2312,1783969926.9979,3,2,0.5000,0.4511,1.42233,-0.03161,-2.63742,1.09828,1.57085,0.11671,-0.12757,-0.48152,0.02655,,,,,,,,,,,,,,,,,,,,,,,,,,0,0,0,0,0
75.2382,1783969927.0050,3,2,0.5000,0.4323,1.42233,-0.03161,-2.63742,1.09828,1.57085,0.11671,-0.12757,-0.48152,0.02655,,,,,,,,,,,,,,,,,,,,,,,,,,0,0,0,0,0
75.2489,1783969927.0156,3,2,0.5000,0.4456,1.42233,-0.03161,-2.63742,1.09828,1.57085,0.11671,-0.12757,-0.48152,0.02655,,,,,,,,,,,,,,,,,,,,,,,,,,0,0,0,0,0
75.2608,1783969927.0276,3,2,0.5000,0.4287,1.42233,-0.03161,-2.63742,1.09828,1.57085,0.11671,-0.12757,-0.48152,0.02655,,,,,,,,,,,,,,,,,,,,,,,,,,0,0,0,0,0
75.2676,1783969927.0343,3,2,0.5000,0.4052,1.42233,-0.03161,-2.63742,1.09828,1.57085,0.11671,-0.12757,-0.48152,0.02655,,,,,,,,,,,,,,,,,,,,,,,,,,0,0,0,0,0
75.2801,1783969927.0469,3,2,0.5000,0.4308,1.42233,-0.03161,-2.63742,1.09828,1.57085,0.11671,-0.12757,-0.48152,0.02655,,,,,,,,,,,,,,,,,,,,,,,,,,0,0,0,0,0
75.2868,1783969927.0536,3,2,0.5000,0.4277,1.42233,-0.03161,-2.63742,1.09828,1.57085,0.11671,-0.12757,-0.48152,0.02655,,,,,,,,,,,,,,,,,,,,,,,,,,0,0,0,0,0
75.2873,1783969927.0540,3,2,0.5000,0.4324,1.42233,-0.03161,-2.63742,1.09828,1.57085,0.11671,-0.12757,-0.48152,0.02655,,,,,,,,,,,,,,,,,,,,,,,,,,0,0,0,0,0
75.2973,1783969927.0641,3,2,0.5000,0.4828,1.42233,-0.03161,-2.63742,1.09828,1.57085,0.11671,-0.12757,-0.48152,0.02655,,,,,,,,,,,,,,,,,,,,,,,,,,0,0,0,0,0
75.3108,1783969927.0776,3,2,0.5000,0.5025,1.42233,-0.03161,-2.63742,1.09828,1.57085,0.11671,-0.12757,-0.48152,0.02655,,,,,,,,,,,,,,,,,,,,,,,,,,0,0,0,0,0
75.3170,1783969927.0837,3,2,0.5000,0.4836,1.42233,-0.03161,-2.63742,1.09828,1.57085,0.11671,-0.12757,-0.48152,0.02655,,,,,,,,,,,,,,,,,,,,,,,,,,0,0,0,0,0
75.3172,1783969927.0840,3,2,0.5000,0.4808,1.42233,-0.03161,-2.63742,1.09828,1.57085,0.11671,-0.12757,-0.48152,0.02655,,,,,,,,,,,,,,,,,,,,,,,,,,0,0,0,0,0
75.3332,1783969927.1000,3,2,0.5000,0.4724,1.42233,-0.03161,-2.63742,1.09828,1.57085,0.11671,-0.12757,-0.48152,0.02655,,,,,,,,,,,,,,,,,,,,,,,,,,0,0,0,0,0
75.3336,1783969927.1004,3,2,0.5000,0.4731,1.42233,-0.03161,-2.63742,1.09828,1.57085,0.11671,-0.12757,-0.48152,0.02655,,,,,,,,,,,,,,,,,,,,,,,,,,0,0,0,0,0
75.3368,1783969927.1036,3,2,0.5000,0.4403,1.42233,-0.03161,-2.63742,1.09828,1.57085,0.11671,-0.12757,-0.48152,0.02655,,,,,,,,,,,,,,,,,,,,,,,,,,0,0,0,0,0
75.3372,1783969927.1039,3,2,0.5000,0.4390,1.42233,-0.03161,-2.63742,1.09828,1.57085,0.11671,-0.12757,-0.48152,0.02655,,,,,,,,,,,,,,,,,,,,,,,,,,0,0,0,0,0
75.3498,1783969927.1166,3,2,0.5000,0.4444,1.42233,-0.03161,-2.63742,1.09828,1.57085,0.11671,-0.12757,-0.48152,0.02655,,,,,,,,,,,,,,,,,,,,,,,,,,0,0,0,0,0
75.3501,1783969927.1169,3,2,0.5000,0.4370,1.42233,-0.03161,-2.63742,1.09828,1.57085,0.11671,-0.12757,-0.48152,0.02655,,,,,,,,,,,,,,,,,,,,,,,,,,0,0,0,0,0
75.3560,1783969927.1227,3,2,0.5000,0.4391,1.42233,-0.03161,-2.63742,1.09828,1.57085,0.11671,-0.12757,-0.48152,0.02655,,,,,,,,,,,,,,,,,,,,,,,,,,0,0,0,0,0
75.3697,1783969927.1365,3,2,0.5000,0.4264,1.42233,-0.03161,-2.63742,1.09828,1.57085,0.11671,-0.12757,-0.48152,0.02655,,,,,,,,,,,,,,,,,,,,,,,,,,0,0,0,0,0
75.3752,1783969927.1420,3,2,0.5000,0.4239,1.42233,-0.03161,-2.63742,1.09828,1.57085,0.11671,-0.12757,-0.48152,0.02655,,,,,,,,,,,,,,,,,,,,,,,,,,0,0,0,0,0
75.3756,1783969927.1424,3,2,0.5000,0.4297,1.42233,-0.03161,-2.63742,1.09828,1.57085,0.11671,-0.12757,-0.48152,0.02655,,,,,,,,,,,,,,,,,,,,,,,,,,0,0,0,0,0
75.3868,1783969927.1536,3,2,0.5000,0.3783,1.42233,-0.03161,-2.63742,1.09828,1.57085,0.11671,-0.12757,-0.48152,0.02655,,,,,,,,,,,,,,,,,,,,,,,,,,0,0,0,0,0
75.3951,1783969927.1619,3,2,0.5000,0.3926,1.42233,-0.03161,-2.63742,1.09828,1.57085,0.11671,-0.12757,-0.48152,0.02655,,,,,,,,,,,,,,,,,,,,,,,,,,0,0,0,0,0
75.4044,1783969927.1712,3,2,0.5000,0.4022,1.42233,-0.03161,-2.63742,1.09828,1.57085,0.11671,-0.12757,-0.48152,0.02655,,,,,,,,,,,,,,,,,,,,,,,,,,0,0,0,0,0
75.4290,1783969927.1958,3,2,0.5000,0.4076,1.42233,-0.03161,-2.63742,1.09828,1.57085,0.11671,-0.12757,-0.48152,0.02655,,,,,,,,,,,,,,,,,,,,,,,,,,0,0,0,0,0
75.4376,1783969927.2044,3,2,0.5000,0.4961,1.42233,-0.03161,-2.63742,1.09828,1.57085,0.11671,-0.12757,-0.48152,0.02655,,,,,,,,,,,,,,,,,,,,,,,,,,0,0,0,0,0
75.4392,1783969927.2060,3,2,0.5000,0.4884,1.42233,-0.03161,-2.63742,1.09828,1.57085,0.11671,-0.12757,-0.48152,0.02655,,,,,,,,,,,,,,,,,,,,,,,,,,0,0,0,0,0
75.4395,1783969927.2063,3,2,0.5000,0.4627,1.42233,-0.03161,-2.63742,1.09828,1.57085,0.11671,-0.12757,-0.48152,0.02655,,,,,,,,,,,,,,,,,,,,,,,,,,0,0,0,0,0
75.4508,1783969927.2176,3,2,0.5000,0.4648,1.42233,-0.03161,-2.63742,1.09828,1.57085,0.11671,-0.12757,-0.48152,0.02655,,,,,,,,,,,,,,,,,,,,,,,,,,0,0,0,0,0
75.4580,1783969927.2248,3,2,0.5000,0.4652,1.42233,-0.03161,-2.63742,1.09828,1.57085,0.11671,-0.12757,-0.48152,0.02655,,,,,,,,,,,,,,,,,,,,,,,,,,0,0,0,0,0
75.4764,1783969927.2431,3,2,0.5000,0.4538,1.42233,-0.03161,-2.63742,1.09828,1.57085,0.11671,-0.12757,-0.48152,0.02655,,,,,,,,,,,,,,,,,,,,,,,,,,0,0,0,0,0
75.4770,1783969927.2438,3,2,0.5000,0.4391,1.42233,-0.03161,-2.63742,1.09828,1.57085,0.11671,-0.12757,-0.48152,0.02655,,,,,,,,,,,,,,,,,,,,,,,,,,0,0,0,0,0
75.4773,1783969927.2441,3,2,0.5000,0.4573,1.42233,-0.03161,-2.63742,1.09828,1.57085,0.11671,-0.12757,-0.48152,0.02655,,,,,,,,,,,,,,,,,,,,,,,,,,0,0,0,0,0
75.4878,1783969927.2546,3,2,0.5000,0.4519,1.42233,-0.03161,-2.63742,1.09828,1.57085,0.11671,-0.12757,-0.48152,0.02655,,,,,,,,,,,,,,,,,,,,,,,,,,0,0,0,0,0
75.4882,1783969927.2549,3,2,0.5000,0.4444,1.42233,-0.03161,-2.63742,1.09828,1.57085,0.11671,-0.12757,-0.48152,0.02655,,,,,,,,,,,,,,,,,,,,,,,,,,0,0,0,0,0
75.4950,1783969927.2617,3,2,0.5000,0.4462,1.42233,-0.03161,-2.63742,1.09828,1.57085,0.11671,-0.12757,-0.48152,0.02655,,,,,,,,,,,,,,,,,,,,,,,,,,0,0,0,0,0
75.5050,1783969927.2717,3,2,0.5000,0.4208,1.42233,-0.03161,-2.63742,1.09828,1.57085,0.11671,-0.12757,-0.48152,0.02655,,,,,,,,,,,,,,,,,,,,,,,,,,0,0,0,0,0
75.5167,1783969927.2835,3,2,0.5000,0.3995,1.42233,-0.03161,-2.63742,1.09828,1.57085,0.11671,-0.12757,-0.48152,0.02655,,,,,,,,,,,,,,,,,,,,,,,,,,0,0,0,0,0
75.5317,1783969927.2985,3,2,0.5000,0.4077,1.42233,-0.03161,-2.63742,1.09828,1.57085,0.11671,-0.12757,-0.48152,0.02655,,,,,,,,,,,,,,,,,,,,,,,,,,0,0,0,0,0
75.5399,1783969927.3066,3,2,0.5000,0.4075,1.42233,-0.03161,-2.63742,1.09828,1.57085,0.11671,-0.12757,-0.48152,0.02655,,,,,,,,,,,,,,,,,,,,,,,,,,0,0,0,0,0
75.5468,1783969927.3136,3,2,0.5000,0.4365,1.42233,-0.03161,-2.63742,1.09828,1.57085,0.11671,-0.12757,-0.48152,0.02655,,,,,,,,,,,,,,,,,,,,,,,,,,0,0,0,0,0
75.5471,1783969927.3139,3,2,0.5000,0.4332,1.42233,-0.03161,-2.63742,1.09828,1.57085,0.11671,-0.12757,-0.48152,0.02655,,,,,,,,,,,,,,,,,,,,,,,,,,0,0,0,0,0
75.5555,1783969927.3223,3,2,0.5000,0.4386,1.42233,-0.03161,-2.63742,1.09828,1.57085,0.11671,-0.12757,-0.48152,0.02655,,,,,,,,,,,,,,,,,,,,,,,,,,0,0,0,0,0
75.5756,1783969927.3424,3,2,0.5000,0.4384,1.42233,-0.03161,-2.63742,1.09828,1.57085,0.11671,-0.12757,-0.48152,0.02655,,,,,,,,,,,,,,,,,,,,,,,,,,0,0,0,0,0
75.5803,1783969927.3471,3,2,0.5000,0.4449,1.42233,-0.03161,-2.63742,1.09828,1.57085,0.11671,-0.12757,-0.48152,0.02655,,,,,,,,,,,,,,,,,,,,,,,,,,0,0,0,0,0
75.5810,1783969927.3478,3,2,0.5000,0.4468,1.42233,-0.03161,-2.63742,1.09828,1.57085,0.11671,-0.12757,-0.48152,0.02655,,,,,,,,,,,,,,,,,,,,,,,,,,0,0,0,0,0
75.5846,1783969927.3514,3,2,0.5000,0.4358,1.42233,-0.03161,-2.63742,1.09828,1.57085,0.11671,-0.12757,-0.48152,0.02655,,,,,,,,,,,,,,,,,,,,,,,,,,0,0,0,0,0
75.5852,1783969927.3519,3,2,0.5000,0.4342,1.42233,-0.03161,-2.63742,1.09828,1.57085,0.11671,-0.12757,-0.48152,0.02655,,,,,,,,,,,,,,,,,,,,,,,,,,0,0,0,0,0
75.5964,1783969927.3632,3,2,0.5000,0.4387,1.42233,-0.03161,-2.63742,1.09828,1.57085,0.11671,-0.12757,-0.48152,0.02655,,,,,,,,,,,,,,,,,,,,,,,,,,0,0,0,0,0
75.6375,1783969927.4043,3,2,0.5000,0.4338,1.42233,-0.03161,-2.63742,1.09828,1.57085,0.11671,-0.12757,-0.48152,0.02655,,,,,,,,,,,,,,,,,,,,,,,,,,0,0,0,0,0
75.6449,1783969927.4117,3,2,0.5000,0.4333,1.42233,-0.03161,-2.63742,1.09828,1.57085,0.11671,-0.12757,-0.48152,0.02655,,,,,,,,,,,,,,,,,,,,,,,,,,0,0,0,0,0
75.6526,1783969927.4194,3,2,0.5000,0.3942,1.42233,-0.03161,-2.63742,1.09828,1.57085,0.11671,-0.12757,-0.48152,0.02655,,,,,,,,,,,,,,,,,,,,,,,,,,0,0,0,0,0
75.6530,1783969927.4197,3,2,0.5000,0.3922,1.42233,-0.03161,-2.63742,1.09828,1.57085,0.11671,-0.12757,-0.48152,0.02655,,,,,,,,,,,,,,,,,,,,,,,,,,0,0,0,0,0
75.6674,1783969927.4341,3,2,0.5000,0.3978,1.42233,-0.03161,-2.63742,1.09828,1.57085,0.11671,-0.12757,-0.48152,0.02655,,,,,,,,,,,,,,,,,,,,,,,,,,0,0,0,0,0
75.6693,1783969927.4361,3,2,0.5000,0.4018,1.42233,-0.03161,-2.63742,1.09828,1.57085,0.11671,-0.12757,-0.48152,0.02655,,,,,,,,,,,,,,,,,,,,,,,,,,0,0,0,0,0
75.6701,1783969927.4369,3,2,0.5000,0.4044,1.42233,-0.03161,-2.63742,1.09828,1.57085,0.11671,-0.12757,-0.48152,0.02655,,,,,,,,,,,,,,,,,,,,,,,,,,0,0,0,0,0
75.6703,1783969927.4371,3,2,0.5000,0.4020,1.42233,-0.03161,-2.63742,1.09828,1.57085,0.11671,-0.12757,-0.48152,0.02655,,,,,,,,,,,,,,,,,,,,,,,,,,0,0,0,0,0
75.6788,1783969927.4456,3,2,0.5000,0.4307,1.42233,-0.03161,-2.63742,1.09828,1.57085,0.11671,-0.12757,-0.48152,0.02655,,,,,,,,,,,,,,,,,,,,,,,,,,0,0,0,0,0
75.6873,1783969927.4541,3,2,0.5000,0.4508,1.42233,-0.03161,-2.63742,1.09828,1.57085,0.11671,-0.12757,-0.48152,0.02655,,,,,,,,,,,,,,,,,,,,,,,,,,0,0,0,0,0
75.6968,1783969927.4636,3,2,0.5000,0.4592,1.42233,-0.03161,-2.63742,1.09828,1.57085,0.11671,-0.12757,-0.48152,0.02655,,,,,,,,,,,,,,,,,,,,,,,,,,0,0,0,0,0
75.7110,1783969927.4778,3,2,0.5000,0.4573,1.42233,-0.03161,-2.63742,1.09828,1.57085,0.11671,-0.12757,-0.48152,0.02655,,,,,,,,,,,,,,,,,,,,,,,,,,0,0,0,0,0
75.7198,1783969927.4866,3,2,0.5000,0.4417,1.42233,-0.03161,-2.63742,1.09828,1.57085,0.11671,-0.12757,-0.48152,0.02655,,,,,,,,,,,,,,,,,,,,,,,,,,0,0,0,0,0
75.7261,1783969927.4929,3,2,0.5000,0.4392,1.42233,-0.03161,-2.63742,1.09828,1.57085,0.11671,-0.12757,-0.48152,0.02655,,,,,,,,,,,,,,,,,,,,,,,,,,0,0,0,0,0
75.7425,1783969927.5092,3,2,0.5000,0.4167,1.42233,-0.03161,-2.63742,1.09828,1.57085,0.11671,-0.12757,-0.48152,0.02655,,,,,,,,,,,,,,,,,,,,,,,,,,0,0,0,0,0
75.7633,1783969927.5301,3,2,0.5000,0.4259,1.42233,-0.03161,-2.63742,1.09828,1.57085,0.11671,-0.12757,-0.48152,0.02655,,,,,,,,,,,,,,,,,,,,,,,,,,0,0,0,0,0
75.7660,1783969927.5328,3,2,0.5000,0.4247,1.42233,-0.03161,-2.63742,1.09828,1.57085,0.11671,-0.12757,-0.48152,0.02655,,,,,,,,,,,,,,,,,,,,,,,,,,0,0,0,0,0
75.7670,1783969927.5338,3,2,0.5000,0.4391,1.42233,-0.03161,-2.63742,1.09828,1.57085,0.11671,-0.12757,-0.48152,0.02655,,,,,,,,,,,,,,,,,,,,,,,,,,0,0,0,0,0
75.7806,1783969927.5474,3,2,0.5000,0.4543,1.42233,-0.03161,-2.63742,1.09828,1.57085,0.11671,-0.12757,-0.48152,0.02655,,,,,,,,,,,,,,,,,,,,,,,,,,0,0,0,0,0
75.7967,1783969927.5634,3,2,0.5000,0.4479,1.42233,-0.03161,-2.63742,1.09828,1.57085,0.11671,-0.12757,-0.48152,0.02655,,,,,,,,,,,,,,,,,,,,,,,,,,0,0,0,0,0
75.7973,1783969927.5640,3,2,0.5000,0.4691,1.42233,-0.03161,-2.63742,1.09828,1.57085,0.11671,-0.12757,-0.48152,0.02655,,,,,,,,,,,,,,,,,,,,,,,,,,0,0,0,0,0
75.7975,1783969927.5643,3,2,0.5000,0.4677,1.42233,-0.03161,-2.63742,1.09828,1.57085,0.11671,-0.12757,-0.48152,0.02655,,,,,,,,,,,,,,,,,,,,,,,,,,0,0,0,0,0
75.8057,1783969927.5724,3,2,0.5000,0.4712,1.42233,-0.03161,-2.63742,1.09828,1.57085,0.11671,-0.12757,-0.48152,0.02655,,,,,,,,,,,,,,,,,,,,,,,,,,0,0,0,0,0
75.8256,1783969927.5924,3,2,0.5000,0.4755,1.42233,-0.03161,-2.63742,1.09828,1.57085,0.11671,-0.12757,-0.48152,0.02655,,,,,,,,,,,,,,,,,,,,,,,,,,0,0,0,0,0
75.8269,1783969927.5937,3,2,0.5000,0.4726,1.42233,-0.03161,-2.63742,1.09828,1.57085,0.11671,-0.12757,-0.48152,0.02655,,,,,,,,,,,,,,,,,,,,,,,,,,0,0,0,0,0
75.8271,1783969927.5939,3,2,0.5000,0.5121,1.42233,-0.03161,-2.63742,1.09828,1.57085,0.11671,-0.12757,-0.48152,0.02655,,,,,,,,,,,,,,,,,,,,,,,,,,0,0,0,0,0
75.8383,1783969927.6051,3,2,0.5000,0.5055,1.42233,-0.03161,-2.63742,1.09828,1.57085,0.11671,-0.12757,-0.48152,0.02655,,,,,,,,,,,,,,,,,,,,,,,,,,0,0,0,0,0
75.8388,1783969927.6056,3,2,0.5000,0.5037,1.42233,-0.03161,-2.63742,1.09828,1.57085,0.11671,-0.12757,-0.48152,0.02655,,,,,,,,,,,,,,,,,,,,,,,,,,0,0,0,0,0
75.8476,1783969927.6143,3,2,0.5000,0.5324,1.42233,-0.03161,-2.63742,1.09828,1.57085,0.11671,-0.12757,-0.48152,0.02655,,,,,,,,,,,,,,,,,,,,,,,,,,0,0,0,0,0
75.8597,1783969927.6265,3,2,0.5000,0.5281,1.42233,-0.03161,-2.63742,1.09828,1.57085,0.11671,-0.12757,-0.48152,0.02655,,,,,,,,,,,,,,,,,,,,,,,,,,0,0,0,0,0
75.8655,1783969927.6323,3,2,0.5000,0.5286,1.42233,-0.03161,-2.63742,1.09828,1.57085,0.11671,-0.12757,-0.48152,0.02655,,,,,,,,,,,,,,,,,,,,,,,,,,0,0,0,0,0
75.8854,1783969927.6522,3,2,0.5000,0.5358,1.42233,-0.03161,-2.63742,1.09828,1.57085,0.11671,-0.12757,-0.48152,0.02655,,,,,,,,,,,,,,,,,,,,,,,,,,0,0,0,0,0
75.8861,1783969927.6528,3,2,0.5000,0.5266,1.42233,-0.03161,-2.63742,1.09828,1.57085,0.11671,-0.12757,-0.48152,0.02655,,,,,,,,,,,,,,,,,,,,,,,,,,0,0,0,0,0
75.8866,1783969927.6534,3,2,0.5000,0.5254,1.42233,-0.03161,-2.63742,1.09828,1.57085,0.11671,-0.12757,-0.48152,0.02655,,,,,,,,,,,,,,,,,,,,,,,,,,0,0,0,0,0
75.8963,1783969927.6631,3,2,0.5000,0.5393,1.42233,-0.03161,-2.63742,1.09828,1.57085,0.11671,-0.12757,-0.48152,0.02655,,,,,,,,,,,,,,,,,,,,,,,,,,0,0,0,0,0
75.8966,1783969927.6634,3,2,0.5000,0.5380,1.42233,-0.03161,-2.63742,1.09828,1.57085,0.11671,-0.12757,-0.48152,0.02655,,,,,,,,,,,,,,,,,,,,,,,,,,0,0,0,0,0
75.9059,1783969927.6726,3,2,0.5000,0.5352,1.42233,-0.03161,-2.63742,1.09828,1.57085,0.11671,-0.12757,-0.48152,0.02655,,,,,,,,,,,,,,,,,,,,,,,,,,0,0,0,0,0
75.9062,1783969927.6730,3,2,0.5000,0.5379,1.42233,-0.03161,-2.63742,1.09828,1.57085,0.11671,-0.12757,-0.48152,0.02655,,,,,,,,,,,,,,,,,,,,,,,,,,0,0,0,0,0
75.9152,1783969927.6819,3,2,0.5000,0.5586,1.42233,-0.03161,-2.63742,1.09828,1.57085,0.11671,-0.12757,-0.48152,0.02655,,,,,,,,,,,,,,,,,,,,,,,,,,0,0,0,0,0
75.9154,1783969927.6822,3,2,0.5000,0.5584,1.42233,-0.03161,-2.63742,1.09828,1.57085,0.11671,-0.12757,-0.48152,0.02655,,,,,,,,,,,,,,,,,,,,,,,,,,0,0,0,0,0
75.9272,1783969927.6939,3,2,0.5000,0.5632,1.42233,-0.03161,-2.63742,1.09828,1.57085,0.11671,-0.12757,-0.48152,0.02655,,,,,,,,,,,,,,,,,,,,,,,,,,0,0,0,0,0
75.9274,1783969927.6942,3,2,0.5000,0.5796,1.42233,-0.03161,-2.63742,1.09828,1.57085,0.11671,-0.12757,-0.48152,0.02655,,,,,,,,,,,,,,,,,,,,,,,,,,0,0,0,0,0
75.9489,1783969927.7156,3,2,0.5000,0.5682,1.42233,-0.03161,-2.63742,1.09828,1.57085,0.11671,-0.12757,-0.48152,0.02655,,,,,,,,,,,,,,,,,,,,,,,,,,0,0,0,0,0
75.9551,1783969927.7218,3,2,0.5000,0.5824,1.42233,-0.03161,-2.63742,1.09828,1.57085,0.11671,-0.12757,-0.48152,0.02655,,,,,,,,,,,,,,,,,,,,,,,,,,0,0,0,0,0
75.9635,1783969927.7303,3,2,0.5000,0.5878,1.42233,-0.03161,-2.63742,1.09828,1.57085,0.11671,-0.12757,-0.48152,0.02655,,,,,,,,,,,,,,,,,,,,,,,,,,0,0,0,0,0
76.0430,1783969927.8098,3,2,0.5000,0.5895,1.42233,-0.03161,-2.63742,1.09828,1.57085,0.11671,-0.12757,-0.48152,0.02655,,,,,,,,,,,,,,,,,,,,,,,,,,0,0,0,0,0
76.0510,1783969927.8178,3,2,0.5000,0.6050,1.42233,-0.03161,-2.63742,1.09828,1.57085,0.11671,-0.12757,-0.48152,0.02655,,,,,,,,,,,,,,,,,,,,,,,,,,0,0,0,0,0
76.0592,1783969927.8260,3,2,0.5000,0.5940,1.42233,-0.03161,-2.63742,1.09828,1.57085,0.11671,-0.12757,-0.48152,0.02655,,,,,,,,,,,,,,,,,,,,,,,,,,0,0,0,0,0
76.0595,1783969927.8263,3,2,0.5000,0.5930,1.42233,-0.03161,-2.63742,1.09828,1.57085,0.11671,-0.12757,-0.48152,0.02655,,,,,,,,,,,,,,,,,,,,,,,,,,0,0,0,0,0
76.0671,1783969927.8339,3,2,0.5000,0.5833,1.42233,-0.03161,-2.63742,1.09828,1.57085,0.11671,-0.12757,-0.48152,0.02655,,,,,,,,,,,,,,,,,,,,,,,,,,0,0,0,0,0
76.0699,1783969927.8367,3,2,0.5000,0.5421,1.42233,-0.03161,-2.63742,1.09828,1.57085,0.11671,-0.12757,-0.48152,0.02655,,,,,,,,,,,,,,,,,,,,,,,,,,0,0,0,0,0
76.0720,1783969927.8388,3,2,0.5000,0.5376,1.42233,-0.03161,-2.63742,1.09828,1.57085,0.11671,-0.12757,-0.48152,0.02655,,,,,,,,,,,,,,,,,,,,,,,,,,0,0,0,0,0
76.0879,1783969927.8546,3,2,0.5000,0.5412,1.42233,-0.03162,-2.63742,1.09828,1.57085,0.11671,-0.12757,-0.48152,0.02655,,,,,,,,,,,,,,,,,,,,,,,,,,0,0,0,0,0
76.1778,1783969927.9445,3,2,0.5000,0.5365,1.42233,-0.03162,-2.63742,1.09828,1.57085,0.11671,-0.12757,-0.48152,0.02655,,,,,,,,,,,,,,,,,,,,,,,,,,0,0,0,0,0
76.2768,1783969928.0436,3,2,0.5000,0.5458,1.42233,-0.03162,-2.63742,1.09828,1.57085,0.11671,-0.12757,-0.48152,0.02655,,,,,,,,,,,,,,,,,,,,,,,,,,0,0,0,0,0
76.4816,1783969928.2484,3,2,0.5000,0.5473,1.42233,-0.03162,-2.63742,1.09828,1.57085,0.11671,-0.12757,-0.48152,0.02655,,,,,,,,,,,,,,,,,,,,,,,,,,0,0,0,0,0
76.4911,1783969928.2579,3,2,0.5000,0.5462,1.42233,-0.03162,-2.63742,1.09828,1.57085,0.11671,-0.12757,-0.48152,0.02655,,,,,,,,,,,,,,,,,,,,,,,,,,0,0,0,0,0
76.4972,1783969928.2640,3,2,0.5000,0.5463,1.42233,-0.03162,-2.63742,1.09828,1.57085,0.11671,-0.12757,-0.48152,0.02655,,,,,,,,,,,,,,,,,,,,,,,,,,0,0,0,0,0
76.4976,1783969928.2644,3,2,0.5000,0.5444,1.42233,-0.03162,-2.63742,1.09828,1.57085,0.11671,-0.12757,-0.48152,0.02655,,,,,,,,,,,,,,,,,,,,,,,,,,0,0,0,0,0
76.4994,1783969928.2661,3,2,0.5000,0.5294,1.42233,-0.03162,-2.63742,1.09828,1.57085,0.11671,-0.12757,-0.48152,0.02655,,,,,,,,,,,,,,,,,,,,,,,,,,0,0,0,0,0
76.4996,1783969928.2664,3,2,0.5000,0.5211,1.42233,-0.03162,-2.63742,1.09828,1.57085,0.11671,-0.12757,-0.48152,0.02655,,,,,,,,,,,,,,,,,,,,,,,,,,0,0,0,0,0
76.5001,1783969928.2668,3,2,0.5000,0.5225,1.42233,-0.03162,-2.63742,1.09828,1.57085,0.11671,-0.12757,-0.48152,0.02655,,,,,,,,,,,,,,,,,,,,,,,,,,0,0,0,0,0
76.5004,1783969928.2671,3,2,0.5000,0.4894,1.42233,-0.03162,-2.63742,1.09828,1.57085,0.11671,-0.12757,-0.48152,0.02655,,,,,,,,,,,,,,,,,,,,,,,,,,0,0,0,0,0
76.5016,1783969928.2683,3,2,0.5000,0.4513,1.42233,-0.03162,-2.63742,1.09828,1.57085,0.11671,-0.12757,-0.48152,0.02655,,,,,,,,,,,,,,,,,,,,,,,,,,0,0,0,0,0
76.5018,1783969928.2686,3,2,0.5000,0.4953,1.42233,-0.03162,-2.63742,1.09828,1.57085,0.11671,-0.12757,-0.48152,0.02655,,,,,,,,,,,,,,,,,,,,,,,,,,0,0,0,0,0
76.5260,1783969928.2928,3,2,0.5000,0.5112,1.42233,-0.03162,-2.63742,1.09828,1.57085,0.11671,-0.12757,-0.48152,0.02655,,,,,,,,,,,,,,,,,,,,,,,,,,0,0,0,0,0
76.5481,1783969928.3149,3,2,0.5000,0.5441,1.42233,-0.03162,-2.63742,1.09828,1.57085,0.11671,-0.12757,-0.48152,0.02655,,,,,,,,,,,,,,,,,,,,,,,,,,0,0,0,0,0
76.5591,1783969928.3259,3,2,0.5000,0.5329,1.42233,-0.03162,-2.63742,1.09828,1.57085,0.11671,-0.12757,-0.48152,0.02655,,,,,,,,,,,,,,,,,,,,,,,,,,0,0,0,0,0
76.5593,1783969928.3261,3,2,0.5000,0.5281,1.42233,-0.03162,-2.63742,1.09828,1.57085,0.11671,-0.12757,-0.48152,0.02655,,,,,,,,,,,,,,,,,,,,,,,,,,0,0,0,0,0
76.5674,1783969928.3342,3,2,0.5000,0.5420,1.42233,-0.03162,-2.63742,1.09828,1.57085,0.11671,-0.12757,-0.48152,0.02655,,,,,,,,,,,,,,,,,,,,,,,,,,0,0,0,0,0
76.5706,1783969928.3374,3,2,0.5000,0.5303,1.42233,-0.03162,-2.63742,1.09828,1.57085,0.11671,-0.12757,-0.48152,0.02655,,,,,,,,,,,,,,,,,,,,,,,,,,0,0,0,0,0
76.5712,1783969928.3380,3,2,0.5000,0.5262,1.42233,-0.03162,-2.63742,1.09828,1.57085,0.11671,-0.12757,-0.48152,0.02655,,,,,,,,,,,,,,,,,,,,,,,,,,0,0,0,0,0
76.5801,1783969928.3469,3,2,0.5000,0.4925,1.42233,-0.03162,-2.63742,1.09828,1.57085,0.11671,-0.12757,-0.48152,0.02655,,,,,,,,,,,,,,,,,,,,,,,,,,0,0,0,0,0
76.5886,1783969928.3554,3,2,0.5000,0.4666,1.42233,-0.03162,-2.63742,1.09828,1.57085,0.11671,-0.12757,-0.48152,0.02655,,,,,,,,,,,,,,,,,,,,,,,,,,0,0,0,0,0
76.5889,1783969928.3557,3,2,0.5000,0.4961,1.42233,-0.03162,-2.63742,1.09828,1.57085,0.11671,-0.12757,-0.48152,0.02655,,,,,,,,,,,,,,,,,,,,,,,,,,0,0,0,0,0
76.6024,1783969928.3691,3,2,0.5000,0.4924,1.42233,-0.03161,-2.63742,1.09828,1.57085,0.11671,-0.12757,-0.48152,0.02655,,,,,,,,,,,,,,,,,,,,,,,,,,0,0,0,0,0
76.6108,1783969928.3775,3,2,0.5000,0.5071,1.42233,-0.03161,-2.63742,1.09828,1.57085,0.11671,-0.12757,-0.48152,0.02655,,,,,,,,,,,,,,,,,,,,,,,,,,0,0,0,0,0
76.6114,1783969928.3782,3,2,0.5000,0.5161,1.42233,-0.03161,-2.63742,1.09828,1.57085,0.11671,-0.12757,-0.48152,0.02655,,,,,,,,,,,,,,,,,,,,,,,,,,0,0,0,0,0
76.6196,1783969928.3864,3,2,0.5000,0.5141,1.42233,-0.03161,-2.63742,1.09828,1.57085,0.11671,-0.12757,-0.48152,0.02655,,,,,,,,,,,,,,,,,,,,,,,,,,0,0,0,0,0
76.6220,1783969928.3888,3,2,0.5000,0.5197,1.42233,-0.03161,-2.63742,1.09828,1.57085,0.11671,-0.12757,-0.48152,0.02655,,,,,,,,,,,,,,,,,,,,,,,,,,0,0,0,0,0
76.6224,1783969928.3892,3,2,0.5000,0.5035,1.42233,-0.03161,-2.63742,1.09828,1.57085,0.11671,-0.12757,-0.48152,0.02655,,,,,,,,,,,,,,,,,,,,,,,,,,0,0,0,0,0
76.6813,1783969928.4481,3,2,0.5000,0.5093,1.42233,-0.03161,-2.63742,1.09828,1.57085,0.11671,-0.12757,-0.48152,0.02655,,,,,,,,,,,,,,,,,,,,,,,,,,0,0,0,0,0
76.6918,1783969928.4586,3,2,0.5000,0.4994,1.42233,-0.03161,-2.63742,1.09828,1.57085,0.11671,-0.12757,-0.48152,0.02655,,,,,,,,,,,,,,,,,,,,,,,,,,0,0,0,0,0
76.7357,1783969928.5025,3,2,0.5000,0.4984,1.42233,-0.03161,-2.63742,1.09828,1.57085,0.11671,-0.12757,-0.48152,0.02655,,,,,,,,,,,,,,,,,,,,,,,,,,0,0,0,0,0
76.7458,1783969928.5126,3,2,0.5000,0.4908,1.42233,-0.03161,-2.63742,1.09828,1.57085,0.11671,-0.12757,-0.48152,0.02655,,,,,,,,,,,,,,,,,,,,,,,,,,0,0,0,0,0
76.7633,1783969928.5301,3,2,0.5000,0.4509,1.42233,-0.03161,-2.63742,1.09828,1.57085,0.11671,-0.12757,-0.48152,0.02655,,,,,,,,,,,,,,,,,,,,,,,,,,0,0,0,0,0
76.7683,1783969928.5351,3,2,0.5000,0.4613,1.42233,-0.03161,-2.63742,1.09828,1.57085,0.11671,-0.12757,-0.48152,0.02655,,,,,,,,,,,,,,,,,,,,,,,,,,0,0,0,0,0
76.7703,1783969928.5371,3,2,0.5000,0.4188,1.42233,-0.03161,-2.63742,1.09828,1.57085,0.11671,-0.12757,-0.48152,0.02655,,,,,,,,,,,,,,,,,,,,,,,,,,0,0,0,0,0
76.7721,1783969928.5389,3,2,0.5000,0.4260,1.42233,-0.03161,-2.63742,1.09828,1.57085,0.11671,-0.12757,-0.48152,0.02655,,,,,,,,,,,,,,,,,,,,,,,,,,0,0,0,0,0
76.7725,1783969928.5393,3,2,0.5000,0.4363,1.42233,-0.03161,-2.63742,1.09828,1.57085,0.11671,-0.12757,-0.48152,0.02655,,,,,,,,,,,,,,,,,,,,,,,,,,0,0,0,0,0
76.7784,1783969928.5452,3,2,0.5000,0.4432,1.42233,-0.03161,-2.63742,1.09828,1.57085,0.11671,-0.12757,-0.48152,0.02655,,,,,,,,,,,,,,,,,,,,,,,,,,0,0,0,0,0
76.7836,1783969928.5504,3,2,0.5000,0.4573,1.42233,-0.03161,-2.63742,1.09828,1.57085,0.11671,-0.12757,-0.48152,0.02655,,,,,,,,,,,,,,,,,,,,,,,,,,0,0,0,0,0
76.7839,1783969928.5507,3,2,0.5000,0.4660,1.42233,-0.03161,-2.63742,1.09828,1.57085,0.11671,-0.12757,-0.48152,0.02655,,,,,,,,,,,,,,,,,,,,,,,,,,0,0,0,0,0
76.7893,1783969928.5560,3,2,0.5000,0.5353,1.42233,-0.03161,-2.63742,1.09828,1.57085,0.11671,-0.12757,-0.48152,0.02655,,,,,,,,,,,,,,,,,,,,,,,,,,0,0,0,0,0
76.7901,1783969928.5569,3,2,0.5000,0.4981,1.42233,-0.03161,-2.63742,1.09828,1.57085,0.11671,-0.12757,-0.48152,0.02655,,,,,,,,,,,,,,,,,,,,,,,,,,0,0,0,0,0
76.7937,1783969928.5605,3,2,0.5000,0.5027,1.42233,-0.03161,-2.63742,1.09828,1.57085,0.11671,-0.12757,-0.48152,0.02655,,,,,,,,,,,,,,,,,,,,,,,,,,0,0,0,0,0
76.7954,1783969928.5621,3,2,0.5000,0.4997,1.42233,-0.03161,-2.63742,1.09828,1.57085,0.11671,-0.12757,-0.48152,0.02655,,,,,,,,,,,,,,,,,,,,,,,,,,0,0,0,0,0
76.8055,1783969928.5723,3,2,0.5000,0.4945,1.42233,-0.03161,-2.63742,1.09828,1.57085,0.11671,-0.12757,-0.48152,0.02655,,,,,,,,,,,,,,,,,,,,,,,,,,0,0,0,0,0
76.8078,1783969928.5746,3,2,0.5000,0.5078,1.42233,-0.03161,-2.63742,1.09828,1.57085,0.11671,-0.12757,-0.48152,0.02655,,,,,,,,,,,,,,,,,,,,,,,,,,0,0,0,0,0
76.8155,1783969928.5823,3,2,0.5000,0.4649,1.42233,-0.03161,-2.63742,1.09828,1.57085,0.11671,-0.12757,-0.48152,0.02655,,,,,,,,,,,,,,,,,,,,,,,,,,0,0,0,0,0
76.8159,1783969928.5827,3,2,0.5000,0.4588,1.42233,-0.03161,-2.63742,1.09828,1.57085,0.11671,-0.12757,-0.48152,0.02655,,,,,,,,,,,,,,,,,,,,,,,,,,0,0,0,0,0
76.8173,1783969928.5840,3,2,0.5000,0.4597,1.42233,-0.03161,-2.63742,1.09828,1.57085,0.11671,-0.12757,-0.48152,0.02655,,,,,,,,,,,,,,,,,,,,,,,,,,0,0,0,0,0
76.8212,1783969928.5880,3,2,0.5000,0.4530,1.42233,-0.03161,-2.63742,1.09828,1.57085,0.11671,-0.12757,-0.48152,0.02655,,,,,,,,,,,,,,,,,,,,,,,,,,0,0,0,0,0
76.8215,1783969928.5883,3,2,0.5000,0.4847,1.42233,-0.03161,-2.63742,1.09828,1.57085,0.11671,-0.12757,-0.48152,0.02655,,,,,,,,,,,,,,,,,,,,,,,,,,0,0,0,0,0
76.8219,1783969928.5887,3,2,0.5000,0.4997,1.42233,-0.03161,-2.63742,1.09828,1.57085,0.11671,-0.12757,-0.48152,0.02655,,,,,,,,,,,,,,,,,,,,,,,,,,0,0,0,0,0
76.8223,1783969928.5891,3,2,0.5000,0.4242,1.42233,-0.03161,-2.63742,1.09828,1.57085,0.11671,-0.12757,-0.48152,0.02655,,,,,,,,,,,,,,,,,,,,,,,,,,0,0,0,0,0
76.8239,1783969928.5907,3,2,0.5000,0.4072,1.42233,-0.03161,-2.63742,1.09828,1.57085,0.11671,-0.12757,-0.48152,0.02655,,,,,,,,,,,,,,,,,,,,,,,,,,0,0,0,0,0
76.8244,1783969928.5911,3,2,0.5000,0.4100,1.42233,-0.03161,-2.63742,1.09828,1.57085,0.11671,-0.12757,-0.48152,0.02655,,,,,,,,,,,,,,,,,,,,,,,,,,0,0,0,0,0
76.8248,1783969928.5916,3,2,0.5000,0.4110,1.42233,-0.03161,-2.63742,1.09828,1.57085,0.11671,-0.12757,-0.48152,0.02655,,,,,,,,,,,,,,,,,,,,,,,,,,0,0,0,0,0
76.8255,1783969928.5923,3,2,0.5000,0.4479,1.42233,-0.03161,-2.63742,1.09828,1.57085,0.11671,-0.12757,-0.48152,0.02655,,,,,,,,,,,,,,,,,,,,,,,,,,0,0,0,0,0
76.8259,1783969928.5927,3,2,0.5000,0.5001,1.42233,-0.03161,-2.63742,1.09828,1.57085,0.11671,-0.12757,-0.48152,0.02655,,,,,,,,,,,,,,,,,,,,,,,,,,0,0,0,0,0
76.9582,1783969928.7250,3,2,0.5000,0.4683,1.42233,-0.03161,-2.63742,1.09828,1.57085,0.11671,-0.12757,-0.48152,0.02655,,,,,,,,,,,,,,,,,,,,,,,,,,0,0,0,0,0
76.9691,1783969928.7359,3,2,0.5000,0.4411,1.42233,-0.03161,-2.63742,1.09828,1.57085,0.11671,-0.12757,-0.48152,0.02655,,,,,,,,,,,,,,,,,,,,,,,,,,0,0,0,0,0
76.9712,1783969928.7380,3,2,0.5000,0.4185,1.42233,-0.03161,-2.63742,1.09828,1.57085,0.11671,-0.12757,-0.48152,0.02655,,,,,,,,,,,,,,,,,,,,,,,,,,0,0,0,0,0
76.9715,1783969928.7382,3,2,0.5000,0.4263,1.42233,-0.03161,-2.63742,1.09828,1.57085,0.11671,-0.12757,-0.48152,0.02655,,,,,,,,,,,,,,,,,,,,,,,,,,0,0,0,0,0
76.9718,1783969928.7385,3,2,0.5000,0.4223,1.42233,-0.03161,-2.63742,1.09828,1.57085,0.11671,-0.12757,-0.48152,0.02655,,,,,,,,,,,,,,,,,,,,,,,,,,0,0,0,0,0
76.9736,1783969928.7404,3,2,0.5000,0.4429,1.42233,-0.03161,-2.63742,1.09828,1.57085,0.11671,-0.12757,-0.48152,0.02655,,,,,,,,,,,,,,,,,,,,,,,,,,0,0,0,0,0
76.9739,1783969928.7407,3,2,0.5000,0.4512,1.42233,-0.03161,-2.63742,1.09828,1.57085,0.11671,-0.12757,-0.48152,0.02655,,,,,,,,,,,,,,,,,,,,,,,,,,0,0,0,0,0
76.9742,1783969928.7410,3,2,0.5000,0.4415,1.42233,-0.03161,-2.63742,1.09828,1.57085,0.11671,-0.12757,-0.48152,0.02655,,,,,,,,,,,,,,,,,,,,,,,,,,0,0,0,0,0
76.9745,1783969928.7412,3,2,0.5000,0.4483,1.42233,-0.03161,-2.63742,1.09828,1.57085,0.11671,-0.12757,-0.48152,0.02655,,,,,,,,,,,,,,,,,,,,,,,,,,0,0,0,0,0
76.9748,1783969928.7416,3,2,0.5000,0.4444,1.42233,-0.03161,-2.63742,1.09828,1.57085,0.11671,-0.12757,-0.48152,0.02655,,,,,,,,,,,,,,,,,,,,,,,,,,0,0,0,0,0
76.9754,1783969928.7422,3,2,0.5000,0.4318,1.42233,-0.03161,-2.63742,1.09828,1.57085,0.11671,-0.12757,-0.48152,0.02655,,,,,,,,,,,,,,,,,,,,,,,,,,0,0,0,0,0
76.9757,1783969928.7425,3,2,0.5000,0.4418,1.42233,-0.03161,-2.63742,1.09828,1.57085,0.11671,-0.12757,-0.48152,0.02655,,,,,,,,,,,,,,,,,,,,,,,,,,0,0,0,0,0
77.4789,1783969929.2457,3,2,0.5000,0.4292,1.42233,-0.03161,-2.63742,1.09828,1.57085,0.11671,-0.12757,-0.48152,0.02655,,,,,,,,,,,,,,,,,,,,,,,,,,0,0,0,0,0
77.4834,1783969929.2502,3,2,0.5000,0.4609,1.42233,-0.03161,-2.63742,1.09828,1.57085,0.11671,-0.12757,-0.48152,0.02655,,,,,,,,,,,,,,,,,,,,,,,,,,0,0,0,0,0
77.4867,1783969929.2535,3,2,0.5000,0.4665,1.42233,-0.03161,-2.63742,1.09828,1.57085,0.11671,-0.12757,-0.48152,0.02655,,,,,,,,,,,,,,,,,,,,,,,,,,0,0,0,0,0
77.4870,1783969929.2538,3,2,0.5000,0.4774,1.42233,-0.03161,-2.63742,1.09828,1.57085,0.11671,-0.12757,-0.48152,0.02655,,,,,,,,,,,,,,,,,,,,,,,,,,0,0,0,0,0
77.4878,1783969929.2546,3,2,0.5000,0.4612,1.42233,-0.03161,-2.63742,1.09828,1.57085,0.11671,-0.12757,-0.48152,0.02655,,,,,,,,,,,,,,,,,,,,,,,,,,0,0,0,0,0
77.4885,1783969929.2553,3,2,0.5000,0.4529,1.42233,-0.03161,-2.63742,1.09828,1.57085,0.11671,-0.12757,-0.48152,0.02655,,,,,,,,,,,,,,,,,,,,,,,,,,0,0,0,0,0
77.4889,1783969929.2556,3,2,0.5000,0.4520,1.42233,-0.03161,-2.63742,1.09828,1.57085,0.11671,-0.12757,-0.48152,0.02655,,,,,,,,,,,,,,,,,,,,,,,,,,0,0,0,0,0
77.4892,1783969929.2560,3,2,0.5000,0.3836,1.42233,-0.03161,-2.63742,1.09828,1.57085,0.11671,-0.12757,-0.48152,0.02655,,,,,,,,,,,,,,,,,,,,,,,,,,0,0,0,0,0
77.4922,1783969929.2590,3,2,0.5000,0.4225,1.42233,-0.03161,-2.63742,1.09828,1.57085,0.11671,-0.12757,-0.48152,0.02655,,,,,,,,,,,,,,,,,,,,,,,,,,0,0,0,0,0
77.4925,1783969929.2593,3,2,0.5000,0.4238,1.42233,-0.03161,-2.63742,1.09828,1.57085,0.11671,-0.12757,-0.48152,0.02655,,,,,,,,,,,,,,,,,,,,,,,,,,0,0,0,0,0
77.4928,1783969929.2596,3,2,0.5000,0.4241,1.42233,-0.03161,-2.63742,1.09828,1.57085,0.11671,-0.12757,-0.48152,0.02655,,,,,,,,,,,,,,,,,,,,,,,,,,0,0,0,0,0
77.4986,1783969929.2654,3,2,0.5000,0.4611,1.42233,-0.03161,-2.63742,1.09828,1.57085,0.11671,-0.12757,-0.48152,0.02655,,,,,,,,,,,,,,,,,,,,,,,,,,0,0,0,0,0
77.4993,1783969929.2661,3,2,0.5000,0.4896,1.42233,-0.03161,-2.63742,1.09828,1.57085,0.11671,-0.12757,-0.48152,0.02655,,,,,,,,,,,,,,,,,,,,,,,,,,0,0,0,0,0
77.5227,1783969929.2895,3,2,0.5000,0.4602,1.42233,-0.03161,-2.63742,1.09828,1.57085,0.11671,-0.12757,-0.48152,0.02655,,,,,,,,,,,,,,,,,,,,,,,,,,0,0,0,0,0
77.5230,1783969929.2898,3,2,0.5000,0.4526,1.42233,-0.03161,-2.63742,1.09828,1.57085,0.11671,-0.12757,-0.48152,0.02655,,,,,,,,,,,,,,,,,,,,,,,,,,0,0,0,0,0
77.5364,1783969929.3031,3,2,0.5000,0.4517,1.42233,-0.03162,-2.63742,1.09828,1.57085,0.11671,-0.12757,-0.48152,0.02655,,,,,,,,,,,,,,,,,,,,,,,,,,0,0,0,0,0
77.5439,1783969929.3107,3,2,0.5000,0.4364,1.42233,-0.03162,-2.63742,1.09828,1.57085,0.11671,-0.12757,-0.48152,0.02655,,,,,,,,,,,,,,,,,,,,,,,,,,0,0,0,0,0
77.5484,1783969929.3152,3,2,0.5000,0.4467,1.42233,-0.03162,-2.63742,1.09828,1.57085,0.11671,-0.12757,-0.48152,0.02655,,,,,,,,,,,,,,,,,,,,,,,,,,0,0,0,0,0
77.5508,1783969929.3176,3,2,0.5000,0.4485,1.42233,-0.03162,-2.63742,1.09828,1.57085,0.11671,-0.12757,-0.48152,0.02655,,,,,,,,,,,,,,,,,,,,,,,,,,0,0,0,0,0
77.5514,1783969929.3182,3,2,0.5000,0.4840,1.42233,-0.03162,-2.63742,1.09828,1.57085,0.11671,-0.12757,-0.48152,0.02655,,,,,,,,,,,,,,,,,,,,,,,,,,0,0,0,0,0
77.5548,1783969929.3216,3,2,0.5000,0.4646,1.42233,-0.03162,-2.63742,1.09828,1.57085,0.11671,-0.12757,-0.48152,0.02655,,,,,,,,,,,,,,,,,,,,,,,,,,0,0,0,0,0
77.5555,1783969929.3223,3,2,0.5000,0.4450,1.42233,-0.03162,-2.63742,1.09828,1.57085,0.11671,-0.12757,-0.48152,0.02655,,,,,,,,,,,,,,,,,,,,,,,,,,0,0,0,0,0
77.5628,1783969929.3296,3,2,0.5000,0.4367,1.42233,-0.03162,-2.63742,1.09828,1.57085,0.11671,-0.12757,-0.48152,0.02655,,,,,,,,,,,,,,,,,,,,,,,,,,0,0,0,0,0
77.5635,1783969929.3302,3,2,0.5000,0.4304,1.42233,-0.03162,-2.63742,1.09828,1.57085,0.11671,-0.12757,-0.48152,0.02655,,,,,,,,,,,,,,,,,,,,,,,,,,0,0,0,0,0
77.5637,1783969929.3305,3,2,0.5000,0.3928,1.42233,-0.03162,-2.63742,1.09828,1.57085,0.11671,-0.12757,-0.48152,0.02655,,,,,,,,,,,,,,,,,,,,,,,,,,0,0,0,0,0
77.5640,1783969929.3307,3,2,0.5000,0.4131,1.42233,-0.03162,-2.63742,1.09828,1.57085,0.11671,-0.12757,-0.48152,0.02655,,,,,,,,,,,,,,,,,,,,,,,,,,0,0,0,0,0
77.5676,1783969929.3344,3,2,0.5000,0.4140,1.42233,-0.03162,-2.63742,1.09828,1.57085,0.11671,-0.12757,-0.48152,0.02655,,,,,,,,,,,,,,,,,,,,,,,,,,0,0,0,0,0
77.5680,1783969929.3348,3,2,0.5000,0.4205,1.42233,-0.03162,-2.63742,1.09828,1.57085,0.11671,-0.12757,-0.48152,0.02655,,,,,,,,,,,,,,,,,,,,,,,,,,0,0,0,0,0
77.5719,1783969929.3386,3,2,0.5000,0.4653,1.42233,-0.03162,-2.63742,1.09828,1.57085,0.11671,-0.12757,-0.48152,0.02655,,,,,,,,,,,,,,,,,,,,,,,,,,0,0,0,0,0
77.5836,1783969929.3504,3,2,0.5000,0.5026,1.42233,-0.03162,-2.63742,1.09828,1.57085,0.11671,-0.12757,-0.48152,0.02655,,,,,,,,,,,,,,,,,,,,,,,,,,0,0,0,0,0
77.6051,1783969929.3718,3,2,0.5000,0.4784,1.42233,-0.03162,-2.63742,1.09828,1.57085,0.11671,-0.12757,-0.48152,0.02655,,,,,,,,,,,,,,,,,,,,,,,,,,0,0,0,0,0
77.6090,1783969929.3758,3,2,0.5000,0.4732,1.42233,-0.03162,-2.63742,1.09828,1.57085,0.11671,-0.12757,-0.48152,0.02655,,,,,,,,,,,,,,,,,,,,,,,,,,0,0,0,0,0
77.6295,1783969929.3962,3,2,0.5000,0.4643,1.42233,-0.03162,-2.63742,1.09828,1.57085,0.11671,-0.12757,-0.48152,0.02655,,,,,,,,,,,,,,,,,,,,,,,,,,0,0,0,0,0
77.6361,1783969929.4029,3,2,0.5000,0.4535,1.42233,-0.03162,-2.63742,1.09828,1.57085,0.11671,-0.12757,-0.48152,0.02655,,,,,,,,,,,,,,,,,,,,,,,,,,0,0,0,0,0
77.6395,1783969929.4062,3,2,0.5000,0.4611,1.42233,-0.03162,-2.63742,1.09828,1.57085,0.11671,-0.12757,-0.48152,0.02655,,,,,,,,,,,,,,,,,,,,,,,,,,0,0,0,0,0
77.6409,1783969929.4076,3,2,0.5000,0.4507,1.42233,-0.03162,-2.63742,1.09828,1.57085,0.11671,-0.12757,-0.48152,0.02655,,,,,,,,,,,,,,,,,,,,,,,,,,0,0,0,0,0
77.6476,1783969929.4144,3,2,0.5000,0.4634,1.42233,-0.03162,-2.63742,1.09828,1.57085,0.11671,-0.12757,-0.48152,0.02655,,,,,,,,,,,,,,,,,,,,,,,,,,0,0,0,0,0
77.6481,1783969929.4149,3,2,0.5000,0.4539,1.42233,-0.03162,-2.63742,1.09828,1.57085,0.11671,-0.12757,-0.48152,0.02655,,,,,,,,,,,,,,,,,,,,,,,,,,0,0,0,0,0
77.6486,1783969929.4153,3,2,0.5000,0.4522,1.42233,-0.03162,-2.63742,1.09828,1.57085,0.11671,-0.12757,-0.48152,0.02655,,,,,,,,,,,,,,,,,,,,,,,,,,0,0,0,0,0
77.6556,1783969929.4224,3,2,0.5000,0.4456,1.42233,-0.03162,-2.63742,1.09828,1.57085,0.11671,-0.12757,-0.48152,0.02655,,,,,,,,,,,,,,,,,,,,,,,,,,0,0,0,0,0
77.6568,1783969929.4235,3,2,0.5000,0.4471,1.42233,-0.03162,-2.63742,1.09828,1.57085,0.11671,-0.12757,-0.48152,0.02655,,,,,,,,,,,,,,,,,,,,,,,,,,0,0,0,0,0
77.6631,1783969929.4298,3,2,0.5000,0.4271,1.42233,-0.03162,-2.63742,1.09828,1.57085,0.11671,-0.12757,-0.48152,0.02655,,,,,,,,,,,,,,,,,,,,,,,,,,0,0,0,0,0
77.6635,1783969929.4303,3,2,0.5000,0.4296,1.42233,-0.03162,-2.63742,1.09828,1.57085,0.11671,-0.12757,-0.48152,0.02655,,,,,,,,,,,,,,,,,,,,,,,,,,0,0,0,0,0
77.6657,1783969929.4325,3,2,0.5000,0.4387,1.42233,-0.03162,-2.63742,1.09828,1.57085,0.11671,-0.12757,-0.48152,0.02655,,,,,,,,,,,,,,,,,,,,,,,,,,0,0,0,0,0
77.6660,1783969929.4328,3,2,0.5000,0.4382,1.42233,-0.03162,-2.63742,1.09828,1.57085,0.11671,-0.12757,-0.48152,0.02655,,,,,,,,,,,,,,,,,,,,,,,,,,0,0,0,0,0
77.6827,1783969929.4495,3,2,0.5000,0.4458,1.42233,-0.03162,-2.63742,1.09828,1.57085,0.11671,-0.12757,-0.48152,0.02655,,,,,,,,,,,,,,,,,,,,,,,,,,0,0,0,0,0
77.6877,1783969929.4545,3,2,0.5000,0.4403,1.42233,-0.03162,-2.63742,1.09828,1.57085,0.11671,-0.12757,-0.48152,0.02655,,,,,,,,,,,,,,,,,,,,,,,,,,0,0,0,0,0
77.6882,1783969929.4550,3,2,0.5000,0.5271,1.42233,-0.03162,-2.63742,1.09828,1.57085,0.11671,-0.12757,-0.48152,0.02655,,,,,,,,,,,,,,,,,,,,,,,,,,0,0,0,0,0
77.6887,1783969929.4555,3,2,0.5000,0.5280,1.42233,-0.03162,-2.63742,1.09828,1.57085,0.11671,-0.12757,-0.48152,0.02655,,,,,,,,,,,,,,,,,,,,,,,,,,0,0,0,0,0
77.6893,1783969929.4561,3,2,0.5000,0.5353,1.42233,-0.03162,-2.63742,1.09828,1.57085,0.11671,-0.12757,-0.48152,0.02655,,,,,,,,,,,,,,,,,,,,,,,,,,0,0,0,0,0
77.6898,1783969929.4566,3,2,0.5000,0.5306,1.42233,-0.03162,-2.63742,1.09828,1.57085,0.11671,-0.12757,-0.48152,0.02655,,,,,,,,,,,,,,,,,,,,,,,,,,0,0,0,0,0
77.6974,1783969929.4642,3,2,0.5000,0.5563,1.42233,-0.03162,-2.63742,1.09828,1.57085,0.11671,-0.12757,-0.48152,0.02655,,,,,,,,,,,,,,,,,,,,,,,,,,0,0,0,0,0
77.7030,1783969929.4698,3,2,0.5000,0.5431,1.42233,-0.03162,-2.63742,1.09828,1.57085,0.11671,-0.12757,-0.48152,0.02655,,,,,,,,,,,,,,,,,,,,,,,,,,0,0,0,0,0
77.7037,1783969929.4704,3,2,0.5000,0.5313,1.42233,-0.03162,-2.63742,1.09828,1.57085,0.11671,-0.12757,-0.48152,0.02655,,,,,,,,,,,,,,,,,,,,,,,,,,0,0,0,0,0
77.7042,1783969929.4709,3,2,0.5000,0.5296,1.42233,-0.03162,-2.63742,1.09828,1.57085,0.11671,-0.12757,-0.48152,0.02655,,,,,,,,,,,,,,,,,,,,,,,,,,0,0,0,0,0
77.7045,1783969929.4712,3,2,0.5000,0.4903,1.42233,-0.03162,-2.63742,1.09828,1.57085,0.11671,-0.12757,-0.48152,0.02655,,,,,,,,,,,,,,,,,,,,,,,,,,0,0,0,0,0
77.7048,1783969929.4716,3,2,0.5000,0.4972,1.42233,-0.03162,-2.63742,1.09828,1.57085,0.11671,-0.12757,-0.48152,0.02655,,,,,,,,,,,,,,,,,,,,,,,,,,0,0,0,0,0
77.7105,1783969929.4772,3,2,0.5000,0.4758,1.42233,-0.03162,-2.63742,1.09828,1.57085,0.11671,-0.12757,-0.48152,0.02655,,,,,,,,,,,,,,,,,,,,,,,,,,0,0,0,0,0
77.7109,1783969929.4776,3,2,0.5000,0.5017,1.42233,-0.03162,-2.63742,1.09828,1.57085,0.11671,-0.12757,-0.48152,0.02655,,,,,,,,,,,,,,,,,,,,,,,,,,0,0,0,0,0
77.7115,1783969929.4782,3,2,0.5000,0.5733,1.42233,-0.03162,-2.63742,1.09828,1.57085,0.11671,-0.12757,-0.48152,0.02655,,,,,,,,,,,,,,,,,,,,,,,,,,0,0,0,0,0
77.7118,1783969929.4786,3,2,0.5000,0.5195,1.42233,-0.03162,-2.63742,1.09828,1.57085,0.11671,-0.12757,-0.48152,0.02655,,,,,,,,,,,,,,,,,,,,,,,,,,0,0,0,0,0
77.7155,1783969929.4823,3,2,0.5000,0.5318,1.42233,-0.03162,-2.63742,1.09828,1.57085,0.11671,-0.12757,-0.48152,0.02655,,,,,,,,,,,,,,,,,,,,,,,,,,0,0,0,0,0
77.7183,1783969929.4851,3,2,0.5000,0.5302,1.42233,-0.03162,-2.63742,1.09828,1.57085,0.11671,-0.12757,-0.48152,0.02655,,,,,,,,,,,,,,,,,,,,,,,,,,0,0,0,0,0
77.7186,1783969929.4854,3,2,0.5000,0.5279,1.42233,-0.03162,-2.63742,1.09828,1.57085,0.11671,-0.12757,-0.48152,0.02655,,,,,,,,,,,,,,,,,,,,,,,,,,0,0,0,0,0
77.7189,1783969929.4857,3,2,0.5000,0.5768,1.42233,-0.03162,-2.63742,1.09828,1.57085,0.11671,-0.12757,-0.48152,0.02655,,,,,,,,,,,,,,,,,,,,,,,,,,0,0,0,0,0
77.7194,1783969929.4861,3,2,0.5000,0.5760,1.42233,-0.03162,-2.63742,1.09828,1.57085,0.11671,-0.12757,-0.48152,0.02655,,,,,,,,,,,,,,,,,,,,,,,,,,0,0,0,0,0
77.7294,1783969929.4962,3,2,0.5000,0.5535,1.42233,-0.03162,-2.63742,1.09828,1.57085,0.11671,-0.12757,-0.48152,0.02655,,,,,,,,,,,,,,,,,,,,,,,,,,0,0,0,0,0
77.7444,1783969929.5111,3,2,0.5000,0.5544,1.42233,-0.03162,-2.63742,1.09828,1.57085,0.11671,-0.12757,-0.48152,0.02655,,,,,,,,,,,,,,,,,,,,,,,,,,0,0,0,0,0
77.7491,1783969929.5158,3,2,0.5000,0.5754,1.42233,-0.03162,-2.63742,1.09828,1.57085,0.11671,-0.12757,-0.48152,0.02655,,,,,,,,,,,,,,,,,,,,,,,,,,0,0,0,0,0
77.7587,1783969929.5255,3,2,0.5000,0.5985,1.42233,-0.03162,-2.63742,1.09828,1.57085,0.11671,-0.12757,-0.48152,0.02655,,,,,,,,,,,,,,,,,,,,,,,,,,0,0,0,0,0
77.7681,1783969929.5348,3,2,0.5000,0.6038,1.42233,-0.03162,-2.63742,1.09828,1.57085,0.11671,-0.12757,-0.48152,0.02655,,,,,,,,,,,,,,,,,,,,,,,,,,0,0,0,0,0
77.7761,1783969929.5429,3,2,0.5000,0.6025,1.42233,-0.03162,-2.63742,1.09828,1.57085,0.11671,-0.12757,-0.48152,0.02655,,,,,,,,,,,,,,,,,,,,,,,,,,0,0,0,0,0
77.7770,1783969929.5438,3,2,0.5000,0.5953,1.42233,-0.03162,-2.63742,1.09828,1.57085,0.11671,-0.12757,-0.48152,0.02655,,,,,,,,,,,,,,,,,,,,,,,,,,0,0,0,0,0
77.7773,1783969929.5441,3,2,0.5000,0.6063,1.42233,-0.03162,-2.63742,1.09828,1.57085,0.11671,-0.12757,-0.48152,0.02655,,,,,,,,,,,,,,,,,,,,,,,,,,0,0,0,0,0
77.7881,1783969929.5549,3,2,0.5000,0.5833,1.42233,-0.03162,-2.63742,1.09828,1.57085,0.11671,-0.12757,-0.48152,0.02655,,,,,,,,,,,,,,,,,,,,,,,,,,0,0,0,0,0
77.7988,1783969929.5656,3,2,0.5000,0.5846,1.42233,-0.03162,-2.63742,1.09828,1.57085,0.11671,-0.12757,-0.48152,0.02655,,,,,,,,,,,,,,,,,,,,,,,,,,0,0,0,0,0
77.7996,1783969929.5663,3,2,0.5000,0.5871,1.42233,-0.03162,-2.63742,1.09828,1.57085,0.11671,-0.12757,-0.48152,0.02655,,,,,,,,,,,,,,,,,,,,,,,,,,0,0,0,0,0
77.8077,1783969929.5745,3,2,0.5000,0.5858,1.42233,-0.03162,-2.63742,1.09828,1.57085,0.11671,-0.12757,-0.48152,0.02655,,,,,,,,,,,,,,,,,,,,,,,,,,0,0,0,0,0
77.8079,1783969929.5747,3,2,0.5000,0.5897,1.42233,-0.03162,-2.63742,1.09828,1.57085,0.11671,-0.12757,-0.48152,0.02655,,,,,,,,,,,,,,,,,,,,,,,,,,0,0,0,0,0
77.8147,1783969929.5815,3,2,0.5000,0.6054,1.42233,-0.03162,-2.63742,1.09828,1.57085,0.11671,-0.12757,-0.48152,0.02655,,,,,,,,,,,,,,,,,,,,,,,,,,0,0,0,0,0
77.8297,1783969929.5965,3,2,0.5000,0.5964,1.42233,-0.03162,-2.63742,1.09828,1.57085,0.11671,-0.12757,-0.48152,0.02655,,,,,,,,,,,,,,,,,,,,,,,,,,0,0,0,0,0
77.8647,1783969929.6315,3,2,0.5000,0.6021,1.42233,-0.03162,-2.63742,1.09828,1.57085,0.11671,-0.12757,-0.48152,0.02655,,,,,,,,,,,,,,,,,,,,,,,,,,0,0,0,0,0
77.8750,1783969929.6418,3,2,0.5000,0.5895,1.42233,-0.03162,-2.63742,1.09828,1.57085,0.11671,-0.12757,-0.48152,0.02655,,,,,,,,,,,,,,,,,,,,,,,,,,0,0,0,0,0
77.8757,1783969929.6425,3,2,0.5000,0.5853,1.42233,-0.03162,-2.63742,1.09828,1.57085,0.11671,-0.12757,-0.48152,0.02655,,,,,,,,,,,,,,,,,,,,,,,,,,0,0,0,0,0
77.8765,1783969929.6433,3,2,0.5000,0.5819,1.42233,-0.03162,-2.63742,1.09828,1.57085,0.11671,-0.12757,-0.48152,0.02655,,,,,,,,,,,,,,,,,,,,,,,,,,0,0,0,0,0
77.8768,1783969929.6436,3,2,0.5000,0.5895,1.42233,-0.03162,-2.63742,1.09828,1.57085,0.11671,-0.12757,-0.48152,0.02655,,,,,,,,,,,,,,,,,,,,,,,,,,0,0,0,0,0
77.8778,1783969929.6446,3,2,0.5000,0.5998,1.42233,-0.03162,-2.63742,1.09828,1.57085,0.11671,-0.12757,-0.48152,0.02655,,,,,,,,,,,,,,,,,,,,,,,,,,0,0,0,0,0
77.8781,1783969929.6449,3,2,0.5000,0.6236,1.42233,-0.03162,-2.63742,1.09828,1.57085,0.11671,-0.12757,-0.48152,0.02655,,,,,,,,,,,,,,,,,,,,,,,,,,0,0,0,0,0
77.8855,1783969929.6523,3,2,0.5000,0.6398,1.42233,-0.03162,-2.63742,1.09828,1.57085,0.11671,-0.12757,-0.48152,0.02655,,,,,,,,,,,,,,,,,,,,,,,,,,0,0,0,0,0
77.8858,1783969929.6526,3,2,0.5000,0.6436,1.42233,-0.03162,-2.63742,1.09828,1.57085,0.11671,-0.12757,-0.48152,0.02655,,,,,,,,,,,,,,,,,,,,,,,,,,0,0,0,0,0
77.8869,1783969929.6537,3,2,0.5000,0.6353,1.42233,-0.03162,-2.63742,1.09828,1.57085,0.11671,-0.12757,-0.48152,0.02655,,,,,,,,,,,,,,,,,,,,,,,,,,0,0,0,0,0
77.8934,1783969929.6602,3,2,0.5000,0.6167,1.42233,-0.03162,-2.63742,1.09828,1.57085,0.11671,-0.12757,-0.48152,0.02655,,,,,,,,,,,,,,,,,,,,,,,,,,0,0,0,0,0
77.8937,1783969929.6605,3,2,0.5000,0.6104,1.42233,-0.03162,-2.63742,1.09828,1.57085,0.11671,-0.12757,-0.48152,0.02655,,,,,,,,,,,,,,,,,,,,,,,,,,0,0,0,0,0
77.9105,1783969929.6772,3,2,0.5000,0.5958,1.42233,-0.03162,-2.63742,1.09828,1.57085,0.11671,-0.12757,-0.48152,0.02655,,,,,,,,,,,,,,,,,,,,,,,,,,0,0,0,0,0
77.9128,1783969929.6796,3,2,0.5000,0.6107,1.42233,-0.03162,-2.63742,1.09828,1.57085,0.11671,-0.12757,-0.48152,0.02655,,,,,,,,,,,,,,,,,,,,,,,,,,0,0,0,0,0
77.9218,1783969929.6886,3,2,0.5000,0.6057,1.42233,-0.03162,-2.63742,1.09828,1.57085,0.11671,-0.12757,-0.48152,0.02655,,,,,,,,,,,,,,,,,,,,,,,,,,0,0,0,0,0
78.0184,1783969929.7852,3,2,0.5000,0.6158,1.42233,-0.03162,-2.63742,1.09828,1.57085,0.11671,-0.12757,-0.48152,0.02655,,,,,,,,,,,,,,,,,,,,,,,,,,0,0,0,0,0
78.0225,1783969929.7893,3,2,0.5000,0.6390,1.42233,-0.03162,-2.63742,1.09828,1.57085,0.11671,-0.12757,-0.48152,0.02655,,,,,,,,,,,,,,,,,,,,,,,,,,0,0,0,0,0
78.0266,1783969929.7934,3,2,0.5000,0.6206,1.42233,-0.03162,-2.63742,1.09828,1.57085,0.11671,-0.12757,-0.48152,0.02655,,,,,,,,,,,,,,,,,,,,,,,,,,0,0,0,0,0
78.0352,1783969929.8020,3,2,0.5000,0.6224,1.42233,-0.03162,-2.63742,1.09828,1.57085,0.11671,-0.12757,-0.48152,0.02655,,,,,,,,,,,,,,,,,,,,,,,,,,0,0,0,0,0
78.0359,1783969929.8026,3,2,0.5000,0.6228,1.42233,-0.03162,-2.63742,1.09828,1.57085,0.11671,-0.12757,-0.48152,0.02655,,,,,,,,,,,,,,,,,,,,,,,,,,0,0,0,0,0
78.0362,1783969929.8029,3,2,0.5000,0.6085,1.42233,-0.03162,-2.63742,1.09828,1.57085,0.11671,-0.12757,-0.48152,0.02655,,,,,,,,,,,,,,,,,,,,,,,,,,0,0,0,0,0
78.0370,1783969929.8038,3,2,0.5000,0.6019,1.42233,-0.03162,-2.63742,1.09828,1.57085,0.11671,-0.12757,-0.48152,0.02655,,,,,,,,,,,,,,,,,,,,,,,,,,0,0,0,0,0
78.0382,1783969929.8050,3,2,0.5000,0.5998,1.42233,-0.03162,-2.63742,1.09828,1.57085,0.11671,-0.12757,-0.48152,0.02655,,,,,,,,,,,,,,,,,,,,,,,,,,0,0,0,0,0
78.0387,1783969929.8055,3,2,0.5000,0.6076,1.42233,-0.03162,-2.63742,1.09828,1.57085,0.11671,-0.12757,-0.48152,0.02655,,,,,,,,,,,,,,,,,,,,,,,,,,0,0,0,0,0
78.0444,1783969929.8111,3,2,0.5000,0.6086,1.42233,-0.03162,-2.63742,1.09828,1.57085,0.11671,-0.12757,-0.48152,0.02655,,,,,,,,,,,,,,,,,,,,,,,,,,0,0,0,0,0
78.0446,1783969929.8114,3,2,0.5000,0.6065,1.42233,-0.03162,-2.63742,1.09828,1.57085,0.11671,-0.12757,-0.48152,0.02655,,,,,,,,,,,,,,,,,,,,,,,,,,0,0,0,0,0
78.0463,1783969929.8131,3,2,0.5000,0.6011,1.42233,-0.03162,-2.63742,1.09828,1.57085,0.11671,-0.12757,-0.48152,0.02655,,,,,,,,,,,,,,,,,,,,,,,,,,0,0,0,0,0
78.0467,1783969929.8134,3,2,0.5000,0.6014,1.42233,-0.03162,-2.63742,1.09828,1.57085,0.11671,-0.12757,-0.48152,0.02655,,,,,,,,,,,,,,,,,,,,,,,,,,0,0,0,0,0
78.0478,1783969929.8145,3,2,0.5000,0.5950,1.42233,-0.03162,-2.63742,1.09828,1.57085,0.11671,-0.12757,-0.48152,0.02655,,,,,,,,,,,,,,,,,,,,,,,,,,0,0,0,0,0
78.0520,1783969929.8188,3,2,0.5000,0.5955,1.42233,-0.03162,-2.63742,1.09828,1.57085,0.11671,-0.12757,-0.48152,0.02655,,,,,,,,,,,,,,,,,,,,,,,,,,0,0,0,0,0
78.0524,1783969929.8192,3,2,0.5000,0.5801,1.42233,-0.03162,-2.63742,1.09828,1.57085,0.11671,-0.12757,-0.48152,0.02655,,,,,,,,,,,,,,,,,,,,,,,,,,0,0,0,0,0
78.0615,1783969929.8282,3,2,0.5000,0.5871,1.42233,-0.03162,-2.63742,1.09828,1.57085,0.11671,-0.12757,-0.48152,0.02655,,,,,,,,,,,,,,,,,,,,,,,,,,0,0,0,0,0
78.0718,1783969929.8386,3,2,0.5000,0.5800,1.42233,-0.03162,-2.63742,1.09828,1.57085,0.11671,-0.12757,-0.48152,0.02655,,,,,,,,,,,,,,,,,,,,,,,,,,0,0,0,0,0
78.0722,1783969929.8390,3,2,0.5000,0.5882,1.42233,-0.03162,-2.63742,1.09828,1.57085,0.11671,-0.12757,-0.48152,0.02655,,,,,,,,,,,,,,,,,,,,,,,,,,0,0,0,0,0
78.0836,1783969929.8504,3,2,0.5000,0.5850,1.42233,-0.03162,-2.63742,1.09828,1.57085,0.11671,-0.12757,-0.48152,0.02655,,,,,,,,,,,,,,,,,,,,,,,,,,0,0,0,0,0
78.0929,1783969929.8597,3,2,0.5000,0.6041,1.42233,-0.03162,-2.63742,1.09828,1.57085,0.11671,-0.12757,-0.48152,0.02655,,,,,,,,,,,,,,,,,,,,,,,,,,0,0,0,0,0
78.1055,1783969929.8723,3,2,0.5000,0.6064,1.42233,-0.03162,-2.63742,1.09828,1.57085,0.11671,-0.12757,-0.48152,0.02655,,,,,,,,,,,,,,,,,,,,,,,,,,0,0,0,0,0
78.1156,1783969929.8824,3,2,0.5000,0.6053,1.42233,-0.03162,-2.63742,1.09828,1.57085,0.11671,-0.12757,-0.48152,0.02655,,,,,,,,,,,,,,,,,,,,,,,,,,0,0,0,0,0
78.1264,1783969929.8932,3,2,0.5000,0.6031,1.42233,-0.03162,-2.63742,1.09828,1.57085,0.11671,-0.12757,-0.48152,0.02655,,,,,,,,,,,,,,,,,,,,,,,,,,0,0,0,0,0
78.1267,1783969929.8935,3,2,0.5000,0.5986,1.42233,-0.03162,-2.63742,1.09828,1.57085,0.11671,-0.12757,-0.48152,0.02655,,,,,,,,,,,,,,,,,,,,,,,,,,0,0,0,0,0
78.1340,1783969929.9008,3,2,0.5000,0.6079,1.42233,-0.03162,-2.63742,1.09828,1.57085,0.11671,-0.12757,-0.48152,0.02655,,,,,,,,,,,,,,,,,,,,,,,,,,0,0,0,0,0
78.1469,1783969929.9137,3,2,0.5000,0.6291,1.42233,-0.03162,-2.63742,1.09828,1.57085,0.11671,-0.12757,-0.48152,0.02655,,,,,,,,,,,,,,,,,,,,,,,,,,0,0,0,0,0
78.1524,1783969929.9192,3,2,0.5000,0.5965,1.42233,-0.03162,-2.63742,1.09828,1.57085,0.11671,-0.12757,-0.48152,0.02655,,,,,,,,,,,,,,,,,,,,,,,,,,0,0,0,0,0
78.1659,1783969929.9327,3,2,0.5000,0.5985,1.42233,-0.03162,-2.63742,1.09828,1.57085,0.11671,-0.12757,-0.48152,0.02655,,,,,,,,,,,,,,,,,,,,,,,,,,0,0,0,0,0
78.1759,1783969929.9427,3,2,0.5000,0.5596,1.42233,-0.03162,-2.63742,1.09828,1.57085,0.11671,-0.12757,-0.48152,0.02655,,,,,,,,,,,,,,,,,,,,,,,,,,0,0,0,0,0
78.1816,1783969929.9484,3,2,0.5000,0.5718,1.42233,-0.03162,-2.63742,1.09828,1.57085,0.11671,-0.12757,-0.48152,0.02655,,,,,,,,,,,,,,,,,,,,,,,,,,0,0,0,0,0
78.1978,1783969929.9646,3,2,0.5000,0.5695,1.42233,-0.03162,-2.63742,1.09828,1.57085,0.11671,-0.12757,-0.48152,0.02655,,,,,,,,,,,,,,,,,,,,,,,,,,0,0,0,0,0
78.2167,1783969929.9834,3,2,0.5000,0.5387,1.42233,-0.03162,-2.63742,1.09828,1.57085,0.11671,-0.12757,-0.48152,0.02655,,,,,,,,,,,,,,,,,,,,,,,,,,0,0,0,0,0
78.2170,1783969929.9838,3,2,0.5000,0.5661,1.42233,-0.03162,-2.63742,1.09828,1.57085,0.11671,-0.12757,-0.48152,0.02655,,,,,,,,,,,,,,,,,,,,,,,,,,0,0,0,0,0
78.2174,1783969929.9842,3,2,0.5000,0.5678,1.42233,-0.03162,-2.63742,1.09828,1.57085,0.11671,-0.12757,-0.48152,0.02655,,,,,,,,,,,,,,,,,,,,,,,,,,0,0,0,0,0
78.2249,1783969929.9917,3,2,0.5000,0.5781,1.42233,-0.03162,-2.63742,1.09828,1.57085,0.11671,-0.12757,-0.48152,0.02655,,,,,,,,,,,,,,,,,,,,,,,,,,0,0,0,0,0
78.2489,1783969930.0157,3,2,0.5000,0.5562,1.42233,-0.03162,-2.63742,1.09828,1.57085,0.11671,-0.12757,-0.48152,0.02655,,,,,,,,,,,,,,,,,,,,,,,,,,0,0,0,0,0
78.2561,1783969930.0229,3,2,0.5000,0.5557,1.42233,-0.03162,-2.63742,1.09828,1.57085,0.11671,-0.12757,-0.48152,0.02655,,,,,,,,,,,,,,,,,,,,,,,,,,0,0,0,0,0
78.2587,1783969930.0254,3,2,0.5000,0.5492,1.42233,-0.03162,-2.63742,1.09828,1.57085,0.11671,-0.12757,-0.48152,0.02655,,,,,,,,,,,,,,,,,,,,,,,,,,0,0,0,0,0
78.2622,1783969930.0289,3,2,0.5000,0.5348,1.42233,-0.03162,-2.63742,1.09828,1.57085,0.11671,-0.12757,-0.48152,0.02655,,,,,,,,,,,,,,,,,,,,,,,,,,0,0,0,0,0
78.2801,1783969930.0469,3,2,0.5000,0.5440,1.42233,-0.03162,-2.63742,1.09828,1.57085,0.11671,-0.12757,-0.48152,0.02655,,,,,,,,,,,,,,,,,,,,,,,,,,0,0,0,0,0
78.2860,1783969930.0528,3,2,0.5000,0.5622,1.42233,-0.03162,-2.63742,1.09828,1.57085,0.11671,-0.12757,-0.48152,0.02655,,,,,,,,,,,,,,,,,,,,,,,,,,0,0,0,0,0
78.2864,1783969930.0531,3,2,0.5000,0.5485,1.42233,-0.03162,-2.63742,1.09828,1.57085,0.11671,-0.12757,-0.48152,0.02655,,,,,,,,,,,,,,,,,,,,,,,,,,0,0,0,0,0
78.2968,1783969930.0636,3,2,0.5000,0.5360,1.42233,-0.03162,-2.63742,1.09828,1.57085,0.11671,-0.12757,-0.48152,0.02655,,,,,,,,,,,,,,,,,,,,,,,,,,0,0,0,0,0
78.3105,1783969930.0773,3,2,0.5000,0.5175,1.42233,-0.03162,-2.63742,1.09828,1.57085,0.11671,-0.12757,-0.48152,0.02655,,,,,,,,,,,,,,,,,,,,,,,,,,0,0,0,0,0
78.3172,1783969930.0840,3,2,0.5000,0.5326,1.42233,-0.03162,-2.63742,1.09828,1.57085,0.11671,-0.12757,-0.48152,0.02655,,,,,,,,,,,,,,,,,,,,,,,,,,0,0,0,0,0
78.3209,1783969930.0877,3,2,0.5000,0.5237,1.42233,-0.03162,-2.63742,1.09828,1.57085,0.11671,-0.12757,-0.48152,0.02655,,,,,,,,,,,,,,,,,,,,,,,,,,0,0,0,0,0
78.3214,1783969930.0882,3,2,0.5000,0.5057,1.42233,-0.03162,-2.63742,1.09828,1.57085,0.11671,-0.12757,-0.48152,0.02655,,,,,,,,,,,,,,,,,,,,,,,,,,0,0,0,0,0
78.3564,1783969930.1231,3,2,0.5000,0.4925,1.42233,-0.03162,-2.63742,1.09828,1.57085,0.11671,-0.12757,-0.48152,0.02655,,,,,,,,,,,,,,,,,,,,,,,,,,0,0,0,0,0
78.3568,1783969930.1236,3,2,0.5000,0.4812,1.42233,-0.03162,-2.63742,1.09828,1.57085,0.11671,-0.12757,-0.48152,0.02655,,,,,,,,,,,,,,,,,,,,,,,,,,0,0,0,0,0
78.3598,1783969930.1266,3,2,0.5000,0.4840,1.42233,-0.03162,-2.63742,1.09828,1.57085,0.11671,-0.12757,-0.48152,0.02655,,,,,,,,,,,,,,,,,,,,,,,,,,0,0,0,0,0
78.3602,1783969930.1270,3,2,0.5000,0.5219,1.42233,-0.03162,-2.63742,1.09828,1.57085,0.11671,-0.12757,-0.48152,0.02655,,,,,,,,,,,,,,,,,,,,,,,,,,0,0,0,0,0
78.3685,1783969930.1353,3,2,0.5000,0.5170,1.42233,-0.03162,-2.63742,1.09828,1.57085,0.11671,-0.12757,-0.48152,0.02655,,,,,,,,,,,,,,,,,,,,,,,,,,0,0,0,0,0
78.3689,1783969930.1357,3,2,0.5000,0.5095,1.42233,-0.03162,-2.63742,1.09828,1.57085,0.11671,-0.12757,-0.48152,0.02655,,,,,,,,,,,,,,,,,,,,,,,,,,0,0,0,0,0
78.3706,1783969930.1374,3,2,0.5000,0.5199,1.42233,-0.03162,-2.63742,1.09828,1.57085,0.11671,-0.12757,-0.48152,0.02655,,,,,,,,,,,,,,,,,,,,,,,,,,0,0,0,0,0
78.3711,1783969930.1379,3,2,0.5000,0.5323,1.42233,-0.03162,-2.63742,1.09828,1.57085,0.11671,-0.12757,-0.48152,0.02655,,,,,,,,,,,,,,,,,,,,,,,,,,0,0,0,0,0
78.3878,1783969930.1546,3,2,0.5000,0.5367,1.42233,-0.03162,-2.63742,1.09828,1.57085,0.11671,-0.12757,-0.48152,0.02655,,,,,,,,,,,,,,,,,,,,,,,,,,0,0,0,0,0
78.3882,1783969930.1550,3,2,0.5000,0.5388,1.42233,-0.03162,-2.63742,1.09828,1.57085,0.11671,-0.12757,-0.48152,0.02655,,,,,,,,,,,,,,,,,,,,,,,,,,0,0,0,0,0
78.3886,1783969930.1554,3,2,0.5000,0.5344,1.42233,-0.03162,-2.63742,1.09828,1.57085,0.11671,-0.12757,-0.48152,0.02655,,,,,,,,,,,,,,,,,,,,,,,,,,0,0,0,0,0
78.3889,1783969930.1557,3,2,0.5000,0.5268,1.42233,-0.03162,-2.63742,1.09828,1.57085,0.11671,-0.12757,-0.48152,0.02655,,,,,,,,,,,,,,,,,,,,,,,,,,0,0,0,0,0
78.4010,1783969930.1678,3,2,0.5000,0.5045,1.42233,-0.03162,-2.63742,1.09828,1.57085,0.11671,-0.12757,-0.48152,0.02655,,,,,,,,,,,,,,,,,,,,,,,,,,0,0,0,0,0
78.4013,1783969930.1680,3,2,0.5000,0.4985,1.42233,-0.03162,-2.63742,1.09828,1.57085,0.11671,-0.12757,-0.48152,0.02655,,,,,,,,,,,,,,,,,,,,,,,,,,0,0,0,0,0
78.4065,1783969930.1733,3,2,0.5000,0.4449,1.42233,-0.03162,-2.63742,1.09828,1.57085,0.11671,-0.12757,-0.48152,0.02655,,,,,,,,,,,,,,,,,,,,,,,,,,0,0,0,0,0
78.4122,1783969930.1789,3,2,0.5000,0.4522,1.42233,-0.03162,-2.63742,1.09828,1.57085,0.11671,-0.12757,-0.48152,0.02655,,,,,,,,,,,,,,,,,,,,,,,,,,0,0,0,0,0
78.4124,1783969930.1792,3,2,0.5000,0.4529,1.42233,-0.03162,-2.63742,1.09828,1.57085,0.11671,-0.12757,-0.48152,0.02655,,,,,,,,,,,,,,,,,,,,,,,,,,0,0,0,0,0
78.4210,1783969930.1878,3,2,0.5000,0.4592,1.42233,-0.03162,-2.63742,1.09828,1.57085,0.11671,-0.12757,-0.48152,0.02655,,,,,,,,,,,,,,,,,,,,,,,,,,0,0,0,0,0
78.4316,1783969930.1984,3,2,0.5000,0.4510,1.42233,-0.03162,-2.63742,1.09828,1.57085,0.11671,-0.12757,-0.48152,0.02655,,,,,,,,,,,,,,,,,,,,,,,,,,0,0,0,0,0
78.4422,1783969930.2090,3,2,0.5000,0.4621,1.42233,-0.03162,-2.63742,1.09828,1.57085,0.11671,-0.12757,-0.48152,0.02655,,,,,,,,,,,,,,,,,,,,,,,,,,0,0,0,0,0
78.4425,1783969930.2093,3,2,0.5000,0.4662,1.42233,-0.03162,-2.63742,1.09828,1.57085,0.11671,-0.12757,-0.48152,0.02655,,,,,,,,,,,,,,,,,,,,,,,,,,0,0,0,0,0
78.4535,1783969930.2203,3,2,0.5000,0.4631,1.42233,-0.03162,-2.63742,1.09828,1.57085,0.11671,-0.12757,-0.48152,0.02655,,,,,,,,,,,,,,,,,,,,,,,,,,0,0,0,0,0
78.4612,1783969930.2280,3,2,0.5000,0.4646,1.42233,-0.03162,-2.63742,1.09828,1.57085,0.11671,-0.12757,-0.48152,0.02655,,,,,,,,,,,,,,,,,,,,,,,,,,0,0,0,0,0
78.4709,1783969930.2377,3,2,0.5000,0.4560,1.42233,-0.03162,-2.63742,1.09828,1.57085,0.11671,-0.12757,-0.48152,0.02655,,,,,,,,,,,,,,,,,,,,,,,,,,0,0,0,0,0
78.4713,1783969930.2380,3,2,0.5000,0.4658,1.42233,-0.03162,-2.63742,1.09828,1.57085,0.11671,-0.12757,-0.48152,0.02655,,,,,,,,,,,,,,,,,,,,,,,,,,0,0,0,0,0
78.4827,1783969930.2495,3,2,0.5000,0.4705,1.42233,-0.03162,-2.63742,1.09828,1.57085,0.11671,-0.12757,-0.48152,0.02655,,,,,,,,,,,,,,,,,,,,,,,,,,0,0,0,0,0
78.4832,1783969930.2499,3,2,0.5000,0.4639,1.42233,-0.03162,-2.63742,1.09828,1.57085,0.11671,-0.12757,-0.48152,0.02655,,,,,,,,,,,,,,,,,,,,,,,,,,0,0,0,0,0
78.5062,1783969930.2729,3,2,0.5000,0.4643,1.42233,-0.03162,-2.63742,1.09828,1.57085,0.11671,-0.12757,-0.48152,0.02655,,,,,,,,,,,,,,,,,,,,,,,,,,0,0,0,0,0
78.5102,1783969930.2770,3,2,0.5000,0.4552,1.42233,-0.03162,-2.63742,1.09828,1.57085,0.11671,-0.12757,-0.48152,0.02655,,,,,,,,,,,,,,,,,,,,,,,,,,0,0,0,0,0
78.5106,1783969930.2773,3,2,0.5000,0.4475,1.42233,-0.03162,-2.63742,1.09828,1.57085,0.11671,-0.12757,-0.48152,0.02655,,,,,,,,,,,,,,,,,,,,,,,,,,0,0,0,0,0
78.5117,1783969930.2785,3,2,0.5000,0.4485,1.42233,-0.03162,-2.63742,1.09828,1.57085,0.11671,-0.12757,-0.48152,0.02655,,,,,,,,,,,,,,,,,,,,,,,,,,0,0,0,0,0
78.5253,1783969930.2921,3,2,0.5000,0.4293,1.42233,-0.03161,-2.63742,1.09828,1.57085,0.11671,-0.12757,-0.48152,0.02655,,,,,,,,,,,,,,,,,,,,,,,,,,0,0,0,0,0
78.5317,1783969930.2985,3,2,0.5000,0.4251,1.42233,-0.03161,-2.63742,1.09828,1.57085,0.11671,-0.12757,-0.48152,0.02655,,,,,,,,,,,,,,,,,,,,,,,,,,0,0,0,0,0
78.5568,1783969930.3236,3,2,0.5000,0.4300,1.42233,-0.03161,-2.63742,1.09828,1.57085,0.11671,-0.12757,-0.48152,0.02655,,,,,,,,,,,,,,,,,,,,,,,,,,0,0,0,0,0
78.5641,1783969930.3309,3,2,0.5000,0.4194,1.42233,-0.03161,-2.63742,1.09828,1.57085,0.11671,-0.12757,-0.48152,0.02655,,,,,,,,,,,,,,,,,,,,,,,,,,0,0,0,0,0
78.5646,1783969930.3314,3,2,0.5000,0.4225,1.42233,-0.03161,-2.63742,1.09828,1.57085,0.11671,-0.12757,-0.48152,0.02655,,,,,,,,,,,,,,,,,,,,,,,,,,0,0,0,0,0
78.5750,1783969930.3418,3,2,0.5000,0.3993,1.42233,-0.03161,-2.63742,1.09828,1.57085,0.11671,-0.12757,-0.48152,0.02655,,,,,,,,,,,,,,,,,,,,,,,,,,0,0,0,0,0
78.5833,1783969930.3501,3,2,0.5000,0.4086,1.42233,-0.03161,-2.63742,1.09828,1.57085,0.11671,-0.12757,-0.48152,0.02655,,,,,,,,,,,,,,,,,,,,,,,,,,0,0,0,0,0
78.5923,1783969930.3591,3,2,0.5000,0.4581,1.42233,-0.03161,-2.63742,1.09828,1.57085,0.11671,-0.12757,-0.48152,0.02655,,,,,,,,,,,,,,,,,,,,,,,,,,0,0,0,0,0
78.6024,1783969930.3692,3,2,0.5000,0.4378,1.42233,-0.03161,-2.63742,1.09828,1.57085,0.11671,-0.12757,-0.48152,0.02655,,,,,,,,,,,,,,,,,,,,,,,,,,0,0,0,0,0
78.6112,1783969930.3780,3,2,0.5000,0.4627,1.42233,-0.03161,-2.63742,1.09828,1.57085,0.11671,-0.12757,-0.48152,0.02655,,,,,,,,,,,,,,,,,,,,,,,,,,0,0,0,0,0
78.6117,1783969930.3785,3,2,0.5000,0.4552,1.42233,-0.03161,-2.63742,1.09828,1.57085,0.11671,-0.12757,-0.48152,0.02655,,,,,,,,,,,,,,,,,,,,,,,,,,0,0,0,0,0
78.6253,1783969930.3921,3,2,0.5000,0.4358,1.42233,-0.03161,-2.63742,1.09828,1.57085,0.11671,-0.12757,-0.48152,0.02655,,,,,,,,,,,,,,,,,,,,,,,,,,0,0,0,0,0
78.6258,1783969930.3925,3,2,0.5000,0.4400,1.42233,-0.03161,-2.63742,1.09828,1.57085,0.11671,-0.12757,-0.48152,0.02655,,,,,,,,,,,,,,,,,,,,,,,,,,0,0,0,0,0
78.6363,1783969930.4031,3,2,0.5000,0.4395,1.42233,-0.03161,-2.63742,1.09828,1.57085,0.11671,-0.12757,-0.48152,0.02655,,,,,,,,,,,,,,,,,,,,,,,,,,0,0,0,0,0
78.6367,1783969930.4035,3,2,0.5000,0.4382,1.42233,-0.03161,-2.63742,1.09828,1.57085,0.11671,-0.12757,-0.48152,0.02655,,,,,,,,,,,,,,,,,,,,,,,,,,0,0,0,0,0
78.6414,1783969930.4082,3,2,0.5000,0.4402,1.42233,-0.03161,-2.63742,1.09828,1.57085,0.11671,-0.12757,-0.48152,0.02655,,,,,,,,,,,,,,,,,,,,,,,,,,0,0,0,0,0
78.6417,1783969930.4085,3,2,0.5000,0.4496,1.42233,-0.03161,-2.63742,1.09828,1.57085,0.11671,-0.12757,-0.48152,0.02655,,,,,,,,,,,,,,,,,,,,,,,,,,0,0,0,0,0
78.6584,1783969930.4251,3,2,0.5000,0.4406,1.42233,-0.03161,-2.63742,1.09828,1.57085,0.11671,-0.12757,-0.48152,0.02655,,,,,,,,,,,,,,,,,,,,,,,,,,0,0,0,0,0
78.6627,1783969930.4294,3,2,0.5000,0.4403,1.42233,-0.03161,-2.63742,1.09828,1.57085,0.11671,-0.12757,-0.48152,0.02655,,,,,,,,,,,,,,,,,,,,,,,,,,0,0,0,0,0
78.6761,1783969930.4429,3,2,0.5000,0.4056,1.42233,-0.03161,-2.63742,1.09828,1.57085,0.11671,-0.12757,-0.48152,0.02655,,,,,,,,,,,,,,,,,,,,,,,,,,0,0,0,0,0
78.6767,1783969930.4435,3,2,0.5000,0.4009,1.42233,-0.03161,-2.63742,1.09828,1.57085,0.11671,-0.12757,-0.48152,0.02655,,,,,,,,,,,,,,,,,,,,,,,,,,0,0,0,0,0
78.6894,1783969930.4562,3,2,0.5000,0.3883,1.42233,-0.03161,-2.63742,1.09828,1.57085,0.11671,-0.12757,-0.48152,0.02655,,,,,,,,,,,,,,,,,,,,,,,,,,0,0,0,0,0
78.6898,1783969930.4566,3,2,0.5000,0.3714,1.42233,-0.03161,-2.63742,1.09828,1.57085,0.11671,-0.12757,-0.48152,0.02655,,,,,,,,,,,,,,,,,,,,,,,,,,0,0,0,0,0
78.6927,1783969930.4595,3,2,0.5000,0.3837,1.42233,-0.03161,-2.63742,1.09828,1.57085,0.11671,-0.12757,-0.48152,0.02655,,,,,,,,,,,,,,,,,,,,,,,,,,0,0,0,0,0
78.6932,1783969930.4600,3,2,0.5000,0.4015,1.42233,-0.03161,-2.63742,1.09828,1.57085,0.11671,-0.12757,-0.48152,0.02655,,,,,,,,,,,,,,,,,,,,,,,,,,0,0,0,0,0
78.7053,1783969930.4721,3,2,0.5000,0.3966,1.42233,-0.03161,-2.63742,1.09828,1.57085,0.11671,-0.12757,-0.48152,0.02655,,,,,,,,,,,,,,,,,,,,,,,,,,0,0,0,0,0
78.7158,1783969930.4826,3,2,0.5000,0.4232,1.42233,-0.03161,-2.63742,1.09828,1.57085,0.11671,-0.12757,-0.48152,0.02655,,,,,,,,,,,,,,,,,,,,,,,,,,0,0,0,0,0
78.7276,1783969930.4944,3,2,0.5000,0.4158,1.42233,-0.03161,-2.63742,1.09828,1.57085,0.11671,-0.12757,-0.48152,0.02655,,,,,,,,,,,,,,,,,,,,,,,,,,0,0,0,0,0
78.7327,1783969930.4995,3,2,0.5000,0.4253,1.42233,-0.03161,-2.63742,1.09828,1.57085,0.11671,-0.12757,-0.48152,0.02655,,,,,,,,,,,,,,,,,,,,,,,,,,0,0,0,0,0
78.7414,1783969930.5082,3,2,0.5000,0.4166,1.42233,-0.03161,-2.63742,1.09828,1.57085,0.11671,-0.12757,-0.48152,0.02655,,,,,,,,,,,,,,,,,,,,,,,,,,0,0,0,0,0
78.7520,1783969930.5188,3,2,0.5000,0.4113,1.42233,-0.03161,-2.63742,1.09828,1.57085,0.11671,-0.12757,-0.48152,0.02655,,,,,,,,,,,,,,,,,,,,,,,,,,0,0,0,0,0
78.7523,1783969930.5191,3,2,0.5000,0.4059,1.42233,-0.03161,-2.63742,1.09828,1.57085,0.11671,-0.12757,-0.48152,0.02655,,,,,,,,,,,,,,,,,,,,,,,,,,0,0,0,0,0
78.7610,1783969930.5278,3,2,0.5000,0.4139,1.42233,-0.03161,-2.63742,1.09828,1.57085,0.11671,-0.12757,-0.48152,0.02655,,,,,,,,,,,,,,,,,,,,,,,,,,0,0,0,0,0
78.7614,1783969930.5282,3,2,0.5000,0.4332,1.42233,-0.03161,-2.63742,1.09828,1.57085,0.11671,-0.12757,-0.48152,0.02655,,,,,,,,,,,,,,,,,,,,,,,,,,0,0,0,0,0
78.7748,1783969930.5416,3,2,0.5000,0.4682,1.42233,-0.03161,-2.63742,1.09828,1.57085,0.11671,-0.12757,-0.48152,0.02655,,,,,,,,,,,,,,,,,,,,,,,,,,0,0,0,0,0
78.7885,1783969930.5552,3,2,0.5000,0.4559,1.42233,-0.03161,-2.63742,1.09828,1.57085,0.11671,-0.12757,-0.48152,0.02655,,,,,,,,,,,,,,,,,,,,,,,,,,0,0,0,0,0
78.7928,1783969930.5596,3,2,0.5000,0.4484,1.42233,-0.03161,-2.63742,1.09828,1.57085,0.11671,-0.12757,-0.48152,0.02655,,,,,,,,,,,,,,,,,,,,,,,,,,0,0,0,0,0
78.7931,1783969930.5599,3,2,0.5000,0.4462,1.42233,-0.03161,-2.63742,1.09828,1.57085,0.11671,-0.12757,-0.48152,0.02655,,,,,,,,,,,,,,,,,,,,,,,,,,0,0,0,0,0
78.8079,1783969930.5746,3,2,0.5000,0.4010,1.42233,-0.03161,-2.63742,1.09828,1.57085,0.11671,-0.12757,-0.48152,0.02655,,,,,,,,,,,,,,,,,,,,,,,,,,0,0,0,0,0
78.8111,1783969930.5779,3,2,0.5000,0.4087,1.42233,-0.03161,-2.63742,1.09828,1.57085,0.11671,-0.12757,-0.48152,0.02655,,,,,,,,,,,,,,,,,,,,,,,,,,0,0,0,0,0
78.8117,1783969930.5785,3,2,0.5000,0.4055,1.42233,-0.03161,-2.63742,1.09828,1.57085,0.11671,-0.12757,-0.48152,0.02655,,,,,,,,,,,,,,,,,,,,,,,,,,0,0,0,0,0
78.8233,1783969930.5900,3,2,0.5000,0.4118,1.42233,-0.03161,-2.63742,1.09828,1.57085,0.11671,-0.12757,-0.48152,0.02655,,,,,,,,,,,,,,,,,,,,,,,,,,0,0,0,0,0
78.8240,1783969930.5907,3,2,0.5000,0.4170,1.42233,-0.03161,-2.63742,1.09828,1.57085,0.11671,-0.12757,-0.48152,0.02655,,,,,,,,,,,,,,,,,,,,,,,,,,0,0,0,0,0
78.8366,1783969930.6033,3,2,0.5000,0.4194,1.42233,-0.03161,-2.63742,1.09828,1.57085,0.11671,-0.12757,-0.48152,0.02655,,,,,,,,,,,,,,,,,,,,,,,,,,0,0,0,0,0
78.8424,1783969930.6091,3,2,0.5000,0.4462,1.42233,-0.03161,-2.63742,1.09828,1.57085,0.11671,-0.12757,-0.48152,0.02655,,,,,,,,,,,,,,,,,,,,,,,,,,0,0,0,0,0
78.8642,1783969930.6309,3,2,0.5000,0.4414,1.42233,-0.03161,-2.63742,1.09828,1.57085,0.11671,-0.12757,-0.48152,0.02655,,,,,,,,,,,,,,,,,,,,,,,,,,0,0,0,0,0
78.8651,1783969930.6318,3,2,0.5000,0.4402,1.42233,-0.03161,-2.63742,1.09828,1.57085,0.11671,-0.12757,-0.48152,0.02655,,,,,,,,,,,,,,,,,,,,,,,,,,0,0,0,0,0
78.8655,1783969930.6323,3,2,0.5000,0.4379,1.42233,-0.03161,-2.63742,1.09828,1.57085,0.11671,-0.12757,-0.48152,0.02655,,,,,,,,,,,,,,,,,,,,,,,,,,0,0,0,0,0
78.8743,1783969930.6411,3,2,0.5000,0.4293,1.42233,-0.03161,-2.63742,1.09828,1.57085,0.11671,-0.12757,-0.48152,0.02655,,,,,,,,,,,,,,,,,,,,,,,,,,0,0,0,0,0
78.8936,1783969930.6603,3,2,0.5000,0.4168,1.42233,-0.03161,-2.63742,1.09828,1.57085,0.11671,-0.12757,-0.48152,0.02655,,,,,,,,,,,,,,,,,,,,,,,,,,0,0,0,0,0
78.8942,1783969930.6610,3,2,0.5000,0.4222,1.42233,-0.03161,-2.63742,1.09828,1.57085,0.11671,-0.12757,-0.48152,0.02655,,,,,,,,,,,,,,,,,,,,,,,,,,0,0,0,0,0
78.8945,1783969930.6613,3,2,0.5000,0.4408,1.42233,-0.03161,-2.63742,1.09828,1.57085,0.11671,-0.12757,-0.48152,0.02655,,,,,,,,,,,,,,,,,,,,,,,,,,0,0,0,0,0
78.9023,1783969930.6691,3,2,0.5000,0.4396,1.42233,-0.03161,-2.63742,1.09828,1.57085,0.11671,-0.12757,-0.48152,0.02655,,,,,,,,,,,,,,,,,,,,,,,,,,0,0,0,0,0
78.9026,1783969930.6693,3,2,0.5000,0.4333,1.42233,-0.03161,-2.63742,1.09828,1.57085,0.11671,-0.12757,-0.48152,0.02655,,,,,,,,,,,,,,,,,,,,,,,,,,0,0,0,0,0
78.9113,1783969930.6781,3,2,0.5000,0.4620,1.42233,-0.03161,-2.63742,1.09828,1.57085,0.11671,-0.12757,-0.48152,0.02655,,,,,,,,,,,,,,,,,,,,,,,,,,0,0,0,0,0
78.9287,1783969930.6955,3,2,0.5000,0.4454,1.42233,-0.03161,-2.63742,1.09828,1.57085,0.11671,-0.12757,-0.48152,0.02655,,,,,,,,,,,,,,,,,,,,,,,,,,0,0,0,0,0
78.9311,1783969930.6978,3,2,0.5000,0.4354,1.42233,-0.03161,-2.63742,1.09828,1.57085,0.11671,-0.12757,-0.48152,0.02655,,,,,,,,,,,,,,,,,,,,,,,,,,0,0,0,0,0
78.9319,1783969930.6987,3,2,0.5000,0.4121,1.42233,-0.03161,-2.63742,1.09828,1.57085,0.11671,-0.12757,-0.48152,0.02655,,,,,,,,,,,,,,,,,,,,,,,,,,0,0,0,0,0
78.9550,1783969930.7217,3,2,0.5000,0.4182,1.42233,-0.03161,-2.63742,1.09828,1.57085,0.11671,-0.12757,-0.48152,0.02655,,,,,,,,,,,,,,,,,,,,,,,,,,0,0,0,0,0
78.9553,1783969930.7221,3,2,0.5000,0.3554,1.42233,-0.03161,-2.63742,1.09828,1.57085,0.11671,-0.12757,-0.48152,0.02655,,,,,,,,,,,,,,,,,,,,,,,,,,0,0,0,0,0
78.9558,1783969930.7226,3,2,0.5000,0.3577,1.42233,-0.03161,-2.63742,1.09828,1.57085,0.11671,-0.12757,-0.48152,0.02655,,,,,,,,,,,,,,,,,,,,,,,,,,0,0,0,0,0
78.9665,1783969930.7333,3,2,0.5000,0.3881,1.42233,-0.03161,-2.63742,1.09828,1.57085,0.11671,-0.12757,-0.48152,0.02655,,,,,,,,,,,,,,,,,,,,,,,,,,0,0,0,0,0
78.9747,1783969930.7415,3,2,0.5000,0.4071,1.42233,-0.03161,-2.63742,1.09828,1.57085,0.11671,-0.12757,-0.48152,0.02655,,,,,,,,,,,,,,,,,,,,,,,,,,0,0,0,0,0
78.9831,1783969930.7499,3,2,0.5000,0.4230,1.42233,-0.03161,-2.63742,1.09828,1.57085,0.11671,-0.12757,-0.48152,0.02655,,,,,,,,,,,,,,,,,,,,,,,,,,0,0,0,0,0
78.9838,1783969930.7506,3,2,0.5000,0.4272,1.42233,-0.03161,-2.63742,1.09828,1.57085,0.11671,-0.12757,-0.48152,0.02655,,,,,,,,,,,,,,,,,,,,,,,,,,0,0,0,0,0
79.0789,1783969930.8457,3,2,0.5000,0.4792,1.42233,-0.03161,-2.63742,1.09828,1.57085,0.11671,-0.12757,-0.48152,0.02655,,,,,,,,,,,,,,,,,,,,,,,,,,0,0,0,0,0
79.0792,1783969930.8460,3,2,0.5000,0.4691,1.42233,-0.03161,-2.63742,1.09828,1.57085,0.11671,-0.12757,-0.48152,0.02655,,,,,,,,,,,,,,,,,,,,,,,,,,0,0,0,0,0
79.0797,1783969930.8464,3,2,0.5000,0.4665,1.42233,-0.03161,-2.63742,1.09828,1.57085,0.11671,-0.12757,-0.48152,0.02655,,,,,,,,,,,,,,,,,,,,,,,,,,0,0,0,0,0
79.0880,1783969930.8548,3,2,0.5000,0.4786,1.42233,-0.03161,-2.63742,1.09828,1.57085,0.11671,-0.12757,-0.48152,0.02655,,,,,,,,,,,,,,,,,,,,,,,,,,0,0,0,0,0
79.1106,1783969930.8774,3,2,0.5000,0.4890,1.42233,-0.03161,-2.63742,1.09828,1.57085,0.11671,-0.12757,-0.48152,0.02655,,,,,,,,,,,,,,,,,,,,,,,,,,0,0,0,0,0
79.1168,1783969930.8836,3,2,0.5000,0.4822,1.42233,-0.03161,-2.63742,1.09828,1.57085,0.11671,-0.12757,-0.48152,0.02655,,,,,,,,,,,,,,,,,,,,,,,,,,0,0,0,0,0
79.1191,1783969930.8859,3,2,0.5000,0.4839,1.42233,-0.03161,-2.63742,1.09828,1.57085,0.11671,-0.12757,-0.48152,0.02655,,,,,,,,,,,,,,,,,,,,,,,,,,0,0,0,0,0
79.1198,1783969930.8866,3,2,0.5000,0.5063,1.42233,-0.03161,-2.63742,1.09828,1.57085,0.11671,-0.12757,-0.48152,0.02655,,,,,,,,,,,,,,,,,,,,,,,,,,0,0,0,0,0
79.1238,1783969930.8906,3,2,0.5000,0.5031,1.42233,-0.03161,-2.63742,1.09828,1.57085,0.11671,-0.12757,-0.48152,0.02655,,,,,,,,,,,,,,,,,,,,,,,,,,0,0,0,0,0
79.1261,1783969930.8929,3,2,0.5000,0.5087,1.42233,-0.03161,-2.63742,1.09828,1.57085,0.11671,-0.12757,-0.48152,0.02655,,,,,,,,,,,,,,,,,,,,,,,,,,0,0,0,0,0
79.1265,1783969930.8933,3,2,0.5000,0.5114,1.42233,-0.03161,-2.63742,1.09828,1.57085,0.11671,-0.12757,-0.48152,0.02655,,,,,,,,,,,,,,,,,,,,,,,,,,0,0,0,0,0
79.1288,1783969930.8955,3,2,0.5000,0.4990,1.42233,-0.03161,-2.63742,1.09828,1.57085,0.11671,-0.12757,-0.48152,0.02655,,,,,,,,,,,,,,,,,,,,,,,,,,0,0,0,0,0
79.1291,1783969930.8959,3,2,0.5000,0.5032,1.42233,-0.03161,-2.63742,1.09828,1.57085,0.11671,-0.12757,-0.48152,0.02655,,,,,,,,,,,,,,,,,,,,,,,,,,0,0,0,0,0
79.1293,1783969930.8961,3,2,0.5000,0.4709,1.42233,-0.03161,-2.63742,1.09828,1.57085,0.11671,-0.12757,-0.48152,0.02655,,,,,,,,,,,,,,,,,,,,,,,,,,0,0,0,0,0
79.1296,1783969930.8964,3,2,0.5000,0.4798,1.42233,-0.03161,-2.63742,1.09828,1.57085,0.11671,-0.12757,-0.48152,0.02655,,,,,,,,,,,,,,,,,,,,,,,,,,0,0,0,0,0
79.1299,1783969930.8967,3,2,0.5000,0.4827,1.42233,-0.03161,-2.63742,1.09828,1.57085,0.11671,-0.12757,-0.48152,0.02655,,,,,,,,,,,,,,,,,,,,,,,,,,0,0,0,0,0
79.1328,1783969930.8996,3,2,0.5000,0.4915,1.42233,-0.03161,-2.63742,1.09828,1.57085,0.11671,-0.12757,-0.48152,0.02655,,,,,,,,,,,,,,,,,,,,,,,,,,0,0,0,0,0
79.1331,1783969930.8998,3,2,0.5000,0.5382,1.42233,-0.03161,-2.63742,1.09828,1.57085,0.11671,-0.12757,-0.48152,0.02655,,,,,,,,,,,,,,,,,,,,,,,,,,0,0,0,0,0
79.1388,1783969930.9056,3,2,0.5000,0.5429,1.42233,-0.03161,-2.63742,1.09828,1.57085,0.11671,-0.12757,-0.48152,0.02655,,,,,,,,,,,,,,,,,,,,,,,,,,0,0,0,0,0
79.1421,1783969930.9089,3,2,0.5000,0.5277,1.42233,-0.03161,-2.63742,1.09828,1.57085,0.11671,-0.12757,-0.48152,0.02655,,,,,,,,,,,,,,,,,,,,,,,,,,0,0,0,0,0
79.1474,1783969930.9142,3,2,0.5000,0.5102,1.42233,-0.03161,-2.63742,1.09828,1.57085,0.11671,-0.12757,-0.48152,0.02655,,,,,,,,,,,,,,,,,,,,,,,,,,0,0,0,0,0
79.1597,1783969930.9265,3,2,0.5000,0.4816,1.42233,-0.03161,-2.63742,1.09828,1.57085,0.11671,-0.12757,-0.48152,0.02655,,,,,,,,,,,,,,,,,,,,,,,,,,0,0,0,0,0
79.1620,1783969930.9287,3,2,0.5000,0.4948,1.42233,-0.03161,-2.63742,1.09828,1.57085,0.11671,-0.12757,-0.48152,0.02655,,,,,,,,,,,,,,,,,,,,,,,,,,0,0,0,0,0
79.1769,1783969930.9436,3,2,0.5000,0.4880,1.42233,-0.03161,-2.63742,1.09828,1.57085,0.11671,-0.12757,-0.48152,0.02655,,,,,,,,,,,,,,,,,,,,,,,,,,0,0,0,0,0
79.1897,1783969930.9565,3,2,0.5000,0.4917,1.42233,-0.03161,-2.63742,1.09828,1.57085,0.11671,-0.12757,-0.48152,0.02655,,,,,,,,,,,,,,,,,,,,,,,,,,0,0,0,0,0
79.2056,1783969930.9723,3,2,0.5000,0.5100,1.42233,-0.03161,-2.63742,1.09828,1.57085,0.11671,-0.12757,-0.48152,0.02655,,,,,,,,,,,,,,,,,,,,,,,,,,0,0,0,0,0
79.2091,1783969930.9759,3,2,0.5000,0.5115,1.42233,-0.03161,-2.63742,1.09828,1.57085,0.11671,-0.12757,-0.48152,0.02655,,,,,,,,,,,,,,,,,,,,,,,,,,0,0,0,0,0
79.2094,1783969930.9762,3,2,0.5000,0.4928,1.42233,-0.03161,-2.63742,1.09828,1.57085,0.11671,-0.12757,-0.48152,0.02655,,,,,,,,,,,,,,,,,,,,,,,,,,0,0,0,0,0
79.2220,1783969930.9888,3,2,0.5000,0.4732,1.42233,-0.03161,-2.63742,1.09828,1.57085,0.11671,-0.12757,-0.48152,0.02655,,,,,,,,,,,,,,,,,,,,,,,,,,0,0,0,0,0
79.2237,1783969930.9905,3,2,0.5000,0.4466,1.42233,-0.03161,-2.63742,1.09828,1.57085,0.11671,-0.12757,-0.48152,0.02655,,,,,,,,,,,,,,,,,,,,,,,,,,0,0,0,0,0
79.2390,1783969931.0058,3,2,0.5000,0.4619,1.42233,-0.03161,-2.63742,1.09828,1.57085,0.11671,-0.12757,-0.48152,0.02655,,,,,,,,,,,,,,,,,,,,,,,,,,0,0,0,0,0
79.2400,1783969931.0068,3,2,0.5000,0.4628,1.42233,-0.03161,-2.63742,1.09828,1.57085,0.11671,-0.12757,-0.48152,0.02655,,,,,,,,,,,,,,,,,,,,,,,,,,0,0,0,0,0
79.2483,1783969931.0151,3,2,0.5000,0.4799,1.42233,-0.03161,-2.63742,1.09828,1.57085,0.11671,-0.12757,-0.48152,0.02655,,,,,,,,,,,,,,,,,,,,,,,,,,0,0,0,0,0
79.2488,1783969931.0156,3,2,0.5000,0.4940,1.42233,-0.03161,-2.63742,1.09828,1.57085,0.11671,-0.12757,-0.48152,0.02655,,,,,,,,,,,,,,,,,,,,,,,,,,0,0,0,0,0
79.2512,1783969931.0180,3,2,0.5000,0.5194,1.42233,-0.03161,-2.63742,1.09828,1.57085,0.11671,-0.12757,-0.48152,0.02655,,,,,,,,,,,,,,,,,,,,,,,,,,0,0,0,0,0
79.2642,1783969931.0310,3,2,0.5000,0.5907,1.42233,-0.03161,-2.63742,1.09828,1.57085,0.11671,-0.12757,-0.48152,0.02655,,,,,,,,,,,,,,,,,,,,,,,,,,0,0,0,0,0
79.2646,1783969931.0313,3,2,0.5000,0.5915,1.42233,-0.03161,-2.63742,1.09828,1.57085,0.11671,-0.12757,-0.48152,0.02655,,,,,,,,,,,,,,,,,,,,,,,,,,0,0,0,0,0
79.2742,1783969931.0410,3,2,0.5000,0.5566,1.42233,-0.03161,-2.63742,1.09828,1.57085,0.11671,-0.12757,-0.48152,0.02655,,,,,,,,,,,,,,,,,,,,,,,,,,0,0,0,0,0
79.2910,1783969931.0578,3,2,0.5000,0.5260,1.42233,-0.03161,-2.63742,1.09828,1.57085,0.11671,-0.12757,-0.48152,0.02655,,,,,,,,,,,,,,,,,,,,,,,,,,0,0,0,0,0
79.2921,1783969931.0588,3,2,0.5000,0.4993,1.42233,-0.03161,-2.63742,1.09828,1.57085,0.11671,-0.12757,-0.48152,0.02655,,,,,,,,,,,,,,,,,,,,,,,,,,0,0,0,0,0
79.2923,1783969931.0591,3,2,0.5000,0.5076,1.42233,-0.03161,-2.63742,1.09828,1.57085,0.11671,-0.12757,-0.48152,0.02655,,,,,,,,,,,,,,,,,,,,,,,,,,0,0,0,0,0
79.3149,1783969931.0817,3,2,0.5000,0.4982,1.42233,-0.03161,-2.63742,1.09828,1.57085,0.11671,-0.12757,-0.48152,0.02655,,,,,,,,,,,,,,,,,,,,,,,,,,0,0,0,0,0
79.3240,1783969931.0908,3,2,0.5000,0.5038,1.42233,-0.03161,-2.63742,1.09828,1.57085,0.11671,-0.12757,-0.48152,0.02655,,,,,,,,,,,,,,,,,,,,,,,,,,0,0,0,0,0
79.3245,1783969931.0912,3,2,0.5000,0.5110,1.42233,-0.03161,-2.63742,1.09828,1.57085,0.11671,-0.12757,-0.48152,0.02655,,,,,,,,,,,,,,,,,,,,,,,,,,0,0,0,0,0
79.3250,1783969931.0918,3,2,0.5000,0.5077,1.42233,-0.03161,-2.63742,1.09828,1.57085,0.11671,-0.12757,-0.48152,0.02655,,,,,,,,,,,,,,,,,,,,,,,,,,0,0,0,0,0
79.3253,1783969931.0921,3,2,0.5000,0.5089,1.42233,-0.03161,-2.63742,1.09828,1.57085,0.11671,-0.12757,-0.48152,0.02655,,,,,,,,,,,,,,,,,,,,,,,,,,0,0,0,0,0
79.3385,1783969931.1053,3,2,0.5000,0.4943,1.42233,-0.03161,-2.63742,1.09828,1.57085,0.11671,-0.12757,-0.48152,0.02655,,,,,,,,,,,,,,,,,,,,,,,,,,0,0,0,0,0
79.3481,1783969931.1149,3,2,0.5000,0.4724,1.42233,-0.03161,-2.63742,1.09828,1.57085,0.11671,-0.12757,-0.48152,0.02655,,,,,,,,,,,,,,,,,,,,,,,,,,0,0,0,0,0
79.3532,1783969931.1200,3,2,0.5000,0.4334,1.42233,-0.03161,-2.63742,1.09828,1.57085,0.11671,-0.12757,-0.48152,0.02655,,,,,,,,,,,,,,,,,,,,,,,,,,0,0,0,0,0
79.3664,1783969931.1332,3,2,0.5000,0.4673,1.42233,-0.03161,-2.63742,1.09828,1.57085,0.11671,-0.12757,-0.48152,0.02655,,,,,,,,,,,,,,,,,,,,,,,,,,0,0,0,0,0
79.3667,1783969931.1335,3,2,0.5000,0.4689,1.42233,-0.03161,-2.63742,1.09828,1.57085,0.11671,-0.12757,-0.48152,0.02655,,,,,,,,,,,,,,,,,,,,,,,,,,0,0,0,0,0
79.3765,1783969931.1433,3,2,0.5000,0.5030,1.42233,-0.03161,-2.63742,1.09828,1.57085,0.11671,-0.12757,-0.48152,0.02655,,,,,,,,,,,,,,,,,,,,,,,,,,0,0,0,0,0
79.3769,1783969931.1437,3,2,0.5000,0.5118,1.42233,-0.03161,-2.63742,1.09828,1.57085,0.11671,-0.12757,-0.48152,0.02655,,,,,,,,,,,,,,,,,,,,,,,,,,0,0,0,0,0
79.3843,1783969931.1510,3,2,0.5000,0.5443,1.42233,-0.03161,-2.63742,1.09828,1.57085,0.11671,-0.12757,-0.48152,0.02655,,,,,,,,,,,,,,,,,,,,,,,,,,0,0,0,0,0
79.3847,1783969931.1515,3,2,0.5000,0.5459,1.42233,-0.03161,-2.63742,1.09828,1.57085,0.11671,-0.12757,-0.48152,0.02655,,,,,,,,,,,,,,,,,,,,,,,,,,0,0,0,0,0
79.3933,1783969931.1600,3,2,0.5000,0.5291,1.42233,-0.03161,-2.63742,1.09828,1.57085,0.11671,-0.12757,-0.48152,0.02655,,,,,,,,,,,,,,,,,,,,,,,,,,0,0,0,0,0
79.4041,1783969931.1709,3,2,0.5000,0.5121,1.42233,-0.03161,-2.63742,1.09828,1.57085,0.11671,-0.12757,-0.48152,0.02655,,,,,,,,,,,,,,,,,,,,,,,,,,0,0,0,0,0
79.4124,1783969931.1792,3,2,0.5000,0.4888,1.42233,-0.03161,-2.63742,1.09828,1.57085,0.11671,-0.12757,-0.48152,0.02655,,,,,,,,,,,,,,,,,,,,,,,,,,0,0,0,0,0
79.4224,1783969931.1892,3,2,0.5000,0.4484,1.42233,-0.03161,-2.63742,1.09828,1.57085,0.11671,-0.12757,-0.48152,0.02655,,,,,,,,,,,,,,,,,,,,,,,,,,0,0,0,0,0
79.4323,1783969931.1991,3,2,0.5000,0.4577,1.42233,-0.03161,-2.63742,1.09828,1.57085,0.11671,-0.12757,-0.48152,0.02655,,,,,,,,,,,,,,,,,,,,,,,,,,0,0,0,0,0
79.4439,1783969931.2106,3,2,0.5000,0.4701,1.42233,-0.03162,-2.63742,1.09828,1.57085,0.11671,-0.12757,-0.48152,0.02655,,,,,,,,,,,,,,,,,,,,,,,,,,0,0,0,0,0
79.4530,1783969931.2198,3,2,0.5000,0.4721,1.42233,-0.03162,-2.63742,1.09828,1.57085,0.11671,-0.12757,-0.48152,0.02655,,,,,,,,,,,,,,,,,,,,,,,,,,0,0,0,0,0
79.4534,1783969931.2202,3,2,0.5000,0.4662,1.42233,-0.03162,-2.63742,1.09828,1.57085,0.11671,-0.12757,-0.48152,0.02655,,,,,,,,,,,,,,,,,,,,,,,,,,0,0,0,0,0
79.4659,1783969931.2327,3,2,0.5000,0.5048,1.42233,-0.03162,-2.63742,1.09828,1.57085,0.11671,-0.12757,-0.48152,0.02655,,,,,,,,,,,,,,,,,,,,,,,,,,0,0,0,0,0
79.4720,1783969931.2388,3,2,0.5000,0.4977,1.42233,-0.03162,-2.63742,1.09828,1.57085,0.11671,-0.12757,-0.48152,0.02655,,,,,,,,,,,,,,,,,,,,,,,,,,0,0,0,0,0
79.4724,1783969931.2391,3,2,0.5000,0.4905,1.42233,-0.03162,-2.63742,1.09828,1.57085,0.11671,-0.12757,-0.48152,0.02655,,,,,,,,,,,,,,,,,,,,,,,,,,0,0,0,0,0
79.4820,1783969931.2488,3,2,0.5000,0.4804,1.42233,-0.03162,-2.63742,1.09828,1.57085,0.11671,-0.12757,-0.48152,0.02655,,,,,,,,,,,,,,,,,,,,,,,,,,0,0,0,0,0
79.4953,1783969931.2621,3,2,0.5000,0.4873,1.42233,-0.03162,-2.63742,1.09828,1.57085,0.11671,-0.12757,-0.48152,0.02655,,,,,,,,,,,,,,,,,,,,,,,,,,0,0,0,0,0
79.5047,1783969931.2715,3,2,0.5000,0.4984,1.42233,-0.03162,-2.63742,1.09828,1.57085,0.11671,-0.12757,-0.48152,0.02655,,,,,,,,,,,,,,,,,,,,,,,,,,0,0,0,0,0
79.5143,1783969931.2811,3,2,0.5000,0.5653,1.42233,-0.03162,-2.63742,1.09828,1.57085,0.11671,-0.12757,-0.48152,0.02655,,,,,,,,,,,,,,,,,,,,,,,,,,0,0,0,0,0
79.5248,1783969931.2915,3,2,0.5000,0.5858,1.42233,-0.03162,-2.63742,1.09828,1.57085,0.11671,-0.12757,-0.48152,0.02655,,,,,,,,,,,,,,,,,,,,,,,,,,0,0,0,0,0
79.5251,1783969931.2919,3,2,0.5000,0.5964,1.42233,-0.03162,-2.63742,1.09828,1.57085,0.11671,-0.12757,-0.48152,0.02655,,,,,,,,,,,,,,,,,,,,,,,,,,0,0,0,0,0
79.5334,1783969931.3002,3,2,0.5000,0.5786,1.42233,-0.03162,-2.63742,1.09828,1.57085,0.11671,-0.12757,-0.48152,0.02655,,,,,,,,,,,,,,,,,,,,,,,,,,0,0,0,0,0
79.5337,1783969931.3005,3,2,0.5000,0.5716,1.42233,-0.03162,-2.63742,1.09828,1.57085,0.11671,-0.12757,-0.48152,0.02655,,,,,,,,,,,,,,,,,,,,,,,,,,0,0,0,0,0
79.5533,1783969931.3201,3,2,0.5000,0.5348,1.42233,-0.03162,-2.63742,1.09828,1.57085,0.11671,-0.12757,-0.48152,0.02655,,,,,,,,,,,,,,,,,,,,,,,,,,0,0,0,0,0
79.5686,1783969931.3353,3,2,0.5000,0.4453,1.42233,-0.03162,-2.63742,1.09828,1.57085,0.11671,-0.12757,-0.48152,0.02655,,,,,,,,,,,,,,,,,,,,,,,,,,0,0,0,0,0
79.5857,1783969931.3525,3,2,0.5000,0.4515,1.42233,-0.03162,-2.63742,1.09828,1.57085,0.11671,-0.12757,-0.48152,0.02655,,,,,,,,,,,,,,,,,,,,,,,,,,0,0,0,0,0
79.6224,1783969931.3892,3,2,0.5000,0.4871,1.42233,-0.03162,-2.63742,1.09828,1.57085,0.11671,-0.12757,-0.48152,0.02655,,,,,,,,,,,,,,,,,,,,,,,,,,0,0,0,0,0
79.6320,1783969931.3988,3,2,0.5000,0.5155,1.42233,-0.03162,-2.63742,1.09828,1.57085,0.11671,-0.12757,-0.48152,0.02655,,,,,,,,,,,,,,,,,,,,,,,,,,0,0,0,0,0
79.6393,1783969931.4061,3,2,0.5000,0.5188,1.42233,-0.03162,-2.63742,1.09828,1.57085,0.11671,-0.12757,-0.48152,0.02655,,,,,,,,,,,,,,,,,,,,,,,,,,0,0,0,0,0
79.6400,1783969931.4068,3,2,0.5000,0.5214,1.42233,-0.03162,-2.63742,1.09828,1.57085,0.11671,-0.12757,-0.48152,0.02655,,,,,,,,,,,,,,,,,,,,,,,,,,0,0,0,0,0
79.6584,1783969931.4252,3,2,0.5000,0.4990,1.42233,-0.03162,-2.63742,1.09828,1.57085,0.11671,-0.12757,-0.48152,0.02655,,,,,,,,,,,,,,,,,,,,,,,,,,0,0,0,0,0
79.6593,1783969931.4260,3,2,0.5000,0.4832,1.42233,-0.03162,-2.63742,1.09828,1.57085,0.11671,-0.12757,-0.48152,0.02655,,,,,,,,,,,,,,,,,,,,,,,,,,0,0,0,0,0
79.6599,1783969931.4267,3,2,0.5000,0.4717,1.42233,-0.03162,-2.63742,1.09828,1.57085,0.11671,-0.12757,-0.48152,0.02655,,,,,,,,,,,,,,,,,,,,,,,,,,0,0,0,0,0
79.6719,1783969931.4387,3,2,0.5000,0.4534,1.42233,-0.03162,-2.63742,1.09828,1.57085,0.11671,-0.12757,-0.48152,0.02655,,,,,,,,,,,,,,,,,,,,,,,,,,0,0,0,0,0
79.6772,1783969931.4439,3,2,0.5000,0.4675,1.42233,-0.03162,-2.63742,1.09828,1.57085,0.11671,-0.12757,-0.48152,0.02655,,,,,,,,,,,,,,,,,,,,,,,,,,0,0,0,0,0
79.6884,1783969931.4552,3,2,0.5000,0.5309,1.42233,-0.03162,-2.63742,1.09828,1.57085,0.11671,-0.12757,-0.48152,0.02655,,,,,,,,,,,,,,,,,,,,,,,,,,0,0,0,0,0
79.6960,1783969931.4628,3,2,0.5000,0.5241,1.42233,-0.03162,-2.63742,1.09828,1.57085,0.11671,-0.12757,-0.48152,0.02655,,,,,,,,,,,,,,,,,,,,,,,,,,0,0,0,0,0
79.7106,1783969931.4774,3,2,0.5000,0.5143,1.42233,-0.03162,-2.63742,1.09828,1.57085,0.11671,-0.12757,-0.48152,0.02655,,,,,,,,,,,,,,,,,,,,,,,,,,0,0,0,0,0
79.7168,1783969931.4836,3,2,0.5000,0.4741,1.42233,-0.03162,-2.63742,1.09828,1.57085,0.11671,-0.12757,-0.48152,0.02655,,,,,,,,,,,,,,,,,,,,,,,,,,0,0,0,0,0
79.7289,1783969931.4957,3,2,0.5000,0.4392,1.42233,-0.03162,-2.63742,1.09828,1.57085,0.11671,-0.12757,-0.48152,0.02655,,,,,,,,,,,,,,,,,,,,,,,,,,0,0,0,0,0
79.7350,1783969931.5018,3,2,0.5000,0.4653,1.42233,-0.03162,-2.63742,1.09828,1.57085,0.11671,-0.12757,-0.48152,0.02655,,,,,,,,,,,,,,,,,,,,,,,,,,0,0,0,0,0
79.7372,1783969931.5039,3,2,0.5000,0.5154,1.42233,-0.03162,-2.63742,1.09828,1.57085,0.11671,-0.12757,-0.48152,0.02655,,,,,,,,,,,,,,,,,,,,,,,,,,0,0,0,0,0
79.7376,1783969931.5043,3,2,0.5000,0.5321,1.42233,-0.03162,-2.63742,1.09828,1.57085,0.11671,-0.12757,-0.48152,0.02655,,,,,,,,,,,,,,,,,,,,,,,,,,0,0,0,0,0
79.7380,1783969931.5048,3,2,0.5000,0.5232,1.42233,-0.03162,-2.63742,1.09828,1.57085,0.11671,-0.12757,-0.48152,0.02655,,,,,,,,,,,,,,,,,,,,,,,,,,0,0,0,0,0
79.7417,1783969931.5085,3,2,0.5000,0.4777,1.42233,-0.03162,-2.63742,1.09828,1.57085,0.11671,-0.12757,-0.48152,0.02655,,,,,,,,,,,,,,,,,,,,,,,,,,0,0,0,0,0
79.7422,1783969931.5090,3,2,0.5000,0.4645,1.42233,-0.03162,-2.63742,1.09828,1.57085,0.11671,-0.12757,-0.48152,0.02655,,,,,,,,,,,,,,,,,,,,,,,,,,0,0,0,0,0
79.7525,1783969931.5193,3,2,0.5000,0.3996,1.42233,-0.03162,-2.63742,1.09828,1.57085,0.11671,-0.12757,-0.48152,0.02655,,,,,,,,,,,,,,,,,,,,,,,,,,0,0,0,0,0
79.7731,1783969931.5399,3,2,0.5000,0.4548,1.42233,-0.03162,-2.63742,1.09828,1.57085,0.11671,-0.12757,-0.48152,0.02655,,,,,,,,,,,,,,,,,,,,,,,,,,0,0,0,0,0
79.7738,1783969931.5406,3,2,0.5000,0.4974,1.42233,-0.03162,-2.63742,1.09828,1.57085,0.11671,-0.12757,-0.48152,0.02655,,,,,,,,,,,,,,,,,,,,,,,,,,0,0,0,0,0
79.7742,1783969931.5409,3,2,0.5000,0.5416,1.42233,-0.03162,-2.63742,1.09828,1.57085,0.11671,-0.12757,-0.48152,0.02655,,,,,,,,,,,,,,,,,,,,,,,,,,0,0,0,0,0
79.7849,1783969931.5517,3,2,0.5000,0.5968,1.42233,-0.03162,-2.63742,1.09828,1.57085,0.11671,-0.12757,-0.48152,0.02655,,,,,,,,,,,,,,,,,,,,,,,,,,0,0,0,0,0
79.7964,1783969931.5632,3,2,0.5000,0.5948,1.42233,-0.03162,-2.63742,1.09828,1.57085,0.11671,-0.12757,-0.48152,0.02655,,,,,,,,,,,,,,,,,,,,,,,,,,0,0,0,0,0
79.7967,1783969931.5635,3,2,0.5000,0.5867,1.42233,-0.03162,-2.63742,1.09828,1.57085,0.11671,-0.12757,-0.48152,0.02655,,,,,,,,,,,,,,,,,,,,,,,,,,0,0,0,0,0
79.8049,1783969931.5717,3,2,0.5000,0.5027,1.42233,-0.03162,-2.63742,1.09828,1.57085,0.11671,-0.12757,-0.48152,0.02655,,,,,,,,,,,,,,,,,,,,,,,,,,0,0,0,0,0
79.8175,1783969931.5843,3,2,0.5000,0.4288,1.42233,-0.03162,-2.63742,1.09828,1.57085,0.11671,-0.12757,-0.48152,0.02655,,,,,,,,,,,,,,,,,,,,,,,,,,0,0,0,0,0
79.8267,1783969931.5935,3,2,0.5000,0.4151,1.42233,-0.03162,-2.63742,1.09828,1.57085,0.11671,-0.12757,-0.48152,0.02655,,,,,,,,,,,,,,,,,,,,,,,,,,0,0,0,0,0
79.8322,1783969931.5990,3,2,0.5000,0.4302,1.42233,-0.03162,-2.63742,1.09828,1.57085,0.11671,-0.12757,-0.48152,0.02655,,,,,,,,,,,,,,,,,,,,,,,,,,0,0,0,0,0
79.8326,1783969931.5993,3,2,0.5000,0.4483,1.42233,-0.03162,-2.63742,1.09828,1.57085,0.11671,-0.12757,-0.48152,0.02655,,,,,,,,,,,,,,,,,,,,,,,,,,0,0,0,0,0
79.8473,1783969931.6141,3,2,0.5000,0.5219,1.42233,-0.03162,-2.63742,1.09828,1.57085,0.11671,-0.12757,-0.48152,0.02655,,,,,,,,,,,,,,,,,,,,,,,,,,0,0,0,0,0
79.8593,1783969931.6261,3,2,0.5000,0.5034,1.42233,-0.03162,-2.63742,1.09828,1.57085,0.11671,-0.12757,-0.48152,0.02655,,,,,,,,,,,,,,,,,,,,,,,,,,0,0,0,0,0
79.8639,1783969931.6306,3,2,0.5000,0.4951,1.42233,-0.03162,-2.63742,1.09828,1.57085,0.11671,-0.12757,-0.48152,0.02655,,,,,,,,,,,,,,,,,,,,,,,,,,0,0,0,0,0
79.8769,1783969931.6437,3,2,0.5000,0.4320,1.42233,-0.03162,-2.63742,1.09828,1.57085,0.11671,-0.12757,-0.48152,0.02655,,,,,,,,,,,,,,,,,,,,,,,,,,0,0,0,0,0
79.8771,1783969931.6439,3,2,0.5000,0.4321,1.42233,-0.03162,-2.63742,1.09828,1.57085,0.11671,-0.12757,-0.48152,0.02655,,,,,,,,,,,,,,,,,,,,,,,,,,0,0,0,0,0
79.8859,1783969931.6527,3,2,0.5000,0.4450,1.42233,-0.03162,-2.63742,1.09828,1.57085,0.11671,-0.12757,-0.48152,0.02655,,,,,,,,,,,,,,,,,,,,,,,,,,0,0,0,0,0
79.8943,1783969931.6610,3,2,0.5000,0.5137,1.42233,-0.03162,-2.63742,1.09828,1.57085,0.11671,-0.12757,-0.48152,0.02655,,,,,,,,,,,,,,,,,,,,,,,,,,0,0,0,0,0
79.9055,1783969931.6723,3,2,0.5000,0.5425,1.42233,-0.03162,-2.63742,1.09828,1.57085,0.11671,-0.12757,-0.48152,0.02655,,,,,,,,,,,,,,,,,,,,,,,,,,0,0,0,0,0
79.9150,1783969931.6818,3,2,0.5000,0.5885,1.42233,-0.03162,-2.63742,1.09828,1.57085,0.11671,-0.12757,-0.48152,0.02655,,,,,,,,,,,,,,,,,,,,,,,,,,0,0,0,0,0
79.9288,1783969931.6956,3,2,0.5000,0.5478,1.42233,-0.03162,-2.63742,1.09828,1.57085,0.11671,-0.12757,-0.48152,0.02655,,,,,,,,,,,,,,,,,,,,,,,,,,0,0,0,0,0
79.9580,1783969931.7248,3,2,0.5000,0.4963,1.42233,-0.03162,-2.63742,1.09828,1.57085,0.11671,-0.12757,-0.48152,0.02655,,,,,,,,,,,,,,,,,,,,,,,,,,0,0,0,0,0
79.9588,1783969931.7255,3,2,0.5000,0.4516,1.42233,-0.03162,-2.63742,1.09828,1.57085,0.11671,-0.12757,-0.48152,0.02655,,,,,,,,,,,,,,,,,,,,,,,,,,0,0,0,0,0
79.9665,1783969931.7333,3,2,0.5000,0.4998,1.42233,-0.03162,-2.63742,1.09828,1.57085,0.11671,-0.12757,-0.48152,0.02655,,,,,,,,,,,,,,,,,,,,,,,,,,0,0,0,0,0
79.9792,1783969931.7460,3,2,0.5000,0.5563,1.42233,-0.03162,-2.63742,1.09828,1.57085,0.11671,-0.12757,-0.48152,0.02655,,,,,,,,,,,,,,,,,,,,,,,,,,0,0,0,0,0
79.9842,1783969931.7509,3,2,0.5000,0.5510,1.42233,-0.03162,-2.63742,1.09828,1.57085,0.11671,-0.12757,-0.48152,0.02655,,,,,,,,,,,,,,,,,,,,,,,,,,0,0,0,0,0
79.9921,1783969931.7588,3,2,0.5000,0.5262,1.42233,-0.03162,-2.63742,1.09828,1.57085,0.11671,-0.12757,-0.48152,0.02655,,,,,,,,,,,,,,,,,,,,,,,,,,0,0,0,0,0
80.0012,1783969931.7680,3,2,0.5000,0.4261,1.42233,-0.03162,-2.63742,1.09828,1.57085,0.11671,-0.12757,-0.48152,0.02655,,,,,,,,,,,,,,,,,,,,,,,,,,0,0,0,0,0
80.0168,1783969931.7835,3,2,0.5000,0.4445,1.42233,-0.03162,-2.63742,1.09828,1.57085,0.11671,-0.12757,-0.48152,0.02655,,,,,,,,,,,,,,,,,,,,,,,,,,0,0,0,0,0
80.0241,1783969931.7909,3,2,0.5000,0.4716,1.42233,-0.03162,-2.63742,1.09828,1.57085,0.11671,-0.12757,-0.48152,0.02655,,,,,,,,,,,,,,,,,,,,,,,,,,0,0,0,0,0
80.0369,1783969931.8037,3,2,0.5000,0.5444,1.42233,-0.03162,-2.63742,1.09828,1.57085,0.11671,-0.12757,-0.48152,0.02655,,,,,,,,,,,,,,,,,,,,,,,,,,0,0,0,0,0
80.0426,1783969931.8094,3,2,0.5000,0.6103,1.42233,-0.03162,-2.63742,1.09828,1.57085,0.11671,-0.12757,-0.48152,0.02655,,,,,,,,,,,,,,,,,,,,,,,,,,0,0,0,0,0
80.0593,1783969931.8261,3,2,0.5000,0.5409,1.42233,-0.03162,-2.63742,1.09828,1.57085,0.11671,-0.12757,-0.48152,0.02655,,,,,,,,,,,,,,,,,,,,,,,,,,0,0,0,0,0
80.0658,1783969931.8326,3,2,0.5000,0.4993,1.42233,-0.03162,-2.63742,1.09828,1.57085,0.11671,-0.12757,-0.48152,0.02655,,,,,,,,,,,,,,,,,,,,,,,,,,0,0,0,0,0
80.0738,1783969931.8406,3,2,0.5000,0.4664,1.42233,-0.03162,-2.63742,1.09828,1.57085,0.11671,-0.12757,-0.48152,0.02655,,,,,,,,,,,,,,,,,,,,,,,,,,0,0,0,0,0
80.0855,1783969931.8523,3,2,0.5000,0.4650,1.42233,-0.03162,-2.63742,1.09828,1.57085,0.11671,-0.12757,-0.48152,0.02655,,,,,,,,,,,,,,,,,,,,,,,,,,0,0,0,0,0
80.0922,1783969931.8590,3,2,0.5000,0.4533,1.42233,-0.03162,-2.63742,1.09828,1.57085,0.11671,-0.12757,-0.48152,0.02655,,,,,,,,,,,,,,,,,,,,,,,,,,0,0,0,0,0
80.0926,1783969931.8593,3,2,0.5000,0.4704,1.42233,-0.03162,-2.63742,1.09828,1.57085,0.11671,-0.12757,-0.48152,0.02655,,,,,,,,,,,,,,,,,,,,,,,,,,0,0,0,0,0
80.1010,1783969931.8678,3,2,0.5000,0.5086,1.42233,-0.03162,-2.63742,1.09828,1.57085,0.11671,-0.12757,-0.48152,0.02655,,,,,,,,,,,,,,,,,,,,,,,,,,0,0,0,0,0
80.1151,1783969931.8818,3,2,0.5000,0.5324,1.42233,-0.03162,-2.63742,1.09828,1.57085,0.11671,-0.12757,-0.48152,0.02655,,,,,,,,,,,,,,,,,,,,,,,,,,0,0,0,0,0
80.1292,1783969931.8960,3,2,0.5000,0.4988,1.42233,-0.03162,-2.63742,1.09828,1.57085,0.11671,-0.12757,-0.48152,0.02655,,,,,,,,,,,,,,,,,,,,,,,,,,0,0,0,0,0
80.1399,1783969931.9067,3,2,0.5000,0.4456,1.42233,-0.03162,-2.63742,1.09828,1.57085,0.11671,-0.12757,-0.48152,0.02655,,,,,,,,,,,,,,,,,,,,,,,,,,0,0,0,0,0
80.1433,1783969931.9101,3,2,0.5000,0.4761,1.42233,-0.03162,-2.63742,1.09828,1.57085,0.11671,-0.12757,-0.48152,0.02655,,,,,,,,,,,,,,,,,,,,,,,,,,0,0,0,0,0
80.1619,1783969931.9287,3,2,0.5000,0.5052,1.42233,-0.03162,-2.63742,1.09828,1.57085,0.11671,-0.12757,-0.48152,0.02655,,,,,,,,,,,,,,,,,,,,,,,,,,0,0,0,0,0
80.1682,1783969931.9350,3,2,0.5000,0.5399,1.42233,-0.03162,-2.63742,1.09828,1.57085,0.11671,-0.12757,-0.48152,0.02655,,,,,,,,,,,,,,,,,,,,,,,,,,0,0,0,0,0
80.1685,1783969931.9353,3,2,0.5000,0.5611,1.42233,-0.03162,-2.63742,1.09828,1.57085,0.11671,-0.12757,-0.48152,0.02655,,,,,,,,,,,,,,,,,,,,,,,,,,0,0,0,0,0
80.1751,1783969931.9419,3,2,0.5000,0.5593,1.42233,-0.03162,-2.63742,1.09828,1.57085,0.11671,-0.12757,-0.48152,0.02655,,,,,,,,,,,,,,,,,,,,,,,,,,0,0,0,0,0
80.1847,1783969931.9515,3,2,0.5000,0.5220,1.42233,-0.03162,-2.63742,1.09828,1.57085,0.11671,-0.12757,-0.48152,0.02655,,,,,,,,,,,,,,,,,,,,,,,,,,0,0,0,0,0
80.1953,1783969931.9621,3,2,0.5000,0.4341,1.42233,-0.03162,-2.63742,1.09828,1.57085,0.11671,-0.12757,-0.48152,0.02655,,,,,,,,,,,,,,,,,,,,,,,,,,0,0,0,0,0
80.1957,1783969931.9625,3,2,0.5000,0.4271,1.42233,-0.03162,-2.63742,1.09828,1.57085,0.11671,-0.12757,-0.48152,0.02655,,,,,,,,,,,,,,,,,,,,,,,,,,0,0,0,0,0
80.2060,1783969931.9728,3,2,0.5000,0.4181,1.42233,-0.03162,-2.63742,1.09828,1.57085,0.11671,-0.12757,-0.48152,0.02655,,,,,,,,,,,,,,,,,,,,,,,,,,0,0,0,0,0
80.2063,1783969931.9731,3,2,0.5000,0.3960,1.42233,-0.03162,-2.63742,1.09828,1.57085,0.11671,-0.12757,-0.48152,0.02655,,,,,,,,,,,,,,,,,,,,,,,,,,0,0,0,0,0
80.2123,1783969931.9791,3,2,0.5000,0.4565,1.42233,-0.03162,-2.63742,1.09828,1.57085,0.11671,-0.12757,-0.48152,0.02655,,,,,,,,,,,,,,,,,,,,,,,,,,0,0,0,0,0
80.2218,1783969931.9886,3,2,0.5000,0.5201,1.42233,-0.03162,-2.63742,1.09828,1.57085,0.11671,-0.12757,-0.48152,0.02655,,,,,,,,,,,,,,,,,,,,,,,,,,0,0,0,0,0
80.2329,1783969931.9997,3,2,0.5000,0.5295,1.42233,-0.03162,-2.63742,1.09828,1.57085,0.11671,-0.12757,-0.48152,0.02655,,,,,,,,,,,,,,,,,,,,,,,,,,0,0,0,0,0
80.2416,1783969932.0083,3,2,0.5000,0.5294,1.42233,-0.03162,-2.63742,1.09828,1.57085,0.11671,-0.12757,-0.48152,0.02655,,,,,,,,,,,,,,,,,,,,,,,,,,0,0,0,0,0
80.2556,1783969932.0224,3,2,0.5000,0.4651,1.42233,-0.03162,-2.63742,1.09828,1.57085,0.11671,-0.12757,-0.48152,0.02655,,,,,,,,,,,,,,,,,,,,,,,,,,0,0,0,0,0
80.2649,1783969932.0316,3,2,0.5000,0.4442,1.42233,-0.03162,-2.63742,1.09828,1.57085,0.11671,-0.12757,-0.48152,0.02655,,,,,,,,,,,,,,,,,,,,,,,,,,0,0,0,0,0
80.2652,1783969932.0320,3,2,0.5000,0.4372,1.42233,-0.03162,-2.63742,1.09828,1.57085,0.11671,-0.12757,-0.48152,0.02655,,,,,,,,,,,,,,,,,,,,,,,,,,0,0,0,0,0
80.2756,1783969932.0424,3,2,0.5000,0.4387,1.42233,-0.03162,-2.63742,1.09828,1.57085,0.11671,-0.12757,-0.48152,0.02655,,,,,,,,,,,,,,,,,,,,,,,,,,0,0,0,0,0
80.2849,1783969932.0517,3,2,0.5000,0.4983,1.42233,-0.03162,-2.63742,1.09828,1.57085,0.11671,-0.12757,-0.48152,0.02655,,,,,,,,,,,,,,,,,,,,,,,,,,0,0,0,0,0
80.2963,1783969932.0630,3,2,0.5000,0.5332,1.42233,-0.03162,-2.63742,1.09828,1.57085,0.11671,-0.12757,-0.48152,0.02655,,,,,,,,,,,,,,,,,,,,,,,,,,0,0,0,0,0
80.2966,1783969932.0634,3,2,0.5000,0.5594,1.42233,-0.03162,-2.63742,1.09828,1.57085,0.11671,-0.12757,-0.48152,0.02655,,,,,,,,,,,,,,,,,,,,,,,,,,0,0,0,0,0
80.3041,1783969932.0709,3,2,0.5000,0.5477,1.42233,-0.03162,-2.63742,1.09828,1.57085,0.11671,-0.12757,-0.48152,0.02655,,,,,,,,,,,,,,,,,,,,,,,,,,0,0,0,0,0
80.3155,1783969932.0823,3,2,0.5000,0.5327,1.42233,-0.03162,-2.63742,1.09828,1.57085,0.11671,-0.12757,-0.48152,0.02655,,,,,,,,,,,,,,,,,,,,,,,,,,0,0,0,0,0
80.3247,1783969932.0915,3,2,0.5000,0.4422,1.42233,-0.03162,-2.63742,1.09828,1.57085,0.11671,-0.12757,-0.48152,0.02655,,,,,,,,,,,,,,,,,,,,,,,,,,0,0,0,0,0
80.3311,1783969932.0979,3,2,0.5000,0.3629,1.42233,-0.03162,-2.63742,1.09828,1.57085,0.11671,-0.12757,-0.48152,0.02655,,,,,,,,,,,,,,,,,,,,,,,,,,0,0,0,0,0
80.3442,1783969932.1109,3,2,0.5000,0.4351,1.42233,-0.03162,-2.63742,1.09828,1.57085,0.11671,-0.12757,-0.48152,0.02655,,,,,,,,,,,,,,,,,,,,,,,,,,0,0,0,0,0
80.3537,1783969932.1205,3,2,0.5000,0.4759,1.42233,-0.03162,-2.63742,1.09828,1.57085,0.11671,-0.12757,-0.48152,0.02655,,,,,,,,,,,,,,,,,,,,,,,,,,0,0,0,0,0
80.3649,1783969932.1316,3,2,0.5000,0.5626,1.42233,-0.03162,-2.63742,1.09828,1.57085,0.11671,-0.12757,-0.48152,0.02655,,,,,,,,,,,,,,,,,,,,,,,,,,0,0,0,0,0
80.3752,1783969932.1420,3,2,0.5000,0.5136,1.42233,-0.03162,-2.63742,1.09828,1.57085,0.11671,-0.12757,-0.48152,0.02655,,,,,,,,,,,,,,,,,,,,,,,,,,0,0,0,0,0
80.4043,1783969932.1711,3,2,0.5000,0.4926,1.42233,-0.03162,-2.63742,1.09828,1.57085,0.11671,-0.12757,-0.48152,0.02655,,,,,,,,,,,,,,,,,,,,,,,,,,0,0,0,0,0
80.4045,1783969932.1713,3,2,0.5000,0.4491,1.42233,-0.03162,-2.63742,1.09828,1.57085,0.11671,-0.12757,-0.48152,0.02655,,,,,,,,,,,,,,,,,,,,,,,,,,0,0,0,0,0
80.4057,1783969932.1724,3,2,0.5000,0.4340,1.42233,-0.03162,-2.63742,1.09828,1.57085,0.11671,-0.12757,-0.48152,0.02655,,,,,,,,,,,,,,,,,,,,,,,,,,0,0,0,0,0
80.4059,1783969932.1727,3,2,0.5000,0.4293,1.42233,-0.03162,-2.63742,1.09828,1.57085,0.11671,-0.12757,-0.48152,0.02655,,,,,,,,,,,,,,,,,,,,,,,,,,0,0,0,0,0
80.4110,1783969932.1777,3,2,0.5000,0.4522,1.42233,-0.03162,-2.63742,1.09828,1.57085,0.11671,-0.12757,-0.48152,0.02655,,,,,,,,,,,,,,,,,,,,,,,,,,0,0,0,0,0
80.4113,1783969932.1781,3,2,0.5000,0.4630,1.42233,-0.03162,-2.63742,1.09828,1.57085,0.11671,-0.12757,-0.48152,0.02655,,,,,,,,,,,,,,,,,,,,,,,,,,0,0,0,0,0
80.4213,1783969932.1881,3,2,0.5000,0.5432,1.42233,-0.03162,-2.63742,1.09828,1.57085,0.11671,-0.12757,-0.48152,0.02655,,,,,,,,,,,,,,,,,,,,,,,,,,0,0,0,0,0
80.4379,1783969932.2047,3,2,0.5000,0.5728,1.42233,-0.03162,-2.63742,1.09828,1.57085,0.11671,-0.12757,-0.48152,0.02655,,,,,,,,,,,,,,,,,,,,,,,,,,0,0,0,0,0
80.4456,1783969932.2124,3,2,0.5000,0.5495,1.42233,-0.03162,-2.63742,1.09828,1.57085,0.11671,-0.12757,-0.48152,0.02655,,,,,,,,,,,,,,,,,,,,,,,,,,0,0,0,0,0
80.4460,1783969932.2128,3,2,0.5000,0.5316,1.42233,-0.03162,-2.63742,1.09828,1.57085,0.11671,-0.12757,-0.48152,0.02655,,,,,,,,,,,,,,,,,,,,,,,,,,0,0,0,0,0
80.4535,1783969932.2203,3,2,0.5000,0.4440,1.42233,-0.03162,-2.63742,1.09828,1.57085,0.11671,-0.12757,-0.48152,0.02655,,,,,,,,,,,,,,,,,,,,,,,,,,0,0,0,0,0
80.4684,1783969932.2351,3,2,0.5000,0.3988,1.42233,-0.03162,-2.63742,1.09828,1.57085,0.11671,-0.12757,-0.48152,0.02655,,,,,,,,,,,,,,,,,,,,,,,,,,0,0,0,0,0
80.4737,1783969932.2405,3,2,0.5000,0.4338,1.42233,-0.03162,-2.63742,1.09828,1.57085,0.11671,-0.12757,-0.48152,0.02655,,,,,,,,,,,,,,,,,,,,,,,,,,0,0,0,0,0
80.4840,1783969932.2508,3,2,0.5000,0.4956,1.42233,-0.03162,-2.63742,1.09828,1.57085,0.11671,-0.12757,-0.48152,0.02655,,,,,,,,,,,,,,,,,,,,,,,,,,0,0,0,0,0
80.4934,1783969932.2602,3,2,0.5000,0.5867,1.42233,-0.03162,-2.63742,1.09828,1.57085,0.11671,-0.12757,-0.48152,0.02655,,,,,,,,,,,,,,,,,,,,,,,,,,0,0,0,0,0
80.5052,1783969932.2720,3,2,0.5000,0.5483,1.42233,-0.03162,-2.63742,1.09828,1.57085,0.11671,-0.12757,-0.48152,0.02655,,,,,,,,,,,,,,,,,,,,,,,,,,0,0,0,0,0
80.5134,1783969932.2801,3,2,0.5000,0.5030,1.42233,-0.03162,-2.63742,1.09828,1.57085,0.11671,-0.12757,-0.48152,0.02655,,,,,,,,,,,,,,,,,,,,,,,,,,0,0,0,0,0
80.5562,1783969932.3230,3,2,0.5000,0.4282,1.42233,-0.03162,-2.63742,1.09828,1.57085,0.11671,-0.12757,-0.48152,0.02655,,,,,,,,,,,,,,,,,,,,,,,,,,0,0,0,0,0
80.5929,1783969932.3597,3,2,0.5000,0.4392,1.42233,-0.03162,-2.63742,1.09828,1.57085,0.11671,-0.12757,-0.48152,0.02655,,,,,,,,,,,,,,,,,,,,,,,,,,0,0,0,0,0
80.5941,1783969932.3609,3,2,0.5000,0.4557,1.42233,-0.03162,-2.63742,1.09828,1.57085,0.11671,-0.12757,-0.48152,0.02655,,,,,,,,,,,,,,,,,,,,,,,,,,0,0,0,0,0
80.5945,1783969932.3613,3,2,0.5000,0.4800,1.42233,-0.03162,-2.63742,1.09828,1.57085,0.11671,-0.12757,-0.48152,0.02655,,,,,,,,,,,,,,,,,,,,,,,,,,0,0,0,0,0
80.6049,1783969932.3717,3,2,0.5000,0.5512,1.42233,-0.03162,-2.63742,1.09828,1.57085,0.11671,-0.12757,-0.48152,0.02655,,,,,,,,,,,,,,,,,,,,,,,,,,0,0,0,0,0
80.6070,1783969932.3738,3,2,0.5000,0.5733,1.42233,-0.03162,-2.63742,1.09828,1.57085,0.11671,-0.12757,-0.48152,0.02655,,,,,,,,,,,,,,,,,,,,,,,,,,0,0,0,0,0
80.6075,1783969932.3743,3,2,0.5000,0.5191,1.42233,-0.03162,-2.63742,1.09828,1.57085,0.11671,-0.12757,-0.48152,0.02655,,,,,,,,,,,,,,,,,,,,,,,,,,0,0,0,0,0
80.6090,1783969932.3758,3,2,0.5000,0.4773,1.42233,-0.03162,-2.63742,1.09828,1.57085,0.11671,-0.12757,-0.48152,0.02655,,,,,,,,,,,,,,,,,,,,,,,,,,0,0,0,0,0
80.6094,1783969932.3762,3,2,0.5000,0.4095,1.42233,-0.03162,-2.63742,1.09828,1.57085,0.11671,-0.12757,-0.48152,0.02655,,,,,,,,,,,,,,,,,,,,,,,,,,0,0,0,0,0
80.6127,1783969932.3794,3,2,0.5000,0.4159,1.42233,-0.03162,-2.63742,1.09828,1.57085,0.11671,-0.12757,-0.48152,0.02655,,,,,,,,,,,,,,,,,,,,,,,,,,0,0,0,0,0
80.6131,1783969932.3799,3,2,0.5000,0.4267,1.42233,-0.03162,-2.63742,1.09828,1.57085,0.11671,-0.12757,-0.48152,0.02655,,,,,,,,,,,,,,,,,,,,,,,,,,0,0,0,0,0
80.6137,1783969932.3805,3,2,0.5000,0.4527,1.42233,-0.03162,-2.63742,1.09828,1.57085,0.11671,-0.12757,-0.48152,0.02655,,,,,,,,,,,,,,,,,,,,,,,,,,0,0,0,0,0
80.6142,1783969932.3810,3,2,0.5000,0.4835,1.42233,-0.03162,-2.63742,1.09828,1.57085,0.11671,-0.12757,-0.48152,0.02655,,,,,,,,,,,,,,,,,,,,,,,,,,0,0,0,0,0
80.6223,1783969932.3890,3,2,0.5000,0.5048,1.42233,-0.03162,-2.63742,1.09828,1.57085,0.11671,-0.12757,-0.48152,0.02655,,,,,,,,,,,,,,,,,,,,,,,,,,0,0,0,0,0
80.6348,1783969932.4016,3,2,0.5000,0.5055,1.42233,-0.03162,-2.63742,1.09828,1.57085,0.11671,-0.12757,-0.48152,0.02655,,,,,,,,,,,,,,,,,,,,,,,,,,0,0,0,0,0
80.6452,1783969932.4120,3,2,0.5000,0.4903,1.42233,-0.03162,-2.63742,1.09828,1.57085,0.11671,-0.12757,-0.48152,0.02655,,,,,,,,,,,,,,,,,,,,,,,,,,0,0,0,0,0
80.6542,1783969932.4210,3,2,0.5000,0.4836,1.42233,-0.03162,-2.63742,1.09828,1.57085,0.11671,-0.12757,-0.48152,0.02655,,,,,,,,,,,,,,,,,,,,,,,,,,0,0,0,0,0
80.6546,1783969932.4214,3,2,0.5000,0.4519,1.42233,-0.03162,-2.63742,1.09828,1.57085,0.11671,-0.12757,-0.48152,0.02655,,,,,,,,,,,,,,,,,,,,,,,,,,0,0,0,0,0
80.6617,1783969932.4285,3,2,0.5000,0.4752,1.42233,-0.03162,-2.63742,1.09828,1.57085,0.11671,-0.12757,-0.48152,0.02655,,,,,,,,,,,,,,,,,,,,,,,,,,0,0,0,0,0
80.6752,1783969932.4420,3,2,0.5000,0.5228,1.42233,-0.03162,-2.63742,1.09828,1.57085,0.11671,-0.12757,-0.48152,0.02655,,,,,,,,,,,,,,,,,,,,,,,,,,0,0,0,0,0
80.6824,1783969932.4492,3,2,0.5000,0.5517,1.42233,-0.03162,-2.63742,1.09828,1.57085,0.11671,-0.12757,-0.48152,0.02655,,,,,,,,,,,,,,,,,,,,,,,,,,0,0,0,0,0
80.6986,1783969932.4654,3,2,0.5000,0.5461,1.42233,-0.03162,-2.63742,1.09828,1.57085,0.11671,-0.12757,-0.48152,0.02655,,,,,,,,,,,,,,,,,,,,,,,,,,0,0,0,0,0
80.7055,1783969932.4722,3,2,0.5000,0.5329,1.42233,-0.03162,-2.63742,1.09828,1.57085,0.11671,-0.12757,-0.48152,0.02655,,,,,,,,,,,,,,,,,,,,,,,,,,0,0,0,0,0
80.7059,1783969932.4726,3,2,0.5000,0.4955,1.42233,-0.03162,-2.63742,1.09828,1.57085,0.11671,-0.12757,-0.48152,0.02655,,,,,,,,,,,,,,,,,,,,,,,,,,0,0,0,0,0
80.7158,1783969932.4826,3,2,0.5000,0.4722,1.42233,-0.03162,-2.63742,1.09828,1.57085,0.11671,-0.12757,-0.48152,0.02655,,,,,,,,,,,,,,,,,,,,,,,,,,0,0,0,0,0
80.7164,1783969932.4832,3,2,0.5000,0.4431,1.42233,-0.03162,-2.63742,1.09828,1.57085,0.11671,-0.12757,-0.48152,0.02655,,,,,,,,,,,,,,,,,,,,,,,,,,0,0,0,0,0
80.7246,1783969932.4913,3,2,0.5000,0.4014,1.42233,-0.03162,-2.63742,1.09828,1.57085,0.11671,-0.12757,-0.48152,0.02655,,,,,,,,,,,,,,,,,,,,,,,,,,0,0,0,0,0
80.7248,1783969932.4916,3,2,0.5000,0.4054,1.42233,-0.03162,-2.63742,1.09828,1.57085,0.11671,-0.12757,-0.48152,0.02655,,,,,,,,,,,,,,,,,,,,,,,,,,0,0,0,0,0
80.7335,1783969932.5003,3,2,0.5000,0.4180,1.42233,-0.03162,-2.63742,1.09828,1.57085,0.11671,-0.12757,-0.48152,0.02655,,,,,,,,,,,,,,,,,,,,,,,,,,0,0,0,0,0
80.7339,1783969932.5007,3,2,0.5000,0.4135,1.42233,-0.03162,-2.63742,1.09828,1.57085,0.11671,-0.12757,-0.48152,0.02655,,,,,,,,,,,,,,,,,,,,,,,,,,0,0,0,0,0
80.7443,1783969932.5110,3,2,0.5000,0.4479,1.42233,-0.03162,-2.63742,1.09828,1.57085,0.11671,-0.12757,-0.48152,0.02655,,,,,,,,,,,,,,,,,,,,,,,,,,0,0,0,0,0
80.7446,1783969932.5113,3,2,0.5000,0.4822,1.42233,-0.03162,-2.63742,1.09828,1.57085,0.11671,-0.12757,-0.48152,0.02655,,,,,,,,,,,,,,,,,,,,,,,,,,0,0,0,0,0
80.7534,1783969932.5202,3,2,0.5000,0.5551,1.42233,-0.03162,-2.63742,1.09828,1.57085,0.11671,-0.12757,-0.48152,0.02655,,,,,,,,,,,,,,,,,,,,,,,,,,0,0,0,0,0
80.7646,1783969932.5313,3,2,0.5000,0.5489,1.42233,-0.03162,-2.63742,1.09828,1.57085,0.11671,-0.12757,-0.48152,0.02655,,,,,,,,,,,,,,,,,,,,,,,,,,0,0,0,0,0
80.7773,1783969932.5441,3,2,0.5000,0.5215,1.42233,-0.03162,-2.63742,1.09828,1.57085,0.11671,-0.12757,-0.48152,0.02655,,,,,,,,,,,,,,,,,,,,,,,,,,0,0,0,0,0
80.7857,1783969932.5525,3,2,0.5000,0.4764,1.42233,-0.03162,-2.63742,1.09828,1.57085,0.11671,-0.12757,-0.48152,0.02655,,,,,,,,,,,,,,,,,,,,,,,,,,0,0,0,0,0
80.7977,1783969932.5644,3,2,0.5000,0.4848,1.42233,-0.03162,-2.63742,1.09828,1.57085,0.11671,-0.12757,-0.48152,0.02655,,,,,,,,,,,,,,,,,,,,,,,,,,0,0,0,0,0
80.8015,1783969932.5683,3,2,0.5000,0.4670,1.42233,-0.03162,-2.63742,1.09828,1.57085,0.11671,-0.12757,-0.48152,0.02655,,,,,,,,,,,,,,,,,,,,,,,,,,0,0,0,0,0
80.8167,1783969932.5835,3,2,0.5000,0.4908,1.42233,-0.03162,-2.63742,1.09828,1.57085,0.11671,-0.12757,-0.48152,0.02655,,,,,,,,,,,,,,,,,,,,,,,,,,0,0,0,0,0
80.8247,1783969932.5914,3,2,0.5000,0.5117,1.42233,-0.03162,-2.63742,1.09828,1.57085,0.11671,-0.12757,-0.48152,0.02655,,,,,,,,,,,,,,,,,,,,,,,,,,0,0,0,0,0
80.8375,1783969932.6043,3,2,0.5000,0.4854,1.42233,-0.03162,-2.63742,1.09828,1.57085,0.11671,-0.12757,-0.48152,0.02655,,,,,,,,,,,,,,,,,,,,,,,,,,0,0,0,0,0
80.8453,1783969932.6120,3,2,0.5000,0.4625,1.42233,-0.03162,-2.63742,1.09828,1.57085,0.11671,-0.12757,-0.48152,0.02655,,,,,,,,,,,,,,,,,,,,,,,,,,0,0,0,0,0
80.8456,1783969932.6124,3,2,0.5000,0.4452,1.42233,-0.03162,-2.63742,1.09828,1.57085,0.11671,-0.12757,-0.48152,0.02655,,,,,,,,,,,,,,,,,,,,,,,,,,0,0,0,0,0
80.8602,1783969932.6270,3,2,0.5000,0.3952,1.42233,-0.03162,-2.63742,1.09828,1.57085,0.11671,-0.12757,-0.48152,0.02655,,,,,,,,,,,,,,,,,,,,,,,,,,0,0,0,0,0
80.8610,1783969932.6278,3,2,0.5000,0.4257,1.42233,-0.03162,-2.63742,1.09828,1.57085,0.11671,-0.12757,-0.48152,0.02655,,,,,,,,,,,,,,,,,,,,,,,,,,0,0,0,0,0
80.8615,1783969932.6283,3,2,0.5000,0.4396,1.42233,-0.03162,-2.63742,1.09828,1.57085,0.11671,-0.12757,-0.48152,0.02655,,,,,,,,,,,,,,,,,,,,,,,,,,0,0,0,0,0
80.8772,1783969932.6440,3,2,0.5000,0.4411,1.42233,-0.03162,-2.63742,1.09828,1.57085,0.11671,-0.12757,-0.48152,0.02655,,,,,,,,,,,,,,,,,,,,,,,,,,0,0,0,0,0
80.8775,1783969932.6443,3,2,0.5000,0.4674,1.42233,-0.03162,-2.63742,1.09828,1.57085,0.11671,-0.12757,-0.48152,0.02655,,,,,,,,,,,,,,,,,,,,,,,,,,0,0,0,0,0
80.8778,1783969932.6446,3,2,0.5000,0.4817,1.42233,-0.03162,-2.63742,1.09828,1.57085,0.11671,-0.12757,-0.48152,0.02655,,,,,,,,,,,,,,,,,,,,,,,,,,0,0,0,0,0
80.8849,1783969932.6516,3,2,0.5000,0.5183,1.42233,-0.03162,-2.63742,1.09828,1.57085,0.11671,-0.12757,-0.48152,0.02655,,,,,,,,,,,,,,,,,,,,,,,,,,0,0,0,0,0
80.8851,1783969932.6519,3,2,0.5000,0.5195,1.42233,-0.03162,-2.63742,1.09828,1.57085,0.11671,-0.12757,-0.48152,0.02655,,,,,,,,,,,,,,,,,,,,,,,,,,0,0,0,0,0
80.8993,1783969932.6661,3,2,0.5000,0.5325,1.42233,-0.03162,-2.63742,1.09828,1.57085,0.11671,-0.12757,-0.48152,0.02655,,,,,,,,,,,,,,,,,,,,,,,,,,0,0,0,0,0
80.8997,1783969932.6665,3,2,0.5000,0.5424,1.42233,-0.03162,-2.63742,1.09828,1.57085,0.11671,-0.12757,-0.48152,0.02655,,,,,,,,,,,,,,,,,,,,,,,,,,0,0,0,0,0
80.9050,1783969932.6718,3,2,0.5000,0.4955,1.42233,-0.03162,-2.63742,1.09828,1.57085,0.11671,-0.12757,-0.48152,0.02655,,,,,,,,,,,,,,,,,,,,,,,,,,0,0,0,0,0
80.9055,1783969932.6722,3,2,0.5000,0.4766,1.42233,-0.03162,-2.63742,1.09828,1.57085,0.11671,-0.12757,-0.48152,0.02655,,,,,,,,,,,,,,,,,,,,,,,,,,0,0,0,0,0
80.9123,1783969932.6790,3,2,0.5000,0.4391,1.42233,-0.03162,-2.63742,1.09828,1.57085,0.11671,-0.12757,-0.48152,0.02655,,,,,,,,,,,,,,,,,,,,,,,,,,0,0,0,0,0
80.9214,1783969932.6881,3,2,0.5000,0.4164,1.42233,-0.03162,-2.63742,1.09828,1.57085,0.11671,-0.12757,-0.48152,0.02655,,,,,,,,,,,,,,,,,,,,,,,,,,0,0,0,0,0
81.0934,1783969932.8602,3,2,0.5000,0.4741,1.42233,-0.03162,-2.63742,1.09828,1.57085,0.11671,-0.12757,-0.48152,0.02655,,,,,,,,,,,,,,,,,,,,,,,,,,0,0,0,0,0
81.0983,1783969932.8650,3,2,0.5000,0.5459,1.42233,-0.03162,-2.63742,1.09828,1.57085,0.11671,-0.12757,-0.48152,0.02655,,,,,,,,,,,,,,,,,,,,,,,,,,0,0,0,0,0
81.1046,1783969932.8714,3,2,0.5000,0.5251,1.42233,-0.03162,-2.63742,1.09828,1.57085,0.11671,-0.12757,-0.48152,0.02655,,,,,,,,,,,,,,,,,,,,,,,,,,0,0,0,0,0
81.1053,1783969932.8721,3,2,0.5000,0.5233,1.42233,-0.03162,-2.63742,1.09828,1.57085,0.11671,-0.12757,-0.48152,0.02655,,,,,,,,,,,,,,,,,,,,,,,,,,0,0,0,0,0
81.1056,1783969932.8724,3,2,0.5000,0.5094,1.42233,-0.03162,-2.63742,1.09828,1.57085,0.11671,-0.12757,-0.48152,0.02655,,,,,,,,,,,,,,,,,,,,,,,,,,0,0,0,0,0
81.1104,1783969932.8772,3,2,0.5000,0.4298,1.42233,-0.03162,-2.63742,1.09828,1.57085,0.11671,-0.12757,-0.48152,0.02655,,,,,,,,,,,,,,,,,,,,,,,,,,0,0,0,0,0
81.1108,1783969932.8776,3,2,0.5000,0.4401,1.42233,-0.03162,-2.63742,1.09828,1.57085,0.11671,-0.12757,-0.48152,0.02655,,,,,,,,,,,,,,,,,,,,,,,,,,0,0,0,0,0
81.1112,1783969932.8780,3,2,0.5000,0.4592,1.42233,-0.03162,-2.63742,1.09828,1.57085,0.11671,-0.12757,-0.48152,0.02655,,,,,,,,,,,,,,,,,,,,,,,,,,0,0,0,0,0
81.1114,1783969932.8782,3,2,0.5000,0.5110,1.42233,-0.03162,-2.63742,1.09828,1.57085,0.11671,-0.12757,-0.48152,0.02655,,,,,,,,,,,,,,,,,,,,,,,,,,0,0,0,0,0
81.1117,1783969932.8784,3,2,0.5000,0.5087,1.42233,-0.03162,-2.63742,1.09828,1.57085,0.11671,-0.12757,-0.48152,0.02655,,,,,,,,,,,,,,,,,,,,,,,,,,0,0,0,0,0
81.1185,1783969932.8853,3,2,0.5000,0.5115,1.42233,-0.03162,-2.63742,1.09828,1.57085,0.11671,-0.12757,-0.48152,0.02655,,,,,,,,,,,,,,,,,,,,,,,,,,0,0,0,0,0
81.1188,1783969932.8855,3,2,0.5000,0.4937,1.42233,-0.03162,-2.63742,1.09828,1.57085,0.11671,-0.12757,-0.48152,0.02655,,,,,,,,,,,,,,,,,,,,,,,,,,0,0,0,0,0
81.1191,1783969932.8859,3,2,0.5000,0.4954,1.42233,-0.03162,-2.63742,1.09828,1.57085,0.11671,-0.12757,-0.48152,0.02655,,,,,,,,,,,,,,,,,,,,,,,,,,0,0,0,0,0
81.1194,1783969932.8862,3,2,0.5000,0.4968,1.42233,-0.03162,-2.63742,1.09828,1.57085,0.11671,-0.12757,-0.48152,0.02655,,,,,,,,,,,,,,,,,,,,,,,,,,0,0,0,0,0
81.1220,1783969932.8888,3,2,0.5000,0.4916,1.42233,-0.03162,-2.63742,1.09828,1.57085,0.11671,-0.12757,-0.48152,0.02655,,,,,,,,,,,,,,,,,,,,,,,,,,0,0,0,0,0
81.1225,1783969932.8892,3,2,0.5000,0.4880,1.42233,-0.03162,-2.63742,1.09828,1.57085,0.11671,-0.12757,-0.48152,0.02655,,,,,,,,,,,,,,,,,,,,,,,,,,0,0,0,0,0
81.1247,1783969932.8915,3,2,0.5000,0.4921,1.42233,-0.03162,-2.63742,1.09828,1.57085,0.11671,-0.12757,-0.48152,0.02655,,,,,,,,,,,,,,,,,,,,,,,,,,0,0,0,0,0
81.1252,1783969932.8920,3,2,0.5000,0.4903,1.42233,-0.03162,-2.63742,1.09828,1.57085,0.11671,-0.12757,-0.48152,0.02655,,,,,,,,,,,,,,,,,,,,,,,,,,0,0,0,0,0
81.1256,1783969932.8923,3,2,0.5000,0.4751,1.42233,-0.03162,-2.63742,1.09828,1.57085,0.11671,-0.12757,-0.48152,0.02655,,,,,,,,,,,,,,,,,,,,,,,,,,0,0,0,0,0
81.1272,1783969932.8940,3,2,0.5000,0.4864,1.42233,-0.03162,-2.63742,1.09828,1.57085,0.11671,-0.12757,-0.48152,0.02655,,,,,,,,,,,,,,,,,,,,,,,,,,0,0,0,0,0
81.1276,1783969932.8944,3,2,0.5000,0.4975,1.42233,-0.03162,-2.63742,1.09828,1.57085,0.11671,-0.12757,-0.48152,0.02655,,,,,,,,,,,,,,,,,,,,,,,,,,0,0,0,0,0
81.1356,1783969932.9023,3,2,0.5000,0.4958,1.42233,-0.03162,-2.63742,1.09828,1.57085,0.11671,-0.12757,-0.48152,0.02655,,,,,,,,,,,,,,,,,,,,,,,,,,0,0,0,0,0
81.1476,1783969932.9144,3,2,0.5000,0.5082,1.42233,-0.03162,-2.63742,1.09828,1.57085,0.11671,-0.12757,-0.48152,0.02655,,,,,,,,,,,,,,,,,,,,,,,,,,0,0,0,0,0
81.1535,1783969932.9202,3,2,0.5000,0.4980,1.42233,-0.03162,-2.63742,1.09828,1.57085,0.11671,-0.12757,-0.48152,0.02655,,,,,,,,,,,,,,,,,,,,,,,,,,0,0,0,0,0
81.1625,1783969932.9293,3,2,0.5000,0.4974,1.42233,-0.03162,-2.63742,1.09828,1.57085,0.11671,-0.12757,-0.48152,0.02655,,,,,,,,,,,,,,,,,,,,,,,,,,0,0,0,0,0
81.1709,1783969932.9376,3,2,0.5000,0.5181,1.42233,-0.03162,-2.63742,1.09828,1.57085,0.11671,-0.12757,-0.48152,0.02655,,,,,,,,,,,,,,,,,,,,,,,,,,0,0,0,0,0
81.1866,1783969932.9534,3,2,0.5000,0.5520,1.42233,-0.03162,-2.63742,1.09828,1.57085,0.11671,-0.12757,-0.48152,0.02655,,,,,,,,,,,,,,,,,,,,,,,,,,0,0,0,0,0
81.1912,1783969932.9580,3,2,0.5000,0.5579,1.42233,-0.03162,-2.63742,1.09828,1.57085,0.11671,-0.12757,-0.48152,0.02655,,,,,,,,,,,,,,,,,,,,,,,,,,0,0,0,0,0
81.2068,1783969932.9736,3,2,0.5000,0.5847,1.42233,-0.03162,-2.63742,1.09828,1.57085,0.11671,-0.12757,-0.48152,0.02655,,,,,,,,,,,,,,,,,,,,,,,,,,0,0,0,0,0
81.2073,1783969932.9740,3,2,0.5000,0.5647,1.42233,-0.03162,-2.63742,1.09828,1.57085,0.11671,-0.12757,-0.48152,0.02655,,,,,,,,,,,,,,,,,,,,,,,,,,0,0,0,0,0
81.2173,1783969932.9841,3,2,0.5000,0.5732,1.42233,-0.03162,-2.63742,1.09828,1.57085,0.11671,-0.12757,-0.48152,0.02655,,,,,,,,,,,,,,,,,,,,,,,,,,0,0,0,0,0
81.2237,1783969932.9904,3,2,0.5000,0.5513,1.42233,-0.03162,-2.63742,1.09828,1.57085,0.11671,-0.12757,-0.48152,0.02655,,,,,,,,,,,,,,,,,,,,,,,,,,0,0,0,0,0
81.2243,1783969932.9911,3,2,0.5000,0.5482,1.42233,-0.03162,-2.63742,1.09828,1.57085,0.11671,-0.12757,-0.48152,0.02655,,,,,,,,,,,,,,,,,,,,,,,,,,0,0,0,0,0
81.2335,1783969933.0003,3,2,0.5000,0.5252,1.42233,-0.03162,-2.63742,1.09828,1.57085,0.11671,-0.12757,-0.48152,0.02655,,,,,,,,,,,,,,,,,,,,,,,,,,0,0,0,0,0
81.2413,1783969933.0081,3,2,0.5000,0.5301,1.42233,-0.03162,-2.63742,1.09828,1.57085,0.11671,-0.12757,-0.48152,0.02655,,,,,,,,,,,,,,,,,,,,,,,,,,0,0,0,0,0
81.2510,1783969933.0178,3,2,0.5000,0.5330,1.42233,-0.03162,-2.63742,1.09828,1.57085,0.11671,-0.12757,-0.48152,0.02655,,,,,,,,,,,,,,,,,,,,,,,,,,0,0,0,0,0
81.2724,1783969933.0391,3,2,0.5000,0.5598,1.42233,-0.03162,-2.63742,1.09828,1.57085,0.11671,-0.12757,-0.48152,0.02655,,,,,,,,,,,,,,,,,,,,,,,,,,0,0,0,0,0
81.2728,1783969933.0396,3,2,0.5000,0.5607,1.42233,-0.03162,-2.63742,1.09828,1.57085,0.11671,-0.12757,-0.48152,0.02655,,,,,,,,,,,,,,,,,,,,,,,,,,0,0,0,0,0
81.2742,1783969933.0410,3,2,0.5000,0.5672,1.42233,-0.03162,-2.63742,1.09828,1.57085,0.11671,-0.12757,-0.48152,0.02655,,,,,,,,,,,,,,,,,,,,,,,,,,0,0,0,0,0
81.2845,1783969933.0512,3,2,0.5000,0.5684,1.42233,-0.03162,-2.63742,1.09828,1.57085,0.11671,-0.12757,-0.48152,0.02655,,,,,,,,,,,,,,,,,,,,,,,,,,0,0,0,0,0
81.2924,1783969933.0591,3,2,0.5000,0.5742,1.42233,-0.03162,-2.63742,1.09828,1.57085,0.11671,-0.12757,-0.48152,0.02655,,,,,,,,,,,,,,,,,,,,,,,,,,0,0,0,0,0
81.3117,1783969933.0785,3,2,0.5000,0.5671,1.42233,-0.03162,-2.63742,1.09828,1.57085,0.11671,-0.12757,-0.48152,0.02655,,,,,,,,,,,,,,,,,,,,,,,,,,0,0,0,0,0
81.3128,1783969933.0796,3,2,0.5000,0.5688,1.42233,-0.03162,-2.63742,1.09828,1.57085,0.11671,-0.12757,-0.48152,0.02655,,,,,,,,,,,,,,,,,,,,,,,,,,0,0,0,0,0
81.3244,1783969933.0912,3,2,0.5000,0.5651,1.42233,-0.03162,-2.63742,1.09828,1.57085,0.11671,-0.12757,-0.48152,0.02655,,,,,,,,,,,,,,,,,,,,,,,,,,0,0,0,0,0
81.3247,1783969933.0915,3,2,0.5000,0.5634,1.42233,-0.03162,-2.63742,1.09828,1.57085,0.11671,-0.12757,-0.48152,0.02655,,,,,,,,,,,,,,,,,,,,,,,,,,0,0,0,0,0
81.3327,1783969933.0995,3,2,0.5000,0.5616,1.42233,-0.03162,-2.63742,1.09828,1.57085,0.11671,-0.12757,-0.48152,0.02655,,,,,,,,,,,,,,,,,,,,,,,,,,0,0,0,0,0
81.3331,1783969933.0999,3,2,0.5000,0.5550,1.42233,-0.03162,-2.63742,1.09828,1.57085,0.11671,-0.12757,-0.48152,0.02655,,,,,,,,,,,,,,,,,,,,,,,,,,0,0,0,0,0
81.3412,1783969933.1080,3,2,0.5000,0.5423,1.42233,-0.03162,-2.63742,1.09828,1.57085,0.11671,-0.12757,-0.48152,0.02655,,,,,,,,,,,,,,,,,,,,,,,,,,0,0,0,0,0
81.3539,1783969933.1207,3,2,0.5000,0.5153,1.42233,-0.03162,-2.63742,1.09828,1.57085,0.11671,-0.12757,-0.48152,0.02655,,,,,,,,,,,,,,,,,,,,,,,,,,0,0,0,0,0
81.3675,1783969933.1342,3,2,0.5000,0.5276,1.42233,-0.03162,-2.63742,1.09828,1.57085,0.11671,-0.12757,-0.48152,0.02655,,,,,,,,,,,,,,,,,,,,,,,,,,0,0,0,0,0
81.3749,1783969933.1417,3,2,0.5000,0.5457,1.42233,-0.03162,-2.63742,1.09829,1.57085,0.11671,-0.12757,-0.48152,0.02655,,,,,,,,,,,,,,,,,,,,,,,,,,0,0,0,0,0
81.3753,1783969933.1420,3,2,0.5000,0.5515,1.42233,-0.03162,-2.63742,1.09829,1.57085,0.11671,-0.12757,-0.48152,0.02655,,,,,,,,,,,,,,,,,,,,,,,,,,0,0,0,0,0
81.3834,1783969933.1502,3,2,0.5000,0.5604,1.42233,-0.03162,-2.63742,1.09829,1.57085,0.11671,-0.12757,-0.48152,0.02655,,,,,,,,,,,,,,,,,,,,,,,,,,0,0,0,0,0
81.3988,1783969933.1656,3,2,0.5000,0.5672,1.42233,-0.03162,-2.63742,1.09829,1.57085,0.11671,-0.12757,-0.48152,0.02655,,,,,,,,,,,,,,,,,,,,,,,,,,0,0,0,0,0
81.4185,1783969933.1853,3,2,0.5000,0.5714,1.42233,-0.03162,-2.63742,1.09829,1.57085,0.11671,-0.12757,-0.48152,0.02655,,,,,,,,,,,,,,,,,,,,,,,,,,0,0,0,0,0
81.4269,1783969933.1936,3,2,0.5000,0.5625,1.42233,-0.03162,-2.63742,1.09829,1.57085,0.11671,-0.12757,-0.48152,0.02655,,,,,,,,,,,,,,,,,,,,,,,,,,0,0,0,0,0
81.4271,1783969933.1939,3,2,0.5000,0.5630,1.42233,-0.03162,-2.63742,1.09829,1.57085,0.11671,-0.12757,-0.48152,0.02655,,,,,,,,,,,,,,,,,,,,,,,,,,0,0,0,0,0
81.4335,1783969933.2003,3,2,0.5000,0.5680,1.42233,-0.03162,-2.63742,1.09829,1.57085,0.11671,-0.12757,-0.48152,0.02655,,,,,,,,,,,,,,,,,,,,,,,,,,0,0,0,0,0
81.4337,1783969933.2005,3,2,0.5000,0.5546,1.42233,-0.03162,-2.63742,1.09829,1.57085,0.11671,-0.12757,-0.48152,0.02655,,,,,,,,,,,,,,,,,,,,,,,,,,0,0,0,0,0
81.4415,1783969933.2082,3,2,0.5000,0.5256,1.42233,-0.03162,-2.63742,1.09829,1.57085,0.11671,-0.12757,-0.48152,0.02655,,,,,,,,,,,,,,,,,,,,,,,,,,0,0,0,0,0
81.4560,1783969933.2228,3,2,0.5000,0.5402,1.42233,-0.03162,-2.63742,1.09829,1.57085,0.11671,-0.12757,-0.48152,0.02655,,,,,,,,,,,,,,,,,,,,,,,,,,0,0,0,0,0
81.4568,1783969933.2235,3,2,0.5000,0.5424,1.42233,-0.03162,-2.63742,1.09829,1.57085,0.11671,-0.12757,-0.48152,0.02655,,,,,,,,,,,,,,,,,,,,,,,,,,0,0,0,0,0
81.4609,1783969933.2277,3,2,0.5000,0.5490,1.42233,-0.03162,-2.63742,1.09829,1.57085,0.11671,-0.12757,-0.48152,0.02655,,,,,,,,,,,,,,,,,,,,,,,,,,0,0,0,0,0
81.4615,1783969933.2283,3,2,0.5000,0.5525,1.42233,-0.03162,-2.63742,1.09829,1.57085,0.11671,-0.12757,-0.48152,0.02655,,,,,,,,,,,,,,,,,,,,,,,,,,0,0,0,0,0
81.4725,1783969933.2393,3,2,0.5000,0.5434,1.42233,-0.03162,-2.63742,1.09829,1.57085,0.11671,-0.12757,-0.48152,0.02655,,,,,,,,,,,,,,,,,,,,,,,,,,0,0,0,0,0
81.4844,1783969933.2512,3,2,0.5000,0.5454,1.42233,-0.03162,-2.63742,1.09829,1.57085,0.11671,-0.12757,-0.48152,0.02655,,,,,,,,,,,,,,,,,,,,,,,,,,0,0,0,0,0
81.4848,1783969933.2516,3,2,0.5000,0.5443,1.42233,-0.03162,-2.63742,1.09829,1.57085,0.11671,-0.12757,-0.48152,0.02655,,,,,,,,,,,,,,,,,,,,,,,,,,0,0,0,0,0
81.4943,1783969933.2611,3,2,0.5000,0.5423,1.42233,-0.03162,-2.63742,1.09829,1.57085,0.11671,-0.12757,-0.48152,0.02655,,,,,,,,,,,,,,,,,,,,,,,,,,0,0,0,0,0
81.5009,1783969933.2677,3,2,0.5000,0.5252,1.42233,-0.03162,-2.63742,1.09829,1.57085,0.11671,-0.12757,-0.48152,0.02655,,,,,,,,,,,,,,,,,,,,,,,,,,0,0,0,0,0
81.5136,1783969933.2804,3,2,0.5000,0.5347,1.42233,-0.03162,-2.63742,1.09829,1.57085,0.11671,-0.12757,-0.48152,0.02655,,,,,,,,,,,,,,,,,,,,,,,,,,0,0,0,0,0
81.5301,1783969933.2969,3,2,0.5000,0.5640,1.42233,-0.03162,-2.63742,1.09829,1.57085,0.11671,-0.12757,-0.48152,0.02655,,,,,,,,,,,,,,,,,,,,,,,,,,0,0,0,0,0
81.5389,1783969933.3056,3,2,0.5000,0.5771,1.42233,-0.03162,-2.63742,1.09829,1.57085,0.11671,-0.12757,-0.48152,0.02655,,,,,,,,,,,,,,,,,,,,,,,,,,0,0,0,0,0
81.5465,1783969933.3133,3,2,0.5000,0.5783,1.42233,-0.03162,-2.63742,1.09829,1.57085,0.11671,-0.12757,-0.48152,0.02655,,,,,,,,,,,,,,,,,,,,,,,,,,0,0,0,0,0
81.5564,1783969933.3232,3,2,0.5000,0.5663,1.42233,-0.03162,-2.63742,1.09829,1.57085,0.11671,-0.12757,-0.48152,0.02655,,,,,,,,,,,,,,,,,,,,,,,,,,0,0,0,0,0
81.5567,1783969933.3235,3,2,0.5000,0.5626,1.42233,-0.03162,-2.63742,1.09829,1.57085,0.11671,-0.12757,-0.48152,0.02655,,,,,,,,,,,,,,,,,,,,,,,,,,0,0,0,0,0
81.5672,1783969933.3339,3,2,0.5000,0.5648,1.42233,-0.03162,-2.63742,1.09829,1.57085,0.11671,-0.12757,-0.48152,0.02655,,,,,,,,,,,,,,,,,,,,,,,,,,0,0,0,0,0
81.5675,1783969933.3342,3,2,0.5000,0.5641,1.42233,-0.03162,-2.63742,1.09829,1.57085,0.11671,-0.12757,-0.48152,0.02655,,,,,,,,,,,,,,,,,,,,,,,,,,0,0,0,0,0
81.5761,1783969933.3429,3,2,0.5000,0.5396,1.42233,-0.03162,-2.63742,1.09829,1.57085,0.11671,-0.12757,-0.48152,0.02655,,,,,,,,,,,,,,,,,,,,,,,,,,0,0,0,0,0
81.5768,1783969933.3436,3,2,0.5000,0.5403,1.42233,-0.03162,-2.63742,1.09829,1.57085,0.11671,-0.12757,-0.48152,0.02655,,,,,,,,,,,,,,,,,,,,,,,,,,0,0,0,0,0
81.5856,1783969933.3524,3,2,0.5000,0.5516,1.42233,-0.03162,-2.63742,1.09829,1.57085,0.11671,-0.12757,-0.48152,0.02655,,,,,,,,,,,,,,,,,,,,,,,,,,0,0,0,0,0
81.6021,1783969933.3689,3,2,0.5000,0.5432,1.42233,-0.03162,-2.63742,1.09829,1.57085,0.11671,-0.12757,-0.48152,0.02655,,,,,,,,,,,,,,,,,,,,,,,,,,0,0,0,0,0
81.6037,1783969933.3704,3,2,0.5000,0.5086,1.42233,-0.03162,-2.63742,1.09829,1.57085,0.11671,-0.12757,-0.48152,0.02655,,,,,,,,,,,,,,,,,,,,,,,,,,0,0,0,0,0
81.6040,1783969933.3708,3,2,0.5000,0.4817,1.42233,-0.03162,-2.63742,1.09829,1.57085,0.11671,-0.12757,-0.48152,0.02655,,,,,,,,,,,,,,,,,,,,,,,,,,0,0,0,0,0
81.6164,1783969933.3831,3,2,0.5000,0.5093,1.42233,-0.03162,-2.63742,1.09829,1.57085,0.11671,-0.12757,-0.48152,0.02655,,,,,,,,,,,,,,,,,,,,,,,,,,0,0,0,0,0
81.6284,1783969933.3952,3,2,0.5000,0.5104,1.42233,-0.03162,-2.63742,1.09829,1.57085,0.11671,-0.12757,-0.48152,0.02655,,,,,,,,,,,,,,,,,,,,,,,,,,0,0,0,0,0
81.6288,1783969933.3956,3,2,0.5000,0.5148,1.42233,-0.03162,-2.63742,1.09829,1.57085,0.11671,-0.12757,-0.48152,0.02655,,,,,,,,,,,,,,,,,,,,,,,,,,0,0,0,0,0
81.6325,1783969933.3993,3,2,0.5000,0.5355,1.42233,-0.03162,-2.63742,1.09829,1.57085,0.11671,-0.12757,-0.48152,0.02655,,,,,,,,,,,,,,,,,,,,,,,,,,0,0,0,0,0
81.6420,1783969933.4088,3,2,0.5000,0.5567,1.42233,-0.03162,-2.63742,1.09829,1.57085,0.11671,-0.12757,-0.48152,0.02655,,,,,,,,,,,,,,,,,,,,,,,,,,0,0,0,0,0
81.6425,1783969933.4093,3,2,0.5000,0.5688,1.42233,-0.03162,-2.63742,1.09829,1.57085,0.11671,-0.12757,-0.48152,0.02655,,,,,,,,,,,,,,,,,,,,,,,,,,0,0,0,0,0
81.6553,1783969933.4221,3,2,0.5000,0.5591,1.42233,-0.03162,-2.63742,1.09829,1.57085,0.11671,-0.12757,-0.48152,0.02655,,,,,,,,,,,,,,,,,,,,,,,,,,0,0,0,0,0
81.6557,1783969933.4225,3,2,0.5000,0.5489,1.42233,-0.03162,-2.63742,1.09829,1.57085,0.11671,-0.12757,-0.48152,0.02655,,,,,,,,,,,,,,,,,,,,,,,,,,0,0,0,0,0
81.6610,1783969933.4277,3,2,0.5000,0.5572,1.42233,-0.03162,-2.63742,1.09829,1.57085,0.11671,-0.12757,-0.48152,0.02655,,,,,,,,,,,,,,,,,,,,,,,,,,0,0,0,0,0
81.6614,1783969933.4282,3,2,0.5000,0.5697,1.42233,-0.03162,-2.63742,1.09829,1.57085,0.11671,-0.12757,-0.48152,0.02655,,,,,,,,,,,,,,,,,,,,,,,,,,0,0,0,0,0
81.6746,1783969933.4414,3,2,0.5000,0.5590,1.42233,-0.03162,-2.63742,1.09829,1.57085,0.11671,-0.12757,-0.48152,0.02655,,,,,,,,,,,,,,,,,,,,,,,,,,0,0,0,0,0
81.6981,1783969933.4649,3,2,0.5000,0.5680,1.42233,-0.03162,-2.63742,1.09829,1.57085,0.11671,-0.12757,-0.48152,0.02655,,,,,,,,,,,,,,,,,,,,,,,,,,0,0,0,0,0
81.6996,1783969933.4664,3,2,0.5000,0.5772,1.42233,-0.03162,-2.63742,1.09829,1.57085,0.11671,-0.12757,-0.48152,0.02655,,,,,,,,,,,,,,,,,,,,,,,,,,0,0,0,0,0
81.7010,1783969933.4677,3,2,0.5000,0.5721,1.42233,-0.03162,-2.63742,1.09829,1.57085,0.11671,-0.12757,-0.48152,0.02655,,,,,,,,,,,,,,,,,,,,,,,,,,0,0,0,0,0
81.7014,1783969933.4681,3,2,0.5000,0.5690,1.42233,-0.03162,-2.63742,1.09829,1.57085,0.11671,-0.12757,-0.48152,0.02655,,,,,,,,,,,,,,,,,,,,,,,,,,0,0,0,0,0
81.7188,1783969933.4856,3,2,0.5000,0.5678,1.42233,-0.03162,-2.63742,1.09829,1.57085,0.11671,-0.12757,-0.48152,0.02655,,,,,,,,,,,,,,,,,,,,,,,,,,0,0,0,0,0
81.7326,1783969933.4994,3,2,0.5000,0.5537,1.42233,-0.03162,-2.63742,1.09829,1.57085,0.11671,-0.12757,-0.48152,0.02655,,,,,,,,,,,,,,,,,,,,,,,,,,0,0,0,0,0
81.7331,1783969933.4999,3,2,0.5000,0.4614,1.42233,-0.03162,-2.63742,1.09829,1.57085,0.11671,-0.12757,-0.48152,0.02655,,,,,,,,,,,,,,,,,,,,,,,,,,0,0,0,0,0
81.7490,1783969933.5158,3,2,0.5000,0.4610,1.42233,-0.03162,-2.63742,1.09829,1.57085,0.11671,-0.12757,-0.48152,0.02655,,,,,,,,,,,,,,,,,,,,,,,,,,0,0,0,0,0
81.7518,1783969933.5186,3,2,0.5000,0.4690,1.42233,-0.03162,-2.63742,1.09829,1.57085,0.11671,-0.12757,-0.48152,0.02655,,,,,,,,,,,,,,,,,,,,,,,,,,0,0,0,0,0
81.7526,1783969933.5193,3,2,0.5000,0.4671,1.42233,-0.03162,-2.63742,1.09829,1.57085,0.11671,-0.12757,-0.48152,0.02655,,,,,,,,,,,,,,,,,,,,,,,,,,0,0,0,0,0
81.7661,1783969933.5329,3,2,0.5000,0.5307,1.42233,-0.03162,-2.63742,1.09829,1.57085,0.11671,-0.12757,-0.48152,0.02655,,,,,,,,,,,,,,,,,,,,,,,,,,0,0,0,0,0
81.7772,1783969933.5439,3,2,0.5000,0.5268,1.42233,-0.03162,-2.63742,1.09829,1.57085,0.11671,-0.12757,-0.48152,0.02655,,,,,,,,,,,,,,,,,,,,,,,,,,0,0,0,0,0
81.7847,1783969933.5515,3,2,0.5000,0.5297,1.42233,-0.03162,-2.63742,1.09829,1.57085,0.11671,-0.12757,-0.48152,0.02655,,,,,,,,,,,,,,,,,,,,,,,,,,0,0,0,0,0
81.7994,1783969933.5662,3,2,0.5000,0.5387,1.42233,-0.03162,-2.63742,1.09829,1.57085,0.11671,-0.12757,-0.48152,0.02655,,,,,,,,,,,,,,,,,,,,,,,,,,0,0,0,0,0
81.8076,1783969933.5744,3,2,0.5000,0.5368,1.42233,-0.03162,-2.63742,1.09829,1.57085,0.11671,-0.12757,-0.48152,0.02655,,,,,,,,,,,,,,,,,,,,,,,,,,0,0,0,0,0
81.8080,1783969933.5748,3,2,0.5000,0.5197,1.42233,-0.03162,-2.63742,1.09829,1.57085,0.11671,-0.12757,-0.48152,0.02655,,,,,,,,,,,,,,,,,,,,,,,,,,0,0,0,0,0
81.8111,1783969933.5778,3,2,0.5000,0.5161,1.42233,-0.03162,-2.63742,1.09829,1.57085,0.11671,-0.12757,-0.48152,0.02655,,,,,,,,,,,,,,,,,,,,,,,,,,0,0,0,0,0
81.8114,1783969933.5782,3,2,0.5000,0.5186,1.42233,-0.03162,-2.63742,1.09829,1.57085,0.11671,-0.12757,-0.48152,0.02655,,,,,,,,,,,,,,,,,,,,,,,,,,0,0,0,0,0
81.8219,1783969933.5887,3,2,0.5000,0.5226,1.42233,-0.03162,-2.63742,1.09829,1.57085,0.11671,-0.12757,-0.48152,0.02655,,,,,,,,,,,,,,,,,,,,,,,,,,0,0,0,0,0
81.8310,1783969933.5978,3,2,0.5000,0.5247,1.42233,-0.03162,-2.63742,1.09829,1.57085,0.11671,-0.12757,-0.48152,0.02655,,,,,,,,,,,,,,,,,,,,,,,,,,0,0,0,0,0
81.9128,1783969933.6796,3,2,0.5000,0.5326,1.42233,-0.03162,-2.63742,1.09829,1.57085,0.11671,-0.12757,-0.48152,0.02655,,,,,,,,,,,,,,,,,,,,,,,,,,0,0,0,0,0
81.9144,1783969933.6812,3,2,0.5000,0.5358,1.42233,-0.03162,-2.63742,1.09829,1.57085,0.11671,-0.12757,-0.48152,0.02655,,,,,,,,,,,,,,,,,,,,,,,,,,0,0,0,0,0
81.9148,1783969933.6816,3,2,0.5000,0.5296,1.42233,-0.03162,-2.63742,1.09829,1.57085,0.11671,-0.12757,-0.48152,0.02655,,,,,,,,,,,,,,,,,,,,,,,,,,0,0,0,0,0
81.9151,1783969933.6819,3,2,0.5000,0.5176,1.42233,-0.03162,-2.63742,1.09829,1.57085,0.11671,-0.12757,-0.48152,0.02655,,,,,,,,,,,,,,,,,,,,,,,,,,0,0,0,0,0
81.9234,1783969933.6902,3,2,0.5000,0.5211,1.42233,-0.03162,-2.63742,1.09829,1.57085,0.11671,-0.12757,-0.48152,0.02655,,,,,,,,,,,,,,,,,,,,,,,,,,0,0,0,0,0
81.9237,1783969933.6905,3,2,0.5000,0.5221,1.42233,-0.03162,-2.63742,1.09829,1.57085,0.11671,-0.12757,-0.48152,0.02655,,,,,,,,,,,,,,,,,,,,,,,,,,0,0,0,0,0
81.9365,1783969933.7032,3,2,0.5000,0.5038,1.42233,-0.03162,-2.63742,1.09829,1.57085,0.11671,-0.12757,-0.48152,0.02655,,,,,,,,,,,,,,,,,,,,,,,,,,0,0,0,0,0
81.9477,1783969933.7145,3,2,0.5000,0.4940,1.42233,-0.03162,-2.63742,1.09829,1.57085,0.11671,-0.12757,-0.48152,0.02655,,,,,,,,,,,,,,,,,,,,,,,,,,0,0,0,0,0
81.9836,1783969933.7503,3,2,0.5000,0.5093,1.42233,-0.03162,-2.63742,1.09829,1.57085,0.11671,-0.12757,-0.48152,0.02655,,,,,,,,,,,,,,,,,,,,,,,,,,0,0,0,0,0
81.9872,1783969933.7540,3,2,0.5000,0.5191,1.42233,-0.03162,-2.63742,1.09829,1.57085,0.11671,-0.12757,-0.48152,0.02655,,,,,,,,,,,,,,,,,,,,,,,,,,0,0,0,0,0
81.9879,1783969933.7546,3,2,0.5000,0.5144,1.42233,-0.03162,-2.63742,1.09829,1.57085,0.11671,-0.12757,-0.48152,0.02655,,,,,,,,,,,,,,,,,,,,,,,,,,0,0,0,0,0
81.9889,1783969933.7556,3,2,0.5000,0.5210,1.42233,-0.03162,-2.63742,1.09829,1.57085,0.11671,-0.12757,-0.48152,0.02655,,,,,,,,,,,,,,,,,,,,,,,,,,0,0,0,0,0
82.0050,1783969933.7718,3,2,0.5000,0.5128,1.42233,-0.03162,-2.63742,1.09829,1.57085,0.11671,-0.12757,-0.48152,0.02655,,,,,,,,,,,,,,,,,,,,,,,,,,0,0,0,0,0
82.0054,1783969933.7721,3,2,0.5000,0.4949,1.42233,-0.03162,-2.63742,1.09829,1.57085,0.11671,-0.12757,-0.48152,0.02655,,,,,,,,,,,,,,,,,,,,,,,,,,0,0,0,0,0
82.0066,1783969933.7734,3,2,0.5000,0.4812,1.42233,-0.03162,-2.63742,1.09829,1.57085,0.11671,-0.12757,-0.48152,0.02655,,,,,,,,,,,,,,,,,,,,,,,,,,0,0,0,0,0
82.0070,1783969933.7738,3,2,0.5000,0.4632,1.42233,-0.03162,-2.63742,1.09829,1.57085,0.11671,-0.12757,-0.48152,0.02655,,,,,,,,,,,,,,,,,,,,,,,,,,0,0,0,0,0
82.0075,1783969933.7743,3,2,0.5000,0.4603,1.42233,-0.03162,-2.63742,1.09829,1.57085,0.11671,-0.12757,-0.48152,0.02655,,,,,,,,,,,,,,,,,,,,,,,,,,0,0,0,0,0
82.0079,1783969933.7747,3,2,0.5000,0.4613,1.42233,-0.03162,-2.63742,1.09829,1.57085,0.11671,-0.12757,-0.48152,0.02655,,,,,,,,,,,,,,,,,,,,,,,,,,0,0,0,0,0
82.0084,1783969933.7751,3,2,0.5000,0.4678,1.42233,-0.03162,-2.63742,1.09829,1.57085,0.11671,-0.12757,-0.48152,0.02655,,,,,,,,,,,,,,,,,,,,,,,,,,0,0,0,0,0
82.0093,1783969933.7761,3,2,0.5000,0.4832,1.42233,-0.03162,-2.63742,1.09829,1.57085,0.11671,-0.12757,-0.48152,0.02655,,,,,,,,,,,,,,,,,,,,,,,,,,0,0,0,0,0
82.0096,1783969933.7763,3,2,0.5000,0.4760,1.42233,-0.03162,-2.63742,1.09829,1.57085,0.11671,-0.12757,-0.48152,0.02655,,,,,,,,,,,,,,,,,,,,,,,,,,0,0,0,0,0
82.0156,1783969933.7824,3,2,0.5000,0.4846,1.42233,-0.03162,-2.63742,1.09829,1.57085,0.11671,-0.12757,-0.48152,0.02655,,,,,,,,,,,,,,,,,,,,,,,,,,0,0,0,0,0
82.0159,1783969933.7827,3,2,0.5000,0.4921,1.42233,-0.03162,-2.63742,1.09829,1.57085,0.11671,-0.12757,-0.48152,0.02655,,,,,,,,,,,,,,,,,,,,,,,,,,0,0,0,0,0
82.0257,1783969933.7925,3,2,0.5000,0.4691,1.42233,-0.03162,-2.63742,1.09829,1.57085,0.11671,-0.12757,-0.48152,0.02655,,,,,,,,,,,,,,,,,,,,,,,,,,0,0,0,0,0
82.0319,1783969933.7986,3,2,0.5000,0.4735,1.42233,-0.03162,-2.63742,1.09829,1.57085,0.11671,-0.12757,-0.48152,0.02655,,,,,,,,,,,,,,,,,,,,,,,,,,0,0,0,0,0
82.0410,1783969933.8078,3,2,0.5000,0.4720,1.42233,-0.03162,-2.63742,1.09829,1.57085,0.11671,-0.12757,-0.48152,0.02655,,,,,,,,,,,,,,,,,,,,,,,,,,0,0,0,0,0
82.0412,1783969933.8080,3,2,0.5000,0.5017,1.42233,-0.03162,-2.63742,1.09829,1.57085,0.11671,-0.12757,-0.48152,0.02655,,,,,,,,,,,,,,,,,,,,,,,,,,0,0,0,0,0
82.0508,1783969933.8176,3,2,0.5000,0.5167,1.42233,-0.03162,-2.63742,1.09829,1.57085,0.11671,-0.12757,-0.48152,0.02655,,,,,,,,,,,,,,,,,,,,,,,,,,0,0,0,0,0
82.0654,1783969933.8322,3,2,0.5000,0.5414,1.42233,-0.03162,-2.63742,1.09829,1.57085,0.11671,-0.12757,-0.48152,0.02655,,,,,,,,,,,,,,,,,,,,,,,,,,0,0,0,0,0
82.0710,1783969933.8378,3,2,0.5000,0.4945,1.42233,-0.03162,-2.63742,1.09829,1.57085,0.11671,-0.12757,-0.48152,0.02655,,,,,,,,,,,,,,,,,,,,,,,,,,0,0,0,0,0
82.0851,1783969933.8518,3,2,0.5000,0.4428,1.42233,-0.03162,-2.63742,1.09829,1.57085,0.11671,-0.12757,-0.48152,0.02655,,,,,,,,,,,,,,,,,,,,,,,,,,0,0,0,0,0
82.0925,1783969933.8593,3,2,0.5000,0.4572,1.42233,-0.03162,-2.63742,1.09829,1.57085,0.11671,-0.12757,-0.48152,0.02655,,,,,,,,,,,,,,,,,,,,,,,,,,0,0,0,0,0
82.1105,1783969933.8773,3,2,0.5000,0.4492,1.42233,-0.03162,-2.63742,1.09829,1.57085,0.11671,-0.12757,-0.48152,0.02655,,,,,,,,,,,,,,,,,,,,,,,,,,0,0,0,0,0
82.1172,1783969933.8840,3,2,0.5000,0.4582,1.42233,-0.03162,-2.63742,1.09829,1.57085,0.11671,-0.12757,-0.48152,0.02655,,,,,,,,,,,,,,,,,,,,,,,,,,0,0,0,0,0
82.1175,1783969933.8843,3,2,0.5000,0.4628,1.42233,-0.03162,-2.63742,1.09829,1.57085,0.11671,-0.12757,-0.48152,0.02655,,,,,,,,,,,,,,,,,,,,,,,,,,0,0,0,0,0
82.1221,1783969933.8889,3,2,0.5000,0.4629,1.42233,-0.03162,-2.63742,1.09829,1.57085,0.11671,-0.12757,-0.48152,0.02655,,,,,,,,,,,,,,,,,,,,,,,,,,0,0,0,0,0
82.1357,1783969933.9025,3,2,0.5000,0.4593,1.42233,-0.03162,-2.63742,1.09829,1.57085,0.11671,-0.12757,-0.48152,0.02655,,,,,,,,,,,,,,,,,,,,,,,,,,0,0,0,0,0
82.1410,1783969933.9078,3,2,0.5000,0.4229,1.42233,-0.03162,-2.63742,1.09829,1.57085,0.11671,-0.12757,-0.48152,0.02655,,,,,,,,,,,,,,,,,,,,,,,,,,0,0,0,0,0
82.1552,1783969933.9220,3,2,0.5000,0.4227,1.42233,-0.03162,-2.63742,1.09829,1.57085,0.11671,-0.12757,-0.48152,0.02655,,,,,,,,,,,,,,,,,,,,,,,,,,0,0,0,0,0
82.1556,1783969933.9223,3,2,0.5000,0.4205,1.42233,-0.03162,-2.63742,1.09829,1.57085,0.11671,-0.12757,-0.48152,0.02655,,,,,,,,,,,,,,,,,,,,,,,,,,0,0,0,0,0
82.1686,1783969933.9353,3,2,0.5000,0.4590,1.42233,-0.03162,-2.63742,1.09829,1.57085,0.11671,-0.12757,-0.48152,0.02655,,,,,,,,,,,,,,,,,,,,,,,,,,0,0,0,0,0
82.1761,1783969933.9429,3,2,0.5000,0.4697,1.42233,-0.03162,-2.63742,1.09829,1.57085,0.11671,-0.12757,-0.48152,0.02655,,,,,,,,,,,,,,,,,,,,,,,,,,0,0,0,0,0
82.1865,1783969933.9533,3,2,0.5000,0.4693,1.42233,-0.03162,-2.63742,1.09829,1.57085,0.11671,-0.12757,-0.48152,0.02655,,,,,,,,,,,,,,,,,,,,,,,,,,0,0,0,0,0
82.1910,1783969933.9578,3,2,0.5000,0.4999,1.42233,-0.03162,-2.63742,1.09829,1.57085,0.11671,-0.12757,-0.48152,0.02655,,,,,,,,,,,,,,,,,,,,,,,,,,0,0,0,0,0
82.2049,1783969933.9717,3,2,0.5000,0.4879,1.42233,-0.03162,-2.63742,1.09829,1.57085,0.11671,-0.12757,-0.48152,0.02655,,,,,,,,,,,,,,,,,,,,,,,,,,0,0,0,0,0
82.2052,1783969933.9719,3,2,0.5000,0.4544,1.42233,-0.03162,-2.63742,1.09829,1.57085,0.11671,-0.12757,-0.48152,0.02655,,,,,,,,,,,,,,,,,,,,,,,,,,0,0,0,0,0
82.2144,1783969933.9812,3,2,0.5000,0.4499,1.42233,-0.03162,-2.63742,1.09829,1.57085,0.11671,-0.12757,-0.48152,0.02655,,,,,,,,,,,,,,,,,,,,,,,,,,0,0,0,0,0
82.2233,1783969933.9901,3,2,0.5000,0.4604,1.42233,-0.03162,-2.63742,1.09829,1.57085,0.11671,-0.12757,-0.48152,0.02655,,,,,,,,,,,,,,,,,,,,,,,,,,0,0,0,0,0
82.2386,1783969934.0053,3,0,0.5000,0.4745,1.42233,-0.03162,-2.63742,1.09829,1.57085,0.11671,-0.12757,-0.48152,0.02655,,,,,,,,,,,,,,,,,,,,,,,,,,0,0,0,0,0
82.3332,1783969934.0999,3,0,0.5000,0.4910,1.42233,-0.03162,-2.63742,1.09829,1.57085,0.11671,-0.12757,-0.48152,0.02655,,,,,,,,,,,,,,,,,,,,,,,,,,0,0,0,0,0
82.3355,1783969934.1023,3,0,0.5000,0.4470,1.42233,-0.03162,-2.63742,1.09829,1.57085,0.11671,-0.12757,-0.48152,0.02655,,,,,,,,,,,,,,,,,,,,,,,,,,0,0,0,0,0
82.3359,1783969934.1027,3,0,0.5000,0.4589,1.42233,-0.03162,-2.63742,1.09829,1.57085,0.11671,-0.12757,-0.48152,0.02655,,,,,,,,,,,,,,,,,,,,,,,,,,0,0,0,0,0
82.3378,1783969934.1046,3,0,0.5000,0.4462,1.42233,-0.03162,-2.63742,1.09829,1.57085,0.11671,-0.12757,-0.48152,0.02655,,,,,,,,,,,,,,,,,,,,,,,,,,0,0,0,0,0
82.3383,1783969934.1050,3,0,0.5000,0.4559,1.42233,-0.03162,-2.63742,1.09829,1.57085,0.11671,-0.12757,-0.48152,0.02655,,,,,,,,,,,,,,,,,,,,,,,,,,0,0,0,0,0
82.3387,1783969934.1055,3,0,0.5000,0.4709,1.42233,-0.03162,-2.63742,1.09829,1.57085,0.11671,-0.12757,-0.48152,0.02655,,,,,,,,,,,,,,,,,,,,,,,,,,0,0,0,0,0
82.3391,1783969934.1059,3,0,0.5000,0.4777,1.42233,-0.03162,-2.63742,1.09829,1.57085,0.11671,-0.12757,-0.48152,0.02655,,,,,,,,,,,,,,,,,,,,,,,,,,0,0,0,0,0
82.3397,1783969934.1064,3,0,0.5000,0.4836,1.42233,-0.03162,-2.63742,1.09829,1.57085,0.11671,-0.12757,-0.48152,0.02655,,,,,,,,,,,,,,,,,,,,,,,,,,0,0,0,0,0
82.3449,1783969934.1117,3,0,0.5000,0.4780,1.42233,-0.03162,-2.63742,1.09829,1.57085,0.11671,-0.12757,-0.48152,0.02655,,,,,,,,,,,,,,,,,,,,,,,,,,0,0,0,0,0
82.3454,1783969934.1122,3,0,0.5000,0.4681,1.42233,-0.03162,-2.63742,1.09829,1.57085,0.11671,-0.12757,-0.48152,0.02655,,,,,,,,,,,,,,,,,,,,,,,,,,0,0,0,0,0
82.3458,1783969934.1125,3,0,0.5000,0.4705,1.42233,-0.03162,-2.63742,1.09829,1.57085,0.11671,-0.12757,-0.48152,0.02655,,,,,,,,,,,,,,,,,,,,,,,,,,0,0,0,0,0
82.3520,1783969934.1188,3,0,0.5000,0.4580,1.42233,-0.03162,-2.63742,1.09829,1.57085,0.11671,-0.12757,-0.48152,0.02655,,,,,,,,,,,,,,,,,,,,,,,,,,0,0,0,0,0
82.3526,1783969934.1194,3,0,0.5000,0.4607,1.42233,-0.03162,-2.63742,1.09829,1.57085,0.11671,-0.12757,-0.48152,0.02655,,,,,,,,,,,,,,,,,,,,,,,,,,0,0,0,0,0
82.3648,1783969934.1316,3,0,0.5000,0.4783,1.42233,-0.03162,-2.63742,1.09829,1.57085,0.11671,-0.12757,-0.48152,0.02655,,,,,,,,,,,,,,,,,,,,,,,,,,0,0,0,0,0
82.3652,1783969934.1320,3,0,0.5000,0.4770,1.42233,-0.03162,-2.63742,1.09829,1.57085,0.11671,-0.12757,-0.48152,0.02655,,,,,,,,,,,,,,,,,,,,,,,,,,0,0,0,0,0
82.3756,1783969934.1424,3,0,0.5000,0.4563,1.42233,-0.03162,-2.63742,1.09829,1.57085,0.11671,-0.12757,-0.48152,0.02655,,,,,,,,,,,,,,,,,,,,,,,,,,0,0,0,0,0
82.3758,1783969934.1426,3,0,0.5000,0.4603,1.42233,-0.03162,-2.63742,1.09829,1.57085,0.11671,-0.12757,-0.48152,0.02655,,,,,,,,,,,,,,,,,,,,,,,,,,0,0,0,0,0
82.3827,1783969934.1495,3,0,0.5000,0.4621,1.42233,-0.03162,-2.63742,1.09829,1.57085,0.11671,-0.12757,-0.48152,0.02655,,,,,,,,,,,,,,,,,,,,,,,,,,0,0,0,0,0
82.3830,1783969934.1498,3,0,0.5000,0.4550,1.42233,-0.03162,-2.63742,1.09829,1.57085,0.11671,-0.12757,-0.48152,0.02655,,,,,,,,,,,,,,,,,,,,,,,,,,0,0,0,0,0
82.3955,1783969934.1623,3,0,0.5000,0.4715,1.42233,-0.03162,-2.63742,1.09829,1.57085,0.11671,-0.12757,-0.48152,0.02655,,,,,,,,,,,,,,,,,,,,,,,,,,0,0,0,0,0
82.4047,1783969934.1714,3,0,0.5000,0.4414,1.42233,-0.03162,-2.63742,1.09829,1.57085,0.11671,-0.12757,-0.48152,0.02655,,,,,,,,,,,,,,,,,,,,,,,,,,0,0,0,0,0
82.4159,1783969934.1826,3,0,0.5000,0.4575,1.42233,-0.03162,-2.63742,1.09829,1.57085,0.11671,-0.12757,-0.48152,0.02655,,,,,,,,,,,,,,,,,,,,,,,,,,0,0,0,0,0
82.4162,1783969934.1830,3,0,0.5000,0.4573,1.42233,-0.03162,-2.63742,1.09829,1.57085,0.11671,-0.12757,-0.48152,0.02655,,,,,,,,,,,,,,,,,,,,,,,,,,0,0,0,0,0
82.4257,1783969934.1925,3,0,0.5000,0.4604,1.42233,-0.03162,-2.63742,1.09829,1.57085,0.11671,-0.12757,-0.48152,0.02655,,,,,,,,,,,,,,,,,,,,,,,,,,0,0,0,0,0
82.4476,1783969934.2144,3,0,0.5000,0.4744,1.42233,-0.03162,-2.63742,1.09829,1.57085,0.11671,-0.12757,-0.48152,0.02655,,,,,,,,,,,,,,,,,,,,,,,,,,0,0,0,0,0
82.4484,1783969934.2152,3,0,0.5000,0.4868,1.42233,-0.03162,-2.63742,1.09829,1.57085,0.11671,-0.12757,-0.48152,0.02655,,,,,,,,,,,,,,,,,,,,,,,,,,0,0,0,0,0
82.4659,1783969934.2327,3,0,0.5000,0.4490,1.42233,-0.03162,-2.63742,1.09829,1.57085,0.11671,-0.12757,-0.48152,0.02655,,,,,,,,,,,,,,,,,,,,,,,,,,0,0,0,0,0
82.4687,1783969934.2355,3,0,0.5000,0.4475,1.42233,-0.03162,-2.63742,1.09829,1.57085,0.11671,-0.12757,-0.48152,0.02655,,,,,,,,,,,,,,,,,,,,,,,,,,0,0,0,0,0
82.4688,1783969934.2356,3,0,0.5000,0.4499,1.42233,-0.03162,-2.63742,1.09829,1.57085,0.11671,-0.12757,-0.48152,0.02655,,,,,,,,,,,,,,,,,,,,,,,,,,0,0,0,0,0
82.4768,1783969934.2435,3,0,0.5000,0.4431,1.42233,-0.03162,-2.63742,1.09829,1.57085,0.11671,-0.12757,-0.48152,0.02655,,,,,,,,,,,,,,,,,,,,,,,,,,0,0,0,0,0
82.4836,1783969934.2504,3,0,0.5000,0.3880,1.42233,-0.03162,-2.63742,1.09829,1.57085,0.11671,-0.12757,-0.48152,0.02655,,,,,,,,,,,,,,,,,,,,,,,,,,0,0,0,0,0
82.4969,1783969934.2637,3,0,0.5000,0.2577,1.42233,-0.03162,-2.63742,1.09829,1.57085,0.11671,-0.12757,-0.48152,0.02655,,,,,,,,,,,,,,,,,,,,,,,,,,0,0,0,0,0
82.5047,1783969934.2715,3,0,0.5000,0.0399,1.42233,-0.03162,-2.63742,1.09829,1.57085,0.11671,-0.12757,-0.48152,0.02655,,,,,,,,,,,,,,,,,,,,,,,,,,0,0,0,0,0
82.5175,1783969934.2842,3,0,0.5000,0.0054,1.42233,-0.03162,-2.63742,1.09829,1.57085,0.11671,-0.12757,-0.48152,0.02655,,,,,,,,,,,,,,,,,,,,,,,,,,0,0,0,0,0
82.5224,1783969934.2891,3,0,0.5000,0.0011,1.42233,-0.03162,-2.63742,1.09829,1.57085,0.11671,-0.12757,-0.48152,0.02655,,,,,,,,,,,,,,,,,,,,,,,,,,0,0,0,0,0
82.5424,1783969934.3092,3,0,0.5000,0.0003,1.42233,-0.03162,-2.63742,1.09829,1.57085,0.11671,-0.12757,-0.48152,0.02655,,,,,,,,,,,,,,,,,,,,,,,,,,0,0,0,0,0
82.5433,1783969934.3100,3,0,0.5000,0.0001,1.42233,-0.03162,-2.63742,1.09829,1.57085,0.11671,-0.12757,-0.48152,0.02655,,,,,,,,,,,,,,,,,,,,,,,,,,0,0,0,0,0
82.5522,1783969934.3190,3,0,0.5000,0.0000,1.42233,-0.03162,-2.63742,1.09829,1.57085,0.11671,-0.12757,-0.48152,0.02655,,,,,,,,,,,,,,,,,,,,,,,,,,0,0,0,0,0
82.6298,1783969934.3966,3,0,0.5000,0.0000,1.42233,-0.03078,-2.63717,1.09733,1.57085,0.11671,-0.12756,-0.48160,0.02687,,,,,,,,,,,,,,,,,,,,,,,,,,0,0,0,0,0
82.6465,1783969934.4133,3,0,0.5000,0.0000,1.42233,-0.03051,-2.63712,1.09702,1.57085,0.11671,-0.12756,-0.48160,0.02696,,,,,,,,,,,,,,,,,,,,,,,,,,0,0,0,0,0
82.6472,1783969934.4139,3,0,0.5000,-0.0000,1.42233,-0.03051,-2.63712,1.09702,1.57085,0.11671,-0.12756,-0.48160,0.02696,,,,,,,,,,,,,,,,,,,,,,,,,,0,0,0,0,0
82.6476,1783969934.4144,3,0,0.5000,-0.0000,1.42233,-0.03051,-2.63712,1.09702,1.57085,0.11671,-0.12756,-0.48160,0.02696,,,,,,,,,,,,,,,,,,,,,,,,,,0,0,0,0,0
82.6567,1783969934.4235,3,0,0.5000,-0.0000,1.42233,-0.02998,-2.63701,1.09639,1.57085,0.11671,-0.12756,-0.48160,0.02714,,,,,,,,,,,,,,,,,,,,,,,,,,0,0,0,0,0
82.6571,1783969934.4239,3,0,0.5000,-0.0000,1.42233,-0.02998,-2.63701,1.09639,1.57085,0.11671,-0.12756,-0.48160,0.02714,,,,,,,,,,,,,,,,,,,,,,,,,,0,0,0,0,0
82.6575,1783969934.4242,3,0,0.5000,-0.0000,1.42233,-0.02998,-2.63701,1.09639,1.57085,0.11671,-0.12756,-0.48160,0.02714,,,,,,,,,,,,,,,,,,,,,,,,,,0,0,0,0,0
82.6578,1783969934.4246,3,0,0.5000,-0.0000,1.42233,-0.02998,-2.63701,1.09639,1.57085,0.11671,-0.12756,-0.48160,0.02714,,,,,,,,,,,,,,,,,,,,,,,,,,0,0,0,0,0
82.6634,1783969934.4302,3,0,0.5000,-0.0000,1.42233,-0.02973,-2.63696,1.09609,1.57085,0.11671,-0.12756,-0.48160,0.02722,,,,,,,,,,,,,,,,,,,,,,,,,,0,0,0,0,0
82.6653,1783969934.4321,3,0,0.5000,-0.0000,1.42234,-0.02945,-2.63690,1.09575,1.57085,0.11671,-0.12756,-0.48161,0.02732,,,,,,,,,,,,,,,,,,,,,,,,,,0,0,0,0,0
82.6657,1783969934.4325,3,0,0.5000,-0.0000,1.42234,-0.02945,-2.63690,1.09575,1.57085,0.11671,-0.12756,-0.48161,0.02732,,,,,,,,,,,,,,,,,,,,,,,,,,0,0,0,0,0
82.6666,1783969934.4334,3,0,0.5000,-0.0000,1.42234,-0.02945,-2.63690,1.09575,1.57085,0.11671,-0.12756,-0.48161,0.02732,,,,,,,,,,,,,,,,,,,,,,,,,,0,0,0,0,0
82.6788,1783969934.4456,3,0,0.5000,-0.0000,1.42234,-0.02925,-2.63686,1.09551,1.57085,0.11671,-0.12756,-0.48161,0.02738,,,,,,,,,,,,,,,,,,,,,,,,,,0,0,0,0,0
82.6848,1783969934.4515,3,0,0.5000,-0.0000,1.42234,-0.02869,-2.63674,1.09484,1.57085,0.11671,-0.12756,-0.48161,0.02757,,,,,,,,,,,,,,,,,,,,,,,,,,0,0,0,0,0
82.6941,1783969934.4609,3,0,0.5000,-0.0000,1.42234,-0.02830,-2.63666,1.09438,1.57085,0.11671,-0.12756,-0.48161,0.02770,,,,,,,,,,,,,,,,,,,,,,,,,,0,0,0,0,0
82.7024,1783969934.4692,3,0,0.5000,-0.0000,1.42234,-0.02797,-2.63660,1.09398,1.57085,0.11671,-0.12756,-0.48161,0.02781,,,,,,,,,,,,,,,,,,,,,,,,,,0,0,0,0,0
82.7144,1783969934.4812,3,0,0.5000,-0.0000,1.42235,-0.02648,-2.63629,1.09219,1.57085,0.11671,-0.12756,-0.48161,0.02830,,,,,,,,,,,,,,,,,,,,,,,,,,0,0,0,0,0
82.7240,1783969934.4908,3,0,0.5000,-0.0000,1.42235,-0.02506,-2.63599,1.09048,1.57085,0.11671,-0.12756,-0.48162,0.02878,,,,,,,,,,,,,,,,,,,,,,,,,,0,0,0,0,0
82.7247,1783969934.4914,3,0,0.5000,-0.0000,1.42235,-0.02506,-2.63599,1.09048,1.57085,0.11671,-0.12756,-0.48162,0.02878,,,,,,,,,,,,,,,,,,,,,,,,,,0,0,0,0,0
82.7328,1783969934.4995,3,0,0.5000,-0.0000,1.42235,-0.02470,-2.63592,1.09005,1.57085,0.11671,-0.12756,-0.48162,0.02890,,,,,,,,,,,,,,,,,,,,,,,,,,0,0,0,0,0
82.7486,1783969934.5153,3,0,0.5000,-0.0000,1.42236,-0.02229,-2.63541,1.08716,1.57085,0.11671,-0.12756,-0.48163,0.02970,,,,,,,,,,,,,,,,,,,,,,,,,,0,0,0,0,0
82.7548,1783969934.5216,3,0,0.5000,-0.0000,1.42236,-0.02146,-2.63524,1.08616,1.57085,0.11671,-0.12757,-0.48163,0.02998,,,,,,,,,,,,,,,,,,,,,,,,,,0,0,0,0,0
82.7625,1783969934.5293,3,0,0.5000,-0.0000,1.42236,-0.02135,-2.63522,1.08603,1.57085,0.11671,-0.12757,-0.48163,0.03002,,,,,,,,,,,,,,,,,,,,,,,,,,0,0,0,0,0
82.7628,1783969934.5296,3,0,0.5000,-0.0000,1.42236,-0.02135,-2.63522,1.08603,1.57085,0.11671,-0.12757,-0.48163,0.03002,,,,,,,,,,,,,,,,,,,,,,,,,,0,0,0,0,0
82.7759,1783969934.5427,3,0,0.5000,-0.0000,1.42237,-0.01991,-2.63491,1.08430,1.57085,0.11671,-0.12757,-0.48163,0.03050,,,,,,,,,,,,,,,,,,,,,,,,,,0,0,0,0,0
82.7825,1783969934.5493,3,0,0.5000,-0.0000,1.42237,-0.01828,-2.63457,1.08233,1.57085,0.11671,-0.12757,-0.48164,0.03105,,,,,,,,,,,,,,,,,,,,,,,,,,0,0,0,0,0
82.7913,1783969934.5581,3,0,0.5000,-0.0000,1.42237,-0.01816,-2.63454,1.08219,1.57085,0.11671,-0.12757,-0.48164,0.03109,,,,,,,,,,,,,,,,,,,,,,,,,,0,0,0,0,0
82.7916,1783969934.5583,3,0,0.5000,-0.0000,1.42237,-0.01816,-2.63454,1.08219,1.57085,0.11671,-0.12757,-0.48164,0.03109,,,,,,,,,,,,,,,,,,,,,,,,,,0,0,0,0,0
82.8313,1783969934.5981,3,0,0.5000,-0.0000,1.42239,-0.01294,-2.63344,1.07588,1.57085,0.11671,-0.12758,-0.48163,0.03283,,,,,,,,,,,,,,,,,,,,,,,,,,0,0,0,0,0
82.8393,1783969934.6061,3,0,0.5000,-0.0000,1.42240,-0.01159,-2.63315,1.07423,1.57085,0.11671,-0.12758,-0.48163,0.03329,,,,,,,,,,,,,,,,,,,,,,,,,,0,0,0,0,0
82.8649,1783969934.6317,3,0,0.5000,-0.0000,1.42241,-0.00851,-2.63250,1.07050,1.57085,0.11671,-0.12759,-0.48162,0.03432,,,,,,,,,,,,,,,,,,,,,,,,,,0,0,0,0,0
82.8677,1783969934.6345,3,0,0.5000,-0.0000,1.42241,-0.00851,-2.63250,1.07050,1.57085,0.11671,-0.12759,-0.48162,0.03432,,,,,,,,,,,,,,,,,,,,,,,,,,0,0,0,0,0
82.8681,1783969934.6348,3,0,0.5000,-0.0000,1.42241,-0.00851,-2.63250,1.07050,1.57085,0.11671,-0.12759,-0.48162,0.03432,,,,,,,,,,,,,,,,,,,,,,,,,,0,0,0,0,0
82.8718,1783969934.6385,3,0,0.5000,-0.0000,1.42241,-0.00786,-2.63237,1.06970,1.57085,0.11671,-0.12759,-0.48162,0.03453,,,,,,,,,,,,,,,,,,,,,,,,,,0,0,0,0,0
82.8721,1783969934.6389,3,0,0.5000,-0.0000,1.42241,-0.00786,-2.63237,1.06970,1.57085,0.11671,-0.12759,-0.48162,0.03453,,,,,,,,,,,,,,,,,,,,,,,,,,0,0,0,0,0
82.8776,1783969934.6443,3,0,0.5000,-0.0000,1.42241,-0.00777,-2.63235,1.06959,1.57085,0.11671,-0.12759,-0.48162,0.03456,,,,,,,,,,,,,,,,,,,,,,,,,,0,0,0,0,0
82.8778,1783969934.6446,3,0,0.5000,-0.0000,1.42241,-0.00777,-2.63235,1.06959,1.57085,0.11671,-0.12759,-0.48162,0.03456,,,,,,,,,,,,,,,,,,,,,,,,,,0,0,0,0,0
82.8784,1783969934.6452,3,0,0.5000,-0.0000,1.42241,-0.00777,-2.63235,1.06959,1.57085,0.11671,-0.12759,-0.48162,0.03456,,,,,,,,,,,,,,,,,,,,,,,,,,0,0,0,0,0
82.8786,1783969934.6454,3,0,0.5000,-0.0000,1.42241,-0.00777,-2.63235,1.06959,1.57085,0.11671,-0.12759,-0.48162,0.03456,,,,,,,,,,,,,,,,,,,,,,,,,,0,0,0,0,0
82.8789,1783969934.6457,3,0,0.5000,-0.0000,1.42241,-0.00777,-2.63235,1.06959,1.57085,0.11671,-0.12759,-0.48162,0.03456,,,,,,,,,,,,,,,,,,,,,,,,,,0,0,0,0,0
82.8878,1783969934.6545,3,0,0.5000,-0.0000,1.42241,-0.00711,-2.63221,1.06878,1.57085,0.11671,-0.12759,-0.48161,0.03478,,,,,,,,,,,,,,,,,,,,,,,,,,0,0,0,0,0
82.8881,1783969934.6549,3,0,0.5000,-0.0000,1.42241,-0.00711,-2.63221,1.06878,1.57085,0.11671,-0.12759,-0.48161,0.03478,,,,,,,,,,,,,,,,,,,,,,,,,,0,0,0,0,0
82.8910,1783969934.6578,3,0,0.5000,-0.0000,1.42242,-0.00660,-2.63210,1.06815,1.57085,0.11671,-0.12760,-0.48161,0.03496,,,,,,,,,,,,,,,,,,,,,,,,,,0,0,0,0,0
82.8913,1783969934.6581,3,0,0.5000,-0.0000,1.42242,-0.00660,-2.63210,1.06815,1.57085,0.11671,-0.12760,-0.48161,0.03496,,,,,,,,,,,,,,,,,,,,,,,,,,0,0,0,0,0
82.9105,1783969934.6773,3,0,0.5000,-0.0000,1.42242,-0.00452,-2.63165,1.06560,1.57084,0.11671,-0.12760,-0.48159,0.03565,,,,,,,,,,,,,,,,,,,,,,,,,,0,0,0,0,0
82.9108,1783969934.6776,3,0,0.5000,-0.0000,1.42242,-0.00452,-2.63165,1.06560,1.57084,0.11671,-0.12760,-0.48159,0.03565,,,,,,,,,,,,,,,,,,,,,,,,,,0,0,0,0,0
82.9260,1783969934.6927,3,0,0.5000,-0.0000,1.42243,-0.00334,-2.63140,1.06415,1.57084,0.11671,-0.12761,-0.48158,0.03604,,,,,,,,,,,,,,,,,,,,,,,,,,0,0,0,0,0
82.9262,1783969934.6930,3,0,0.5000,-0.0000,1.42243,-0.00334,-2.63140,1.06415,1.57084,0.11671,-0.12761,-0.48158,0.03604,,,,,,,,,,,,,,,,,,,,,,,,,,0,0,0,0,0
82.9286,1783969934.6954,3,0,0.5000,-0.0000,1.42243,-0.00290,-2.63131,1.06359,1.57084,0.11671,-0.12761,-0.48157,0.03619,,,,,,,,,,,,,,,,,,,,,,,,,,0,0,0,0,0
82.9527,1783969934.7195,3,0,0.5000,-0.0000,1.42243,-0.00190,-2.63109,1.06234,1.57084,0.11671,-0.12761,-0.48156,0.03652,,,,,,,,,,,,,,,,,,,,,,,,,,0,0,0,0,0
82.9529,1783969934.7197,3,0,0.5000,-0.0000,1.42243,-0.00190,-2.63109,1.06234,1.57084,0.11671,-0.12761,-0.48156,0.03652,,,,,,,,,,,,,,,,,,,,,,,,,,0,0,0,0,0
82.9627,1783969934.7295,3,0,0.5000,-0.0000,1.42244,-0.00136,-2.63098,1.06167,1.57084,0.11671,-0.12761,-0.48155,0.03670,,,,,,,,,,,,,,,,,,,,,,,,,,0,0,0,0,0
82.9675,1783969934.7343,3,0,0.5000,-0.0000,1.42244,-0.00106,-2.63091,1.06130,1.57084,0.11671,-0.12761,-0.48155,0.03680,,,,,,,,,,,,,,,,,,,,,,,,,,0,0,0,0,0
82.9896,1783969934.7563,3,0,0.5000,-0.0000,1.42244,0.00051,-2.63056,1.05931,1.57084,0.11672,-0.12762,-0.48153,0.03732,,,,,,,,,,,,,,,,,,,,,,,,,,0,0,0,0,0
83.0179,1783969934.7846,3,0,0.5000,-0.0000,1.42244,0.00069,-2.63052,1.05907,1.57084,0.11672,-0.12762,-0.48153,0.03738,,,,,,,,,,,,,,,,,,,,,,,,,,0,0,0,0,0
83.0191,1783969934.7859,3,0,0.5000,-0.0000,1.42244,0.00069,-2.63052,1.05907,1.57084,0.11672,-0.12762,-0.48153,0.03738,,,,,,,,,,,,,,,,,,,,,,,,,,0,0,0,0,0
83.0194,1783969934.7862,3,0,0.5000,-0.0000,1.42244,0.00069,-2.63052,1.05907,1.57084,0.11672,-0.12762,-0.48153,0.03738,,,,,,,,,,,,,,,,,,,,,,,,,,0,0,0,0,0
83.0280,1783969934.7948,3,0,0.5000,-0.0000,1.42244,0.00069,-2.63052,1.05907,1.57084,0.11672,-0.12762,-0.48153,0.03738,,,,,,,,,,,,,,,,,,,,,,,,,,0,0,0,0,0
83.0292,1783969934.7960,3,0,0.5000,-0.0000,1.42244,0.00069,-2.63052,1.05907,1.57084,0.11672,-0.12762,-0.48153,0.03738,,,,,,,,,,,,,,,,,,,,,,,,,,0,0,0,0,0
83.0295,1783969934.7962,3,0,0.5000,-0.0000,1.42244,0.00069,-2.63052,1.05907,1.57084,0.11672,-0.12762,-0.48153,0.03738,,,,,,,,,,,,,,,,,,,,,,,,,,0,0,0,0,0
83.0381,1783969934.8049,3,0,0.5000,-0.0000,1.42244,0.00069,-2.63052,1.05907,1.57084,0.11672,-0.12762,-0.48153,0.03738,,,,,,,,,,,,,,,,,,,,,,,,,,0,0,0,0,0
83.0850,1783969934.8518,3,0,0.5000,-0.0000,1.42244,0.00069,-2.63052,1.05907,1.57084,0.11672,-0.12762,-0.48153,0.03738,,,,,,,,,,,,,,,,,,,,,,,,,,0,0,0,0,0
83.0936,1783969934.8604,3,0,0.5000,-0.0000,1.42244,0.00069,-2.63052,1.05907,1.57084,0.11672,-0.12762,-0.48153,0.03738,,,,,,,,,,,,,,,,,,,,,,,,,,0,0,0,0,0
83.1846,1783969934.9514,3,0,0.5000,-0.0000,1.42244,0.00069,-2.63052,1.05907,1.57084,0.11672,-0.12762,-0.48153,0.03738,,,,,,,,,,,,,,,,,,,,,,,,,,0,0,0,0,0
83.2229,1783969934.9897,3,0,0.5000,-0.0000,1.42244,0.00069,-2.63052,1.05907,1.57084,0.11672,-0.12762,-0.48153,0.03738,,,,,,,,,,,,,,,,,,,,,,,,,,0,0,0,0,0
83.2258,1783969934.9926,3,0,0.5000,-0.0000,1.42244,0.00069,-2.63052,1.05907,1.57084,0.11672,-0.12762,-0.48153,0.03738,,,,,,,,,,,,,,,,,,,,,,,,,,0,0,0,0,0
83.2264,1783969934.9931,3,0,0.5000,-0.0000,1.42244,0.00069,-2.63052,1.05907,1.57084,0.11672,-0.12762,-0.48153,0.03738,,,,,,,,,,,,,,,,,,,,,,,,,,0,0,0,0,0
83.2272,1783969934.9940,3,0,0.5000,-0.0000,1.42244,0.00069,-2.63052,1.05907,1.57084,0.11672,-0.12762,-0.48153,0.03738,,,,,,,,,,,,,,,,,,,,,,,,,,0,0,0,0,0
83.2275,1783969934.9942,3,0,0.5000,-0.0000,1.42244,0.00069,-2.63052,1.05907,1.57084,0.11672,-0.12762,-0.48153,0.03738,,,,,,,,,,,,,,,,,,,,,,,,,,0,0,0,0,0
83.2286,1783969934.9954,3,0,0.5000,-0.0000,1.42244,0.00069,-2.63052,1.05907,1.57084,0.11672,-0.12762,-0.48153,0.03738,,,,,,,,,,,,,,,,,,,,,,,,,,0,0,0,0,0
83.2289,1783969934.9956,3,0,0.5000,-0.0000,1.42244,0.00069,-2.63052,1.05907,1.57084,0.11672,-0.12762,-0.48153,0.03738,,,,,,,,,,,,,,,,,,,,,,,,,,0,0,0,0,0
83.2494,1783969935.0161,3,0,0.5000,-0.0000,1.42244,0.00069,-2.63052,1.05907,1.57084,0.11672,-0.12762,-0.48153,0.03738,,,,,,,,,,,,,,,,,,,,,,,,,,0,0,0,0,0
83.2575,1783969935.0243,3,0,0.5000,-0.0000,1.42244,0.00069,-2.63052,1.05907,1.57084,0.11672,-0.12762,-0.48153,0.03738,,,,,,,,,,,,,,,,,,,,,,,,,,0,0,0,0,0
83.2748,1783969935.0416,3,0,0.5000,-0.0000,1.42244,0.00069,-2.63052,1.05907,1.57084,0.11672,-0.12762,-0.48153,0.03738,,,,,,,,,,,,,,,,,,,,,,,,,,0,0,0,0,0
83.2766,1783969935.0434,3,0,0.5000,-0.0000,1.42244,0.00069,-2.63052,1.05907,1.57084,0.11672,-0.12762,-0.48153,0.03738,,,,,,,,,,,,,,,,,,,,,,,,,,0,0,0,0,0
83.2770,1783969935.0437,3,0,0.5000,-0.0000,1.42244,0.00069,-2.63052,1.05907,1.57084,0.11672,-0.12762,-0.48153,0.03738,,,,,,,,,,,,,,,,,,,,,,,,,,0,0,0,0,0
83.2863,1783969935.0530,3,0,0.5000,-0.0000,1.42244,0.00069,-2.63052,1.05907,1.57084,0.11672,-0.12762,-0.48153,0.03738,,,,,,,,,,,,,,,,,,,,,,,,,,0,0,0,0,0
83.2888,1783969935.0555,3,0,0.5000,-0.0000,1.42244,0.00069,-2.63052,1.05907,1.57084,0.11672,-0.12762,-0.48153,0.03738,,,,,,,,,,,,,,,,,,,,,,,,,,0,0,0,0,0
83.2949,1783969935.0617,3,0,0.5000,-0.0000,1.42244,0.00069,-2.63052,1.05907,1.57084,0.11672,-0.12762,-0.48153,0.03738,,,,,,,,,,,,,,,,,,,,,,,,,,0,0,0,0,0
83.3056,1783969935.0724,3,0,0.5000,-0.0000,1.42244,0.00069,-2.63052,1.05907,1.57084,0.11672,-0.12762,-0.48153,0.03738,,,,,,,,,,,,,,,,,,,,,,,,,,0,0,0,0,0
83.3136,1783969935.0803,3,0,0.5000,-0.0000,1.42244,0.00069,-2.63052,1.05907,1.57084,0.11672,-0.12762,-0.48153,0.03738,,,,,,,,,,,,,,,,,,,,,,,,,,0,0,0,0,0
83.3179,1783969935.0847,3,0,0.5000,-0.0000,1.42244,0.00069,-2.63052,1.05907,1.57084,0.11672,-0.12762,-0.48153,0.03738,,,,,,,,,,,,,,,,,,,,,,,,,,0,0,0,0,0
83.3185,1783969935.0852,3,0,0.5000,-0.0000,1.42244,0.00069,-2.63052,1.05907,1.57084,0.11672,-0.12762,-0.48153,0.03738,,,,,,,,,,,,,,,,,,,,,,,,,,0,0,0,0,0
83.3189,1783969935.0857,3,0,0.5000,-0.0000,1.42244,0.00069,-2.63052,1.05907,1.57084,0.11672,-0.12762,-0.48153,0.03738,,,,,,,,,,,,,,,,,,,,,,,,,,0,0,0,0,0
83.3215,1783969935.0883,3,0,0.5000,-0.0000,1.42244,0.00069,-2.63052,1.05907,1.57084,0.11672,-0.12762,-0.48153,0.03738,,,,,,,,,,,,,,,,,,,,,,,,,,0,0,0,0,0
83.3226,1783969935.0894,3,0,0.5000,-0.0000,1.42244,0.00069,-2.63052,1.05907,1.57084,0.11672,-0.12762,-0.48153,0.03738,,,,,,,,,,,,,,,,,,,,,,,,,,0,0,0,0,0
83.3231,1783969935.0898,3,0,0.5000,-0.0000,1.42244,0.00069,-2.63052,1.05907,1.57084,0.11672,-0.12762,-0.48153,0.03738,,,,,,,,,,,,,,,,,,,,,,,,,,0,0,0,0,0
83.3254,1783969935.0922,3,0,0.5000,-0.0000,1.42244,0.00069,-2.63052,1.05907,1.57084,0.11672,-0.12762,-0.48153,0.03738,,,,,,,,,,,,,,,,,,,,,,,,,,0,0,0,0,0
83.3257,1783969935.0925,3,0,0.5000,-0.0000,1.42244,0.00069,-2.63052,1.05907,1.57084,0.11672,-0.12762,-0.48153,0.03738,,,,,,,,,,,,,,,,,,,,,,,,,,0,0,0,0,0
83.3268,1783969935.0936,3,0,0.5000,-0.0000,1.42244,0.00069,-2.63052,1.05907,1.57084,0.11672,-0.12762,-0.48153,0.03738,,,,,,,,,,,,,,,,,,,,,,,,,,0,0,0,0,0
83.3301,1783969935.0969,3,0,0.5000,-0.0000,1.42244,0.00069,-2.63052,1.05907,1.57084,0.11672,-0.12762,-0.48153,0.03738,,,,,,,,,,,,,,,,,,,,,,,,,,0,0,0,0,0
83.3378,1783969935.1046,3,0,0.5000,-0.0000,1.42244,0.00069,-2.63052,1.05907,1.57084,0.11672,-0.12762,-0.48153,0.03738,,,,,,,,,,,,,,,,,,,,,,,,,,0,0,0,0,0
83.3382,1783969935.1049,3,0,0.5000,-0.0000,1.42244,0.00069,-2.63052,1.05907,1.57084,0.11672,-0.12762,-0.48153,0.03738,,,,,,,,,,,,,,,,,,,,,,,,,,0,0,0,0,0
83.3395,1783969935.1063,3,0,0.5000,-0.0000,1.42244,0.00069,-2.63052,1.05907,1.57084,0.11672,-0.12762,-0.48153,0.03738,,,,,,,,,,,,,,,,,,,,,,,,,,0,0,0,0,0
83.3399,1783969935.1067,3,0,0.5000,-0.0000,1.42244,0.00069,-2.63052,1.05907,1.57084,0.11672,-0.12762,-0.48153,0.03738,,,,,,,,,,,,,,,,,,,,,,,,,,0,0,0,0,0
83.3440,1783969935.1108,3,0,0.5000,-0.0000,1.42244,0.00069,-2.63052,1.05907,1.57084,0.11672,-0.12762,-0.48153,0.03738,,,,,,,,,,,,,,,,,,,,,,,,,,0,0,0,0,0
83.3480,1783969935.1148,3,0,0.5000,-0.0000,1.42244,0.00069,-2.63052,1.05907,1.57084,0.11672,-0.12762,-0.48153,0.03738,,,,,,,,,,,,,,,,,,,,,,,,,,0,0,0,0,0
83.3595,1783969935.1263,3,0,0.5000,-0.0000,1.42244,0.00069,-2.63052,1.05907,1.57084,0.11672,-0.12762,-0.48153,0.03738,,,,,,,,,,,,,,,,,,,,,,,,,,0,0,0,0,0
